-2.902738950246786044e+04
-3.043197671186399020e+04
-3.043197671186399020e+04
-3.043197671186399020e+04
-3.066105108274317172e+04
-3.066117413503125863e+04
-3.066117413503125863e+04
-3.066117413503125863e+04
-3.066444851638107866e+04
-3.066444851638107866e+04
-3.066444851638107866e+04
-3.066444851638107866e+04
-3.066452312082028584e+04
-3.066526592872870970e+04
-3.066526592872870970e+04
-3.066526592872870970e+04
-3.066526592872870970e+04
-3.066526592872870970e+04
-3.066526592872870970e+04
-3.066526592872870970e+04
-3.066526592872870970e+04
-3.066526592872870970e+04
-3.066526592872870970e+04
-3.066526592872870970e+04
-3.066526592872870970e+04
-3.066526592872870970e+04
-3.066526592872870970e+04
-3.066526592872870970e+04
-3.066526592872870970e+04
-3.066526592872870970e+04
-3.066526592872870970e+04
-3.066526592872870970e+04
-3.066526592872870970e+04
-3.066526592872870970e+04
-3.066526592872870970e+04
-3.066526592872870970e+04
-3.066526592872870970e+04
-3.066526592872870970e+04
-3.066526592872870970e+04
-3.066526592872870970e+04
-3.066526592872870970e+04
-3.066526592872870970e+04
-3.066526592872870970e+04
-3.066526592872870970e+04
-3.066526592872870970e+04
-3.066526592872870970e+04
-3.066526592872870970e+04
-3.066526592872870970e+04
-3.066526592872870970e+04
-3.066526592872870970e+04
-3.066526592872870970e+04
-3.066526592872870970e+04
-3.066526592872870970e+04
-3.066526592872870970e+04
-3.066526592872870970e+04
-3.066526592872870970e+04
-3.066526592872870970e+04
-3.066526592872870970e+04
-3.066526592872870970e+04
-3.066526592872870970e+04
-3.066526592872870970e+04
-3.066526592872870970e+04
-3.066526592872870970e+04
-3.066526592872870970e+04
-3.066526592872870970e+04
-3.066526592872870970e+04
-3.066526592872870970e+04
-3.066526592872870970e+04
-3.066526592872870970e+04
-3.066526592872870970e+04
-3.066526592872870970e+04
-3.066526592872870970e+04
-3.066526592872870970e+04
-3.066526592872870970e+04
-3.066526592872870970e+04
-3.066526592872870970e+04
-3.066526592872870970e+04
-3.066526592872870970e+04
-3.066526592872870970e+04
-3.066526592872870970e+04
-3.066526592872870970e+04
-3.066526592872870970e+04
-3.066526592872870970e+04
-3.066526592872870970e+04
-3.066526592872870970e+04
-3.066526592872870970e+04
-3.066526592872870970e+04
-3.066526592872870970e+04
-3.066526592872870970e+04
-3.066526592872870970e+04
-3.066526592872870970e+04
-3.066526592872870970e+04
-3.066526592872870970e+04
-3.066547045922844336e+04
-3.066547045922844336e+04
-3.066547045922844336e+04
-3.066547045922844336e+04
-3.066547045922844336e+04
-3.066547045922844336e+04
-3.066547045922844336e+04
-3.066547045922844336e+04
-3.066547045922844336e+04
-3.066547045922844336e+04
-3.066547045922844336e+04
-3.066547045922844336e+04
-3.066547045922844336e+04
-3.066547045922844336e+04
-3.066547045922844336e+04
-3.066547045922844336e+04
-3.066547045922844336e+04
-3.066547045922844336e+04
-3.066547045922844336e+04
-3.066547045922844336e+04
-3.066547045922844336e+04
-3.066547045922844336e+04
-3.066547045922844336e+04
-3.066547045922844336e+04
-3.066547045922844336e+04
-3.066547045922844336e+04
-3.066547045922844336e+04
-3.066547045922844336e+04
-3.066547045922844336e+04
-3.066547045922844336e+04
-3.066547045922844336e+04
-3.066547045922844336e+04
-3.066547045922844336e+04
-3.066547045922844336e+04
-3.066547045922844336e+04
-3.066547045922844336e+04
-3.066547045922844336e+04
-3.066547045922844336e+04
-3.066547045922844336e+04
-3.066547045922844336e+04
-3.066547045922844336e+04
-3.066547045922844336e+04
