-3.101039049372867885e+04
-3.101039049372867885e+04
-3.102243359073737156e+04
-3.102243929075137567e+04
-3.102243929075137567e+04
-3.102243929075137567e+04
-3.102446268995783612e+04
-3.102478060906529208e+04
-3.102518759943296754e+04
-3.102518759943296754e+04
-3.102518759943296754e+04
-3.102536542390959221e+04
-3.102536542390959221e+04
-3.102536542390959221e+04
-3.102536542390959221e+04
-3.102551151489059703e+04
-3.102551151489059703e+04
-3.102551151489059703e+04
-3.102551151489059703e+04
-3.102554805995295465e+04
-3.102554805995295465e+04
-3.102554805995295465e+04
-3.102554805995295465e+04
-3.102554805995295465e+04
-3.102554805995295465e+04
-3.102554805995295465e+04
-3.102554805995295465e+04
-3.102554805995295465e+04
-3.102554805995295465e+04
-3.102554805995295465e+04
-3.102554805995295465e+04
-3.102554805995295465e+04
-3.102554805995295465e+04
-3.102554805995295465e+04
-3.102554805995295465e+04
-3.102554805995295465e+04
-3.102554805995295465e+04
-3.102554805995295465e+04
-3.102554805995295465e+04
-3.102554805995295465e+04
-3.102554805995295465e+04
-3.102554805995295465e+04
-3.102554805995295465e+04
-3.102554805995295465e+04
-3.102554805995295465e+04
-3.102554805995295465e+04
-3.102554805995295465e+04
-3.102554805995295465e+04
-3.102554805995295465e+04
-3.102554805995295465e+04
-3.102554805995295465e+04
-3.102554805995295465e+04
-3.102554805995295465e+04
-3.102554805995295465e+04
-3.102554805995295465e+04
-3.102554805995295465e+04
-3.102554805995295465e+04
-3.102554805995295465e+04
-3.102554805995295465e+04
-3.102554805995295465e+04
-3.102554805995295465e+04
-3.102554805995295465e+04
-3.102554805995295465e+04
-3.102554805995295465e+04
-3.102554805995295465e+04
-3.102554805995295465e+04
-3.102554805995295465e+04
-3.102554805995295465e+04
-3.102554805995295465e+04
-3.102554805995295465e+04
-3.102554805995295465e+04
-3.102554805995295465e+04
-3.102554805995295465e+04
-3.102554805995295465e+04
-3.102554805995295465e+04
-3.102554805995295465e+04
-3.102554805995295465e+04
-3.102554805995295465e+04
-3.102554805995295465e+04
-3.102554805995295465e+04
-3.102554805995295465e+04
-3.102554805995295465e+04
-3.102554805995295465e+04
-3.102554805995295465e+04
-3.102554805995295465e+04
-3.102554805995295465e+04
-3.102554805995295465e+04
-3.102554805995295465e+04
-3.102554805995295465e+04
-3.102554805995295465e+04
-3.102554805995295465e+04
-3.102554805995295465e+04
-3.102554805995295465e+04
-3.102554805995295465e+04
-3.102554805995295465e+04
-3.102554805995295465e+04
-3.102554805995295465e+04
-3.102554805995295465e+04
-3.102554805995295465e+04
-3.102554805995295465e+04
-3.102554805995295465e+04
-3.102554805995295465e+04
-3.102554805995295465e+04
-3.102554805995295465e+04
-3.102554805995295465e+04
-3.102554805995295465e+04
-3.102554805995295465e+04
-3.102554805995295465e+04
-3.102554805995295465e+04
-3.102554805995295465e+04
-3.102554805995295465e+04
-3.102554805995295465e+04
-3.102554805995295465e+04
-3.102554805995295465e+04
-3.102554805995295465e+04
-3.102554805995295465e+04
-3.102554805995295465e+04
-3.102554805995295465e+04
-3.102554805995295465e+04
-3.102554805995295465e+04
-3.102554805995295465e+04
-3.102554805995295465e+04
-3.102554805995295465e+04
-3.102554805995295465e+04
-3.102554805995295465e+04
-3.102554805995295465e+04
-3.102554805995295465e+04
-3.102554805995295465e+04
-3.102554805995295465e+04
-3.102554805995295465e+04
-3.102554805995295465e+04
