-3.102251762893822888e+04
-3.102251762893822888e+04
-3.102251762893822888e+04
-3.102251762893822888e+04
-3.102251762893822888e+04
-3.102251762893822888e+04
-3.102251762893822888e+04
-3.102478070556242164e+04
-3.102478070556242164e+04
-3.102478070556242164e+04
-3.102478070556242164e+04
-3.102536540019932727e+04
-3.102536540019932727e+04
-3.102536540019932727e+04
-3.102536540019932727e+04
-3.102536540019932727e+04
-3.102536540019932727e+04
-3.102536540019932727e+04
-3.102536540019932727e+04
-3.102536540019932727e+04
-3.102536540019932727e+04
-3.102536540019932727e+04
-3.102536540019932727e+04
-3.102536540019932727e+04
-3.102536540019932727e+04
-3.102536540019932727e+04
-3.102536540019932727e+04
-3.102536540019932727e+04
-3.102536540019932727e+04
-3.102536540019932727e+04
-3.102536540019932727e+04
-3.102536540019932727e+04
-3.102536540019932727e+04
-3.102536540019932727e+04
-3.102536540019932727e+04
-3.102536540019932727e+04
-3.102536540019932727e+04
-3.102536540019932727e+04
-3.102536540019932727e+04
-3.102536540019932727e+04
-3.102536540019932727e+04
-3.102536540019932727e+04
-3.102536540019932727e+04
-3.102536540019932727e+04
-3.102536540019932727e+04
-3.102536540019932727e+04
-3.102536540019932727e+04
-3.102551151636070063e+04
-3.102551151636070063e+04
-3.102551151636070063e+04
-3.102551151636070063e+04
-3.102551151636070063e+04
-3.102551151636070063e+04
-3.102554805975730415e+04
-3.102554805975730415e+04
-3.102554805975730415e+04
-3.102554805975730415e+04
-3.102555719700320333e+04
-3.102555719700320333e+04
-3.102555719700320333e+04
-3.102555719700320333e+04
-3.102555948134380014e+04
-3.102555948134380014e+04
-3.102555948134380014e+04
-3.102555948134380014e+04
-3.102556005235524208e+04
-3.102556005235524208e+04
-3.102556005235524208e+04
-3.102556005235524208e+04
-3.102556019503490461e+04
-3.102556019503490461e+04
-3.102556019503490461e+04
-3.102556019503490461e+04
-3.102556019503490461e+04
-3.102556019503490461e+04
-3.102556019503490461e+04
-3.102556019503490461e+04
-3.102556019503490461e+04
-3.102556019503490461e+04
-3.102556019503490461e+04
-3.102556019503490461e+04
-3.102556019503490461e+04
-3.102556019503490461e+04
-3.102556023962728432e+04
-3.102556023962728432e+04
-3.102556023962728432e+04
-3.102556023962728432e+04
-3.102556023962728432e+04
-3.102556023962728432e+04
-3.102556023962728432e+04
-3.102556023962728432e+04
-3.102556023962728432e+04
-3.102556023962728432e+04
-3.102556023962728432e+04
-3.102556023962728432e+04
-3.102556023962728432e+04
-3.102556023962728432e+04
-3.102556023962728432e+04
-3.102556023962728432e+04
-3.102556023962728432e+04
-3.102556023962728432e+04
-3.102556023962728432e+04
-3.102556023962728432e+04
-3.102556023962728432e+04
-3.102556023962728432e+04
-3.102556023962728432e+04
-3.102556023962728432e+04
-3.102556023962728432e+04
-3.102556023962728432e+04
-3.102556023962728432e+04
-3.102556023962728432e+04
-3.102556023962728432e+04
-3.102556023962728432e+04
-3.102556023962728432e+04
-3.102556023962728432e+04
-3.102556023962728432e+04
-3.102556023962728432e+04
-3.102556023962728432e+04
-3.102556023962728432e+04
-3.102556023962728432e+04
-3.102556023962728432e+04
-3.102556023962728432e+04
-3.102556023962728432e+04
-3.102556023962728432e+04
-3.102556023962728432e+04
-3.102556023962728432e+04
-3.102556023962728432e+04
-3.102556023962728432e+04
-3.102556023962728432e+04
-3.102556023962728432e+04
-3.102556023962728432e+04
