-2.855606278014235068e+04
-2.855606278014235068e+04
-2.855606278014235068e+04
-3.102100823647016659e+04
-3.102210664990610530e+04
-3.102243779038119828e+04
-3.102243779038119828e+04
-3.102478025470624198e+04
-3.102503869422728894e+04
-3.102503869422728894e+04
-3.102503869422728894e+04
-3.102536529224544211e+04
-3.102536529224544211e+04
-3.102536529224544211e+04
-3.102536529224544211e+04
-3.102536529224544211e+04
-3.102536529224544211e+04
-3.102536529224544211e+04
-3.102536529224544211e+04
-3.102536529224544211e+04
-3.102536529224544211e+04
-3.102536529224544211e+04
-3.102536529224544211e+04
-3.102536529224544211e+04
-3.102536529224544211e+04
-3.102536529224544211e+04
-3.102536529224544211e+04
-3.102536529224544211e+04
-3.102536529224544211e+04
-3.102536529224544211e+04
-3.102536529224544211e+04
-3.102551151183382171e+04
-3.102551151183382171e+04
-3.102551151183382171e+04
-3.102551151183382171e+04
-3.102551151183382171e+04
-3.102551151183382171e+04
-3.102551151183382171e+04
-3.102551151183382171e+04
-3.102551151183382171e+04
-3.102551151183382171e+04
-3.102551151183382171e+04
-3.102551151183382171e+04
-3.102551151183382171e+04
-3.102551151183382171e+04
-3.102551151183382171e+04
-3.102551151183382171e+04
-3.102551151183382171e+04
-3.102551151183382171e+04
-3.102551151183382171e+04
-3.102551151183382171e+04
-3.102551151183382171e+04
-3.102551151183382171e+04
-3.102551151183382171e+04
-3.102551151183382171e+04
-3.102551151183382171e+04
-3.102551151183382171e+04
-3.102551151183382171e+04
-3.102551151183382171e+04
-3.102551151183382171e+04
-3.102551151183382171e+04
-3.102551151183382171e+04
-3.102551151183382171e+04
-3.102551151183382171e+04
-3.102551151183382171e+04
-3.102551151183382171e+04
-3.102551151183382171e+04
-3.102551151183382171e+04
-3.102551151183382171e+04
-3.102551151183382171e+04
-3.102551151183382171e+04
-3.102551151183382171e+04
-3.102551151183382171e+04
-3.102551151183382171e+04
-3.102551151183382171e+04
-3.102551151183382171e+04
-3.102551151183382171e+04
-3.102551151183382171e+04
-3.102551151183382171e+04
-3.102551151183382171e+04
-3.102551151183382171e+04
-3.102551151183382171e+04
-3.102551151183382171e+04
-3.102554805927152120e+04
-3.102554805927152120e+04
-3.102554805927152120e+04
-3.102554805927152120e+04
-3.102554805927152120e+04
-3.102554805927152120e+04
-3.102554805927152120e+04
-3.102554805927152120e+04
-3.102554805927152120e+04
-3.102554805927152120e+04
-3.102554805927152120e+04
-3.102554805927152120e+04
-3.102554805927152120e+04
-3.102554805927152120e+04
-3.102554805927152120e+04
-3.102554805927152120e+04
-3.102554805927152120e+04
-3.102554805927152120e+04
-3.102554805927152120e+04
-3.102554805927152120e+04
-3.102554805927152120e+04
-3.102554805927152120e+04
-3.102554805927152120e+04
-3.102554805927152120e+04
-3.102554805927152120e+04
-3.102554805927152120e+04
-3.102554805927152120e+04
-3.102554805927152120e+04
-3.102554805927152120e+04
-3.102554805927152120e+04
-3.102554805927152120e+04
-3.102554805927152120e+04
-3.102554805927152120e+04
-3.102554805927152120e+04
-3.102554805927152120e+04
-3.102554805927152120e+04
-3.102554805927152120e+04
-3.102554805927152120e+04
-3.102554805927152120e+04
-3.102554805927152120e+04
-3.102554805927152120e+04
-3.102554805927152120e+04
-3.102554805927152120e+04
-3.102554805927152120e+04
-3.102554805927152120e+04
-3.102554805927152120e+04
-3.102554805927152120e+04
-3.102554805927152120e+04
-3.102554805927152120e+04
-3.102554805927152120e+04
-3.102554805927152120e+04
-3.102554805927152120e+04
