-3.102223898022605863e+04
-3.102243502027113209e+04
-3.102243939534606761e+04
-3.102243939534606761e+04
-3.102478297415513953e+04
-3.102478297415513953e+04
-3.102478297415513953e+04
-3.102478297415513953e+04
-3.102536533518409124e+04
-3.102536533518409124e+04
-3.102536533518409124e+04
-3.102536533518409124e+04
-3.102536533518409124e+04
-3.102536533518409124e+04
-3.102536533518409124e+04
-3.102536533518409124e+04
-3.102536533518409124e+04
-3.102536533518409124e+04
-3.102536533518409124e+04
-3.102536533518409124e+04
-3.102536533518409124e+04
-3.102536533518409124e+04
-3.102536533518409124e+04
-3.102536533518409124e+04
-3.102536533518409124e+04
-3.102536533518409124e+04
-3.102536533518409124e+04
-3.102536533518409124e+04
-3.102536533518409124e+04
-3.102536533518409124e+04
-3.102536533518409124e+04
-3.102536533518409124e+04
-3.102536533518409124e+04
-3.102536533518409124e+04
-3.102536533518409124e+04
-3.102536533518409124e+04
-3.102536533518409124e+04
-3.102536533518409124e+04
-3.102536533518409124e+04
-3.102536533518409124e+04
-3.102536533518409124e+04
-3.102536533518409124e+04
-3.102536533518409124e+04
-3.102536533518409124e+04
-3.102536533518409124e+04
-3.102536533518409124e+04
-3.102536533518409124e+04
-3.102536533518409124e+04
-3.102536533518409124e+04
-3.102536533518409124e+04
-3.102551151238353486e+04
-3.102551151238353486e+04
-3.102551151238353486e+04
-3.102551151238353486e+04
-3.102554805935577315e+04
-3.102554805935577315e+04
-3.102554805935577315e+04
-3.102554805935577315e+04
-3.102554805935577315e+04
-3.102554805935577315e+04
-3.102555719675942237e+04
-3.102555719675942237e+04
-3.102555719675942237e+04
-3.102555719675942237e+04
-3.102555719675942237e+04
-3.102555719675942237e+04
-3.102555719675942237e+04
-3.102555719675942237e+04
-3.102555948108521261e+04
-3.102555948108521261e+04
-3.102555948108521261e+04
-3.102555948108521261e+04
-3.102555948108521261e+04
-3.102555948108521261e+04
-3.102555948108521261e+04
-3.102555948108521261e+04
-3.102555948108521261e+04
-3.102555948108521261e+04
-3.102555948108521261e+04
-3.102555948108521261e+04
-3.102555948108521261e+04
-3.102555948108521261e+04
-3.102555948108521261e+04
-3.102555948108521261e+04
-3.102555948108521261e+04
-3.102555948108521261e+04
-3.102555948108521261e+04
-3.102555948108521261e+04
-3.102555948108521261e+04
-3.102555948108521261e+04
-3.102555948108521261e+04
-3.102555948108521261e+04
-3.102555948108521261e+04
-3.102555948108521261e+04
-3.102555948108521261e+04
-3.102555948108521261e+04
-3.102555948108521261e+04
-3.102555948108521261e+04
-3.102555948108521261e+04
-3.102555948108521261e+04
-3.102555948108521261e+04
-3.102555948108521261e+04
-3.102555948108521261e+04
-3.102555948108521261e+04
-3.102555948108521261e+04
-3.102555948108521261e+04
-3.102555948108521261e+04
-3.102555948108521261e+04
-3.102555948108521261e+04
-3.102555948108521261e+04
-3.102555948108521261e+04
-3.102555948108521261e+04
-3.102555948108521261e+04
-3.102555948108521261e+04
-3.102555948108521261e+04
-3.102555948108521261e+04
-3.102555948108521261e+04
-3.102555948108521261e+04
-3.102555948108521261e+04
-3.102555948108521261e+04
-3.102555948108521261e+04
-3.102555948108521261e+04
-3.102555948108521261e+04
-3.102555948108521261e+04
-3.102555948108521261e+04
-3.102555948108521261e+04
-3.102555948108521261e+04
-3.102555948108521261e+04
-3.102555948108521261e+04
-3.102555948108521261e+04
-3.102555948108521261e+04
-3.102555948108521261e+04
