-1.049689235189365799e-01
-1.049689235189365799e-01
-1.049689235189365799e-01
-1.049689235189365799e-01
-1.049689235189365799e-01
-1.049689235189365799e-01
-1.049689235189365799e-01
-1.049689235189365799e-01
-1.049689235189365799e-01
-1.049689235189365799e-01
-1.410446626201612430e-01
-1.410446626201612430e-01
-1.410446626201612430e-01
-1.410446626201612430e-01
-1.410446626201612430e-01
-1.410446626201612430e-01
-1.410446626201612430e-01
-1.410446626201612430e-01
-1.410446626201612430e-01
-1.410446626201612430e-01
-1.534029311071935520e-01
-1.534029311071935520e-01
-1.534029311071935520e-01
-1.534029311071935520e-01
-1.534029311071935520e-01
-1.534029311071935520e-01
-1.534029311071935520e-01
-1.534029311071935520e-01
-1.534029311071935520e-01
-1.534029311071935520e-01
-1.534029311071935520e-01
-1.842498129932834683e-01
-1.842498129932834683e-01
-1.842498129932834683e-01
-1.842498129932834683e-01
-1.842498129932834683e-01
-1.842498129932834683e-01
-1.842498129932834683e-01
-1.842498129932834683e-01
-1.893106650575935301e-01
-1.893106650575935301e-01
-1.893106650575935301e-01
-1.900435366118612412e-01
-1.900435366118612412e-01
-1.900435366118612412e-01
-1.970100594782281112e-01
-1.970100594782281112e-01
-1.970100594782281112e-01
-1.970100594782281112e-01
-1.975866809870047147e-01
-1.975866809870047147e-01
-1.975866809870047147e-01
-1.975866809870047147e-01
-1.975866809870047147e-01
-1.975866809870047147e-01
-1.975866809870047147e-01
-1.975866809870047147e-01
-1.975866809870047147e-01
-1.975866809870047147e-01
-1.975866809870047147e-01
-1.975866809870047147e-01
-1.975866809870047147e-01
-1.975866809870047147e-01
-1.975866809870047147e-01
-1.975866809870047147e-01
-1.975866809870047147e-01
-1.975866809870047147e-01
-1.975866809870047147e-01
-1.975866809870047147e-01
-1.975866809870047147e-01
-1.975866809870047147e-01
-1.975866809870047147e-01
-1.975866809870047147e-01
-1.975866809870047147e-01
-1.975866809870047147e-01
-1.975866809870047147e-01
-1.975866809870047147e-01
-1.975866809870047147e-01
-1.975866809870047147e-01
-1.975866809870047147e-01
-1.975866809870047147e-01
-1.975866809870047147e-01
-1.975866809870047147e-01
-1.975866809870047147e-01
-1.975866809870047147e-01
-1.975866809870047147e-01
-1.975866809870047147e-01
-1.975866809870047147e-01
-1.975866809870047147e-01
-1.981064748457000424e-01
-1.981064748457000424e-01
-1.981064748457000424e-01
-1.982657267067778895e-01
-1.982657267067778895e-01
-1.982657267067778895e-01
-1.982657267067778895e-01
-1.982657267067778895e-01
-1.982657267067778895e-01
-1.982657267067778895e-01
-1.982657267067778895e-01
-1.982657267067778895e-01
-1.982657267067778895e-01
-1.982657267067778895e-01
-1.982657267067778895e-01
-1.982657267067778895e-01
-1.982657267067778895e-01
-1.982657267067778895e-01
-1.982657267067778895e-01
-1.982657267067778895e-01
-1.982657267067778895e-01
-1.982657267067778895e-01
-1.982657267067778895e-01
-1.986490820142895741e-01
-1.986490820142895741e-01
-1.986490820142895741e-01
-1.986490820142895741e-01
-1.986490820142895741e-01
-1.986490820142895741e-01
-1.986490820142895741e-01
-1.986490820142895741e-01
-1.986490820142895741e-01
-1.986490820142895741e-01
-1.986490820142895741e-01
-1.986490820142895741e-01
-1.986490820142895741e-01
-1.986490820142895741e-01
-1.986490820142895741e-01
-1.986490820142895741e-01
-1.986490820142895741e-01
-1.986490820142895741e-01
-1.986490820142895741e-01
-1.986490820142895741e-01
