-6.654343016139444011e-02
-6.654343016139444011e-02
-6.654343016139444011e-02
-6.654343016139444011e-02
-6.654343016139444011e-02
-6.654343016139444011e-02
-6.654343016139444011e-02
-6.654343016139444011e-02
-6.654343016139444011e-02
-6.654343016139444011e-02
-9.754422278884594677e-02
-9.937938585527161806e-02
-9.937938585527161806e-02
-9.937938585527161806e-02
-9.937938585527161806e-02
-9.937938585527161806e-02
-1.067342390862999757e-01
-1.168155271584965932e-01
-1.168155271584965932e-01
-1.275614993831602206e-01
-1.275614993831602206e-01
-1.275614993831602206e-01
-1.352805737932817054e-01
-1.352805737932817054e-01
-1.352805737932817054e-01
-1.352805737932817054e-01
-1.352805737932817054e-01
-1.352805737932817054e-01
-1.352805737932817054e-01
-1.352805737932817054e-01
-1.352805737932817054e-01
-1.352805737932817054e-01
-1.352805737932817054e-01
-1.352805737932817054e-01
-1.352805737932817054e-01
-1.352805737932817054e-01
-1.352805737932817054e-01
-1.374334850898772109e-01
-1.374334850898772109e-01
-1.374334850898772109e-01
-1.374334850898772109e-01
-1.374334850898772109e-01
-1.374334850898772109e-01
-1.374334850898772109e-01
-1.374334850898772109e-01
-1.374334850898772109e-01
-1.374334850898772109e-01
-1.374334850898772109e-01
-1.374334850898772109e-01
-1.374334850898772109e-01
-1.374334850898772109e-01
-1.536413237565946444e-01
-1.536413237565946444e-01
-1.536413237565946444e-01
-1.536413237565946444e-01
-1.536413237565946444e-01
-1.536413237565946444e-01
-1.536413237565946444e-01
-1.536413237565946444e-01
-1.536413237565946444e-01
-1.536413237565946444e-01
-1.536413237565946444e-01
-1.536413237565946444e-01
-1.536413237565946444e-01
-1.536413237565946444e-01
-1.536413237565946444e-01
-1.536413237565946444e-01
-1.536413237565946444e-01
-1.536413237565946444e-01
-1.536413237565946444e-01
-1.538721715259945555e-01
-1.538721715259945555e-01
-1.538721715259945555e-01
-1.538721715259945555e-01
-1.538721715259945555e-01
-1.538721715259945555e-01
-1.538721715259945555e-01
-1.538721715259945555e-01
-1.538721715259945555e-01
-1.538721715259945555e-01
-1.538721715259945555e-01
-1.538721715259945555e-01
-1.538721715259945555e-01
-1.538721715259945555e-01
-1.538721715259945555e-01
-1.538721715259945555e-01
-1.538721715259945555e-01
-1.580633284842065389e-01
-1.580633284842065389e-01
-1.580633284842065389e-01
-1.580633284842065389e-01
-1.580633284842065389e-01
-1.580633284842065389e-01
-1.580633284842065389e-01
-1.580633284842065389e-01
-1.580633284842065389e-01
-1.580633284842065389e-01
-1.580633284842065389e-01
-1.580633284842065389e-01
-1.580633284842065389e-01
-1.580633284842065389e-01
-1.580633284842065389e-01
-1.580633284842065389e-01
-1.580633284842065389e-01
-1.580633284842065389e-01
-1.580633284842065389e-01
-1.580633284842065389e-01
-1.580633284842065389e-01
-1.580633284842065389e-01
-1.580633284842065389e-01
-1.580633284842065389e-01
-1.580633284842065389e-01
-1.580633284842065389e-01
-1.580633284842065389e-01
-1.580633284842065389e-01
-1.580633284842065389e-01
-1.580633284842065389e-01
-1.580633284842065389e-01
-1.580633284842065389e-01
-1.580633284842065389e-01
-1.580633284842065389e-01
-1.580633284842065389e-01
-1.580633284842065389e-01
-1.580633284842065389e-01
-1.580633284842065389e-01
-1.580633284842065389e-01
-1.580633284842065389e-01
-1.580633284842065389e-01
-1.580633284842065389e-01
-1.580633284842065389e-01
-1.580633284842065389e-01
-1.580633284842065389e-01
