1.186679757298559207e-01
1.186679757298559207e-01
1.186679757298559207e-01
1.186679757298559207e-01
1.186679757298559207e-01
1.186679757298559207e-01
1.186679757298559207e-01
1.186679757298559207e-01
8.794465211425991913e-02
8.794465211425991913e-02
3.501854563302963380e-02
3.501854563302963380e-02
3.501854563302963380e-02
3.501854563302963380e-02
3.501854563302963380e-02
3.501854563302963380e-02
3.501854563302963380e-02
3.501854563302963380e-02
3.501854563302963380e-02
3.501854563302963380e-02
3.427836415126521430e-02
2.815255200220519866e-02
2.801847015433791416e-02
2.801847015433791416e-02
2.789829392001148822e-02
2.789829392001148822e-02
2.789829392001148822e-02
2.789829392001148822e-02
2.789829392001148822e-02
2.789829392001148822e-02
2.789829392001148822e-02
2.789829392001148822e-02
2.789829392001148822e-02
2.789829392001148822e-02
2.789829392001148822e-02
2.789829392001148822e-02
2.789829392001148822e-02
2.789829392001148822e-02
2.789829392001148822e-02
2.789829392001148822e-02
2.789829392001148822e-02
2.789829392001148822e-02
2.789829392001148822e-02
2.789829392001148822e-02
2.789829392001148822e-02
2.789829392001148822e-02
2.789829392001148822e-02
2.789829392001148822e-02
2.789829392001148822e-02
2.789829392001148822e-02
2.789829392001148822e-02
2.789829392001148822e-02
2.789829392001148822e-02
2.789829392001148822e-02
2.789829392001148822e-02
2.789829392001148822e-02
2.789829392001148822e-02
2.789829392001148822e-02
2.789829392001148822e-02
2.789829392001148822e-02
2.789829392001148822e-02
2.789829392001148822e-02
2.789829392001148822e-02
2.789829392001148822e-02
2.789829392001148822e-02
2.789829392001148822e-02
2.789829392001148822e-02
2.789829392001148822e-02
2.789829392001148822e-02
2.789829392001148822e-02
2.789829392001148822e-02
2.789829392001148822e-02
2.789829392001148822e-02
2.789829392001148822e-02
2.789829392001148822e-02
2.008705068467301486e-02
2.008705068467301486e-02
3.695151289652341860e-03
3.695151289652341860e-03
1.725154404545794877e-03
1.472089695413752401e-03
1.115974113127532127e-03
1.115974113127532127e-03
1.115974113127532127e-03
1.115974113127532127e-03
1.115974113127532127e-03
1.115974113127532127e-03
1.115974113127532127e-03
1.115974113127532127e-03
1.115974113127532127e-03
1.115974113127532127e-03
1.115974113127532127e-03
1.115974113127532127e-03
1.115974113127532127e-03
1.115974113127532127e-03
1.115974113127532127e-03
1.115974113127532127e-03
1.115974113127532127e-03
1.115974113127532127e-03
1.115974113127532127e-03
1.115974113127532127e-03
1.115974113127532127e-03
1.115974113127532127e-03
1.115974113127532127e-03
1.115974113127532127e-03
1.115974113127532127e-03
1.115974113127532127e-03
1.115974113127532127e-03
1.115974113127532127e-03
1.115974113127532127e-03
1.115974113127532127e-03
1.115974113127532127e-03
1.115974113127532127e-03
1.115974113127532127e-03
1.115974113127532127e-03
1.115974113127532127e-03
1.115974113127532127e-03
1.115974113127532127e-03
1.115974113127532127e-03
1.115974113127532127e-03
1.115974113127532127e-03
1.115974113127532127e-03
1.115974113127532127e-03
1.115974113127532127e-03
1.115974113127532127e-03
1.082394190516384330e-03
1.082394190516384330e-03
1.082394190516384330e-03
1.082394190516384330e-03
1.082394190516384330e-03
1.082394190516384330e-03
1.082394190516384330e-03
