4.846826505495162307e-02
4.846826505495162307e-02
4.846826505495162307e-02
4.846826505495162307e-02
4.846826505495162307e-02
4.846826505495162307e-02
4.846826505495162307e-02
4.846826505495162307e-02
4.846826505495162307e-02
4.750849445809988275e-02
4.750849445809988275e-02
4.750849445809988275e-02
4.750849445809988275e-02
4.533710406332371046e-02
3.728370346398854340e-02
3.728370346398854340e-02
3.728370346398854340e-02
3.728370346398854340e-02
3.728370346398854340e-02
3.728370346398854340e-02
3.728370346398854340e-02
3.728370346398854340e-02
3.728370346398854340e-02
3.728370346398854340e-02
3.728370346398854340e-02
3.728370346398854340e-02
3.725903144693074043e-02
3.725693987581967653e-02
3.725693987581967653e-02
3.725693987581967653e-02
3.725693987581967653e-02
3.725693987581967653e-02
3.725661243744422813e-02
3.725661243744422813e-02
3.725172277259829190e-02
3.724949745268844176e-02
3.724949745268844176e-02
3.724949745268844176e-02
3.724949745268844176e-02
3.724949745268844176e-02
3.724949745268844176e-02
3.724949745268844176e-02
3.724949745268844176e-02
3.724949745268844176e-02
3.724949745268844176e-02
3.724949745268844176e-02
3.724949745268844176e-02
3.724949745268844176e-02
3.724949745268844176e-02
3.724949745268844176e-02
3.724949745268844176e-02
3.724949745268844176e-02
3.724949745268844176e-02
3.724949745268844176e-02
3.724949745268844176e-02
3.724949745268844176e-02
3.724949745268844176e-02
3.724949745268844176e-02
3.724949745268844176e-02
3.724949745268844176e-02
3.724949745268844176e-02
3.724949745268844176e-02
3.724949745268844176e-02
3.724949745268844176e-02
3.724949745268844176e-02
3.724949745268844176e-02
3.724949745268844176e-02
3.724949745268844176e-02
3.724949745268844176e-02
3.724949745268844176e-02
3.724949745268844176e-02
3.724949745268844176e-02
3.724949745268844176e-02
3.724949745268844176e-02
3.724949745268844176e-02
3.724949745268844176e-02
3.724949745268844176e-02
3.724949745268844176e-02
3.724949745268844176e-02
3.724949745268844176e-02
3.724949745268844176e-02
3.724949745268844176e-02
3.724949745268844176e-02
3.724949745268844176e-02
3.724949745268844176e-02
3.724949745268844176e-02
3.724949745268844176e-02
3.724949745268844176e-02
3.724949745268844176e-02
3.724949745268844176e-02
3.724949745268844176e-02
3.724949745268844176e-02
3.724949745268844176e-02
3.724949745268844176e-02
3.724949745268844176e-02
3.724949745268844176e-02
3.724949745268844176e-02
3.724949745268844176e-02
3.724949745268844176e-02
3.724949745268844176e-02
3.724949745268844176e-02
3.724949745268844176e-02
3.724949745268844176e-02
3.724949745268844176e-02
3.724949745268844176e-02
3.724949745268844176e-02
3.724949745268844176e-02
3.724949745268844176e-02
3.724949745268844176e-02
3.724949745268844176e-02
3.724949745268844176e-02
3.724949745268844176e-02
3.724949745268844176e-02
3.724949745268844176e-02
3.724949745268844176e-02
3.724949745268844176e-02
3.724949745268844176e-02
3.724949745268844176e-02
3.724949745268844176e-02
3.724949745268844176e-02
3.724949745268844176e-02
3.724949745268844176e-02
3.724949745268844176e-02
3.724949745268844176e-02
3.724949745268844176e-02
3.724949745268844176e-02
3.724949745268844176e-02
3.724949745268844176e-02
3.724949745268844176e-02
3.724949745268844176e-02
3.724949745268844176e-02
3.724949745268844176e-02
