-4.440131812342762441e-02
-4.440131812342762441e-02
-8.089833578127059166e-02
-1.108053468173353373e-01
-1.108053468173353373e-01
-1.108053468173353373e-01
-1.151329153000815037e-01
-1.151329153000815037e-01
-1.151329153000815037e-01
-1.151329153000815037e-01
-1.151329153000815037e-01
-1.151329153000815037e-01
-1.151329153000815037e-01
-1.151329153000815037e-01
-1.151329153000815037e-01
-1.151329153000815037e-01
-1.151329153000815037e-01
-1.151329153000815037e-01
-1.151329153000815037e-01
-1.686527133786191179e-01
-1.686527133786191179e-01
-1.686527133786191179e-01
-1.807764484386104042e-01
-1.807764484386104042e-01
-1.807764484386104042e-01
-1.807764484386104042e-01
-1.807764484386104042e-01
-1.807764484386104042e-01
-1.807764484386104042e-01
-1.807764484386104042e-01
-1.807764484386104042e-01
-1.807764484386104042e-01
-1.895238939897021802e-01
-1.895238939897021802e-01
-1.895238939897021802e-01
-1.895238939897021802e-01
-1.895238939897021802e-01
-1.895238939897021802e-01
-1.895238939897021802e-01
-1.895238939897021802e-01
-1.895238939897021802e-01
-1.895238939897021802e-01
-1.919674496736910041e-01
-1.919674496736910041e-01
-1.919674496736910041e-01
-1.919674496736910041e-01
-1.919674496736910041e-01
-1.919674496736910041e-01
-1.919674496736910041e-01
-1.919674496736910041e-01
-1.919674496736910041e-01
-1.919674496736910041e-01
-1.925094392259575626e-01
-1.925094392259575626e-01
-1.925094392259575626e-01
-1.925094392259575626e-01
-1.925094392259575626e-01
-1.925094392259575626e-01
-1.925094392259575626e-01
-1.925094392259575626e-01
-1.925094392259575626e-01
-1.925094392259575626e-01
-1.925094392259575626e-01
-1.925094392259575626e-01
-1.925094392259575626e-01
-1.925094392259575626e-01
-1.925094392259575626e-01
-1.925094392259575626e-01
-1.925094392259575626e-01
-1.929090309665128511e-01
-1.929090309665128511e-01
-1.929090309665128511e-01
-1.929090309665128511e-01
-1.929090309665128511e-01
-1.929090309665128511e-01
-1.929090309665128511e-01
-1.929090309665128511e-01
-1.929090309665128511e-01
-1.929090309665128511e-01
-1.929090309665128511e-01
-1.929090309665128511e-01
-1.929090309665128511e-01
-1.929090309665128511e-01
-1.929090309665128511e-01
-1.929090309665128511e-01
-1.929090309665128511e-01
-1.929090309665128511e-01
-1.929090309665128511e-01
-1.929090309665128511e-01
-1.929090309665128511e-01
-1.929090309665128511e-01
-1.929090309665128511e-01
-1.929090309665128511e-01
-1.929090309665128511e-01
-1.929090309665128511e-01
-1.929090309665128511e-01
-1.929090309665128511e-01
-1.934855931446901600e-01
-1.934855931446901600e-01
-1.934855931446901600e-01
-1.934855931446901600e-01
-1.934855931446901600e-01
-1.934855931446901600e-01
-1.934855931446901600e-01
-1.934855931446901600e-01
-1.934855931446901600e-01
-1.934855931446901600e-01
-1.934855931446901600e-01
-1.934855931446901600e-01
-1.934855931446901600e-01
-1.934855931446901600e-01
-1.934855931446901600e-01
-1.934855931446901600e-01
-1.934855931446901600e-01
-1.934855931446901600e-01
-1.934855931446901600e-01
-1.934855931446901600e-01
-1.934855931446901600e-01
-1.934855931446901600e-01
-1.934855931446901600e-01
-1.934855931446901600e-01
-1.934855931446901600e-01
-1.934855931446901600e-01
-1.934855931446901600e-01
-1.934855931446901600e-01
-1.934855931446901600e-01
-1.934855931446901600e-01
-1.934855931446901600e-01
-1.934855931446901600e-01
-1.934855931446901600e-01
-1.934855931446901600e-01
-1.934855931446901600e-01
