2.570605035074220231e-63
2.570605035074220231e-63
2.570605035074220231e-63
2.570605035074220231e-63
2.570605035074220231e-63
2.570605035074220231e-63
2.570605035074220231e-63
2.570605035074220231e-63
2.570605035074220231e-63
2.570605035074220231e-63
2.570605035074220231e-63
2.570605035074220231e-63
2.570605035074220231e-63
2.570605035074220231e-63
2.570605035074220231e-63
2.570605035074220231e-63
2.570605035074220231e-63
2.570605035074220231e-63
2.570605035074220231e-63
2.570605035074220231e-63
2.570605035074220231e-63
2.570605035074220231e-63
2.570605035074220231e-63
2.570605035074220231e-63
2.570605035074220231e-63
2.570605035074220231e-63
2.570605035074220231e-63
2.570605035074220231e-63
2.570605035074220231e-63
2.570605035074220231e-63
2.570605035074220231e-63
2.570605035074220231e-63
2.570605035074220231e-63
2.570605035074220231e-63
2.570605035074220231e-63
2.570605035074220231e-63
2.570605035074220231e-63
2.570605035074220231e-63
2.570605035074220231e-63
2.570605035074220231e-63
2.570605035074220231e-63
2.570605035074220231e-63
2.570605035074220231e-63
