2.879077639283126011e-63
2.879077639283126011e-63
2.879077639283126011e-63
2.879077639283126011e-63
2.879077639283126011e-63
2.879077639283126011e-63
2.879077639283126011e-63
2.879077639283126011e-63
2.879077639283126011e-63
2.879077639283126011e-63
2.879077639283126011e-63
2.879077639283126011e-63
2.879077639283126011e-63
2.879077639283126011e-63
2.879077639283126011e-63
2.879077639283126011e-63
2.879077639283126011e-63
2.879077639283126011e-63
2.879077639283126011e-63
2.879077639283126011e-63
2.879077639283126011e-63
2.879077639283126011e-63
2.879077639283126011e-63
2.879077639283126011e-63
2.879077639283126011e-63
2.879077639283126011e-63
2.879077639283126011e-63
2.879077639283126011e-63
2.879077639283126011e-63
2.879077639283126011e-63
2.879077639283126011e-63
2.879077639283126011e-63
2.879077639283126011e-63
2.879077639283126011e-63
2.879077639283126011e-63
2.879077639283126011e-63
2.879077639283126011e-63
2.879077639283126011e-63
2.879077639283126011e-63
2.879077639283126011e-63
2.879077639283126011e-63
2.879077639283126011e-63
2.879077639283126011e-63
2.879077639283126011e-63
2.879077639283126011e-63
2.879077639283126011e-63
2.879077639283126011e-63
2.879077639283126011e-63
2.879077639283126011e-63
2.879077639283126011e-63
2.879077639283126011e-63
2.879077639283126011e-63
2.879077639283126011e-63
2.879077639283126011e-63
2.879077639283126011e-63
2.879077639283126011e-63
2.879077639283126011e-63
2.879077639283126011e-63
2.879077639283126011e-63
2.879077639283126011e-63
2.879077639283126011e-63
2.879077639283126011e-63
2.879077639283126011e-63
2.879077639283126011e-63
2.879077639283126011e-63
2.879077639283126011e-63
2.879077639283126011e-63
2.879077639283126011e-63
2.879077639283126011e-63
2.879077639283126011e-63
2.879077639283126011e-63
2.879077639283126011e-63
2.879077639283126011e-63
2.879077639283126011e-63
2.879077639283126011e-63
2.879077639283126011e-63
2.879077639283126011e-63
2.879077639283126011e-63
2.879077639283126011e-63
2.879077639283126011e-63
2.879077639283126011e-63
2.879077639283126011e-63
2.879077639283126011e-63
