1.354666430338508462e+03
1.324788886001780838e+03
1.324788886001780838e+03
1.324788886001780838e+03
1.324788886001780838e+03
1.277267786377610946e+03
1.277267786377610946e+03
1.277267786377610946e+03
1.277267786377610946e+03
1.277267786377610946e+03
1.277267786377610946e+03
1.277267786377610946e+03
1.277267786377610946e+03
1.206278271868092588e+03
1.206278271868092588e+03
1.206278271868092588e+03
1.181659946453957673e+03
9.341790428253580103e+02
8.784144981340429013e+02
8.784144981340429013e+02
8.784144981340429013e+02
8.784144981340429013e+02
8.784144981340429013e+02
8.784144981340429013e+02
8.784144981340429013e+02
8.784144981340429013e+02
8.784144981340429013e+02
8.784144981340429013e+02
8.784144981340429013e+02
8.784144981340429013e+02
8.784144981340429013e+02
8.784144981340429013e+02
8.784144981340429013e+02
8.784144981340429013e+02
8.784144981340429013e+02
8.784144981340429013e+02
8.784144981340429013e+02
8.784144981340429013e+02
8.784144981340429013e+02
8.784144981340429013e+02
8.784144981340429013e+02
8.784144981340429013e+02
8.784144981340429013e+02
8.784144981340429013e+02
8.784144981340429013e+02
8.784144981340429013e+02
8.784144981340429013e+02
8.784144981340429013e+02
8.784144981340429013e+02
8.784144981340429013e+02
8.784144981340429013e+02
8.784144981340429013e+02
8.784144981340429013e+02
8.784144981340429013e+02
8.784144981340429013e+02
8.784144981340429013e+02
8.784144981340429013e+02
8.784144981340429013e+02
8.784144981340429013e+02
8.784144981340429013e+02
8.358308011205042476e+02
8.358308011205042476e+02
8.358308011205042476e+02
8.358308011205042476e+02
8.358308011205042476e+02
8.358308011205042476e+02
8.358308011205042476e+02
8.358308011205042476e+02
8.358308011205042476e+02
8.358308011205042476e+02
8.194081589148684088e+02
8.194081589148684088e+02
8.194081589148684088e+02
8.194081589148684088e+02
8.194081589148684088e+02
8.194081589148684088e+02
8.194081589148684088e+02
8.194081589148684088e+02
8.194081589148684088e+02
8.194081589148684088e+02
8.194081589148684088e+02
8.194081589148684088e+02
8.194081589148684088e+02
8.194081589148684088e+02
8.194081589148684088e+02
8.194081589148684088e+02
8.157419172254296882e+02
7.798122860037177588e+02
7.798122860037177588e+02
7.798122860037177588e+02
7.798122860037177588e+02
7.798122860037177588e+02
7.798122860037177588e+02
7.798122860037177588e+02
7.578246742907131193e+02
7.578246742907131193e+02
7.578246742907131193e+02
7.578246742907131193e+02
7.578246742907131193e+02
7.578246742907131193e+02
7.578246742907131193e+02
7.578246742907131193e+02
7.578246742907131193e+02
7.578246742907131193e+02
7.578246742907131193e+02
7.578246742907131193e+02
7.335241167038387857e+02
7.335241167038387857e+02
7.335241167038387857e+02
7.335241167038387857e+02
7.335241167038387857e+02
7.335241167038387857e+02
7.335241167038387857e+02
7.335241167038387857e+02
7.335241167038387857e+02
7.335241167038387857e+02
7.335241167038387857e+02
7.335241167038387857e+02
7.335241167038387857e+02
7.335241167038387857e+02
7.335241167038387857e+02
7.335241167038387857e+02
7.335241167038387857e+02
7.335241167038387857e+02
7.335241167038387857e+02
7.335241167038387857e+02
7.335241167038387857e+02
7.335241167038387857e+02
7.335241167038387857e+02
7.335241167038387857e+02
7.335241167038387857e+02
7.335241167038387857e+02
7.264664367756813590e+02
7.264664367756813590e+02
7.264664367756813590e+02
7.264664367756813590e+02
7.264664367756813590e+02
7.264664367756813590e+02
7.264664367756813590e+02
7.264664367756813590e+02
7.264664367756813590e+02
7.264664367756813590e+02
7.264664367756813590e+02
7.264664367756813590e+02
7.264664367756813590e+02
7.264664367756813590e+02
7.264664367756813590e+02
7.264664367756813590e+02
7.106014965849815326e+02
7.106014965849815326e+02
7.106014965849815326e+02
7.106014965849815326e+02
7.106014965849815326e+02
7.106014965849815326e+02
7.106014965849815326e+02
7.106014965849815326e+02
7.106014965849815326e+02
7.106014965849815326e+02
7.106014965849815326e+02
7.047224478169320037e+02
7.047224478169320037e+02
7.047224478169320037e+02
7.047224478169320037e+02
7.047224478169320037e+02
7.047224478169320037e+02
7.047224478169320037e+02
7.047224478169320037e+02
7.047224478169320037e+02
7.047224478169320037e+02
7.047224478169320037e+02
7.047224478169320037e+02
7.047224478169320037e+02
7.047224478169320037e+02
7.047224478169320037e+02
7.047224478169320037e+02
7.047224478169320037e+02
7.047224478169320037e+02
7.047224478169320037e+02
7.047224478169320037e+02
7.047224478169320037e+02
7.047224478169320037e+02
7.047224478169320037e+02
7.047224478169320037e+02
7.047224478169320037e+02
7.047224478169320037e+02
7.047224478169320037e+02
7.047224478169320037e+02
7.047224478169320037e+02
7.047224478169320037e+02
7.047224478169320037e+02
7.047224478169320037e+02
7.047224478169320037e+02
7.047224478169320037e+02
7.047224478169320037e+02
7.047224478169320037e+02
7.047224478169320037e+02
7.047224478169320037e+02
7.047224478169320037e+02
7.047224478169320037e+02
7.047224478169320037e+02
7.047224478169320037e+02
7.047224478169320037e+02
7.047224478169320037e+02
7.047224478169320037e+02
7.047224478169320037e+02
7.047224478169320037e+02
7.047224478169320037e+02
7.047224478169320037e+02
7.047224478169320037e+02
7.047224478169320037e+02
7.047224478169320037e+02
7.047224478169320037e+02
7.047224478169320037e+02
7.047224478169320037e+02
7.047224478169320037e+02
7.047224478169320037e+02
7.047224478169320037e+02
7.047224478169320037e+02
7.047224478169320037e+02
7.047224478169320037e+02
7.047224478169320037e+02
7.047224478169320037e+02
7.047224478169320037e+02
7.047224478169320037e+02
7.047224478169320037e+02
7.047224478169320037e+02
7.047224478169320037e+02
7.047224478169320037e+02
7.047224478169320037e+02
7.047224478169320037e+02
7.047224478169320037e+02
7.047224478169320037e+02
7.047224478169320037e+02
7.047224478169320037e+02
7.047224478169320037e+02
7.047224478169320037e+02
7.047224478169320037e+02
7.047224478169320037e+02
7.047224478169320037e+02
7.047224478169320037e+02
7.047224478169320037e+02
7.047224478169320037e+02
7.047224478169320037e+02
7.047224478169320037e+02
7.047224478169320037e+02
7.047224478169320037e+02
7.047224478169320037e+02
7.047224478169320037e+02
7.047224478169320037e+02
7.047224478169320037e+02
7.047224478169320037e+02
7.047224478169320037e+02
7.047224478169320037e+02
7.047224478169320037e+02
7.047224478169320037e+02
7.047224478169320037e+02
7.047224478169320037e+02
7.047224478169320037e+02
7.047224478169320037e+02
7.047224478169320037e+02
7.047224478169320037e+02
7.047224478169320037e+02
7.047224478169320037e+02
7.047224478169320037e+02
7.021003642235401685e+02
7.021003642235401685e+02
7.021003642235401685e+02
7.021003642235401685e+02
7.021003642235401685e+02
7.021003642235401685e+02
7.021003642235401685e+02
7.021003642235401685e+02
7.021003642235401685e+02
7.021003642235401685e+02
7.021003642235401685e+02
7.021003642235401685e+02
6.995598003912800777e+02
6.995598003912800777e+02
6.995598003912800777e+02
6.995598003912800777e+02
6.995598003912800777e+02
6.995598003912800777e+02
6.995598003912800777e+02
6.995598003912800777e+02
6.995598003912800777e+02
6.995598003912800777e+02
6.995598003912800777e+02
6.995598003912800777e+02
6.995598003912800777e+02
6.995598003912800777e+02
6.995598003912800777e+02
6.995598003912800777e+02
6.995598003912800777e+02
6.995598003912800777e+02
6.995598003912800777e+02
6.995598003912800777e+02
6.995598003912800777e+02
6.995598003912800777e+02
6.995598003912800777e+02
6.995598003912800777e+02
6.995598003912800777e+02
6.995598003912800777e+02
6.995598003912800777e+02
6.995598003912800777e+02
6.995598003912800777e+02
6.995598003912800777e+02
6.995598003912800777e+02
6.995598003912800777e+02
6.995598003912800777e+02
6.995598003912800777e+02
6.995598003912800777e+02
6.995598003912800777e+02
6.970902149869959885e+02
6.970902149869959885e+02
6.970902149869959885e+02
6.970902149869959885e+02
6.970902149869959885e+02
6.970902149869959885e+02
6.970902149869959885e+02
6.943391927571734641e+02
6.943391927571734641e+02
6.935763791429742469e+02
6.935763791429742469e+02
6.935763791429742469e+02
6.935763791429742469e+02
6.920752660359639776e+02
6.920752660359639776e+02
6.920752660359639776e+02
6.920752660359639776e+02
6.920752660359639776e+02
6.920752660359639776e+02
6.920752660359639776e+02
6.920752660359639776e+02
6.920752660359639776e+02
6.920752660359639776e+02
6.920752660359639776e+02
6.920752660359639776e+02
6.920752660359639776e+02
6.920752660359639776e+02
6.920752660359639776e+02
6.920752660359639776e+02
6.920752660359639776e+02
6.910683730444437742e+02
6.910683730444437742e+02
6.910683730444437742e+02
6.910683730444437742e+02
6.910683730444437742e+02
6.910683730444437742e+02
6.910683730444437742e+02
6.910683730444437742e+02
6.910683730444437742e+02
6.910683730444437742e+02
6.910683730444437742e+02
6.910683730444437742e+02
6.910683730444437742e+02
6.910683730444437742e+02
6.910683730444437742e+02
6.910683730444437742e+02
6.910683730444437742e+02
6.910683730444437742e+02
6.910683730444437742e+02
6.910683730444437742e+02
6.910683730444437742e+02
6.910683730444437742e+02
6.910683730444437742e+02
6.910683730444437742e+02
6.910683730444437742e+02
6.910683730444437742e+02
6.910683730444437742e+02
6.910683730444437742e+02
6.910683730444437742e+02
6.910683730444437742e+02
6.910683730444437742e+02
6.910683730444437742e+02
6.910683730444437742e+02
6.910683730444437742e+02
6.910683730444437742e+02
6.910683730444437742e+02
6.910683730444437742e+02
6.910683730444437742e+02
6.910683730444437742e+02
6.910683730444437742e+02
6.910683730444437742e+02
6.910683730444437742e+02
6.910683730444437742e+02
6.910683730444437742e+02
6.910683730444437742e+02
6.910683730444437742e+02
6.902607434358263845e+02
6.902607434358263845e+02
6.902607434358263845e+02
6.902607434358263845e+02
6.902607434358263845e+02
6.902607434358263845e+02
6.902607434358263845e+02
6.902607434358263845e+02
6.902607434358263845e+02
6.902607434358263845e+02
6.902607434358263845e+02
6.902607434358263845e+02
6.902607434358263845e+02
6.902607434358263845e+02
6.902607434358263845e+02
6.902607434358263845e+02
6.902607434358263845e+02
6.902607434358263845e+02
6.902607434358263845e+02
6.902607434358263845e+02
6.902607434358263845e+02
6.902607434358263845e+02
6.902607434358263845e+02
6.902607434358263845e+02
6.902607434358263845e+02
6.902607434358263845e+02
6.890690071971062025e+02
6.890690071971062025e+02
6.890690071971062025e+02
6.890690071971062025e+02
6.890690071971062025e+02
6.890690071971062025e+02
6.888256324379599391e+02
6.888256324379599391e+02
6.888256324379599391e+02
6.888256324379599391e+02
6.879160347527056274e+02
6.879160347527056274e+02
6.879160347527056274e+02
6.879160347527056274e+02
6.879160347527056274e+02
6.879160347527056274e+02
6.879160347527056274e+02
6.879160347527056274e+02
6.879160347527056274e+02
6.879160347527056274e+02
6.879160347527056274e+02
6.879160347527056274e+02
6.879160347527056274e+02
6.879160347527056274e+02
6.879160347527056274e+02
6.879160347527056274e+02
6.879160347527056274e+02
6.879160347527056274e+02
6.879160347527056274e+02
6.878909529259942701e+02
6.878909529259942701e+02
6.878909529259942701e+02
6.878909529259942701e+02
6.878909529259942701e+02
6.878909529259942701e+02
6.878909529259942701e+02
6.878909529259942701e+02
6.878909529259942701e+02
6.878909529259942701e+02
6.878909529259942701e+02
6.878909529259942701e+02
6.878681672388426023e+02
6.878681672388426023e+02
6.878681672388426023e+02
6.878681672388426023e+02
6.868479672671766139e+02
6.868479672671766139e+02
6.868479672671766139e+02
6.868479672671766139e+02
6.868479672671766139e+02
6.868479672671766139e+02
6.868479672671766139e+02
6.868479672671766139e+02
6.868479672671766139e+02
6.868479672671766139e+02
6.868479672671766139e+02
6.868479672671766139e+02
6.868479672671766139e+02
6.868479672671766139e+02
6.868479672671766139e+02
6.868479672671766139e+02
6.868479672671766139e+02
6.868479672671766139e+02
6.868479672671766139e+02
6.868479672671766139e+02
6.868479672671766139e+02
6.868479672671766139e+02
6.868479672671766139e+02
6.868479672671766139e+02
6.868479672671766139e+02
6.868479672671766139e+02
6.868479672671766139e+02
6.868479672671766139e+02
6.868479672671766139e+02
6.868479672671766139e+02
6.868479672671766139e+02
6.868479672671766139e+02
6.868479672671766139e+02
6.868479672671766139e+02
6.868479672671766139e+02
6.868479672671766139e+02
6.868479672671766139e+02
6.868479672671766139e+02
6.868479672671766139e+02
6.868479672671766139e+02
6.868479672671766139e+02
6.868479672671766139e+02
6.868479672671766139e+02
6.868479672671766139e+02
6.868479672671766139e+02
6.868479672671766139e+02
6.868479672671766139e+02
6.868479672671766139e+02
6.868479672671766139e+02
6.868479672671766139e+02
6.868479672671766139e+02
6.868479672671766139e+02
6.868479672671766139e+02
6.868479672671766139e+02
6.868479672671766139e+02
6.868479672671766139e+02
6.868479672671766139e+02
6.868479672671766139e+02
6.868479672671766139e+02
6.868479672671766139e+02
6.868479672671766139e+02
6.868479672671766139e+02
6.868479672671766139e+02
6.868479672671766139e+02
6.868479672671766139e+02
6.868479672671766139e+02
6.868479672671766139e+02
6.868479672671766139e+02
6.868479672671766139e+02
6.868479672671766139e+02
6.868479672671766139e+02
6.868479672671766139e+02
6.868479672671766139e+02
6.868479672671766139e+02
6.868479672671766139e+02
6.868479672671766139e+02
6.868479672671766139e+02
6.868479672671766139e+02
6.868479672671766139e+02
6.868479672671766139e+02
6.868479672671766139e+02
6.868479672671766139e+02
6.868479672671766139e+02
6.868479672671766139e+02
6.868479672671766139e+02
6.868479672671766139e+02
6.868479672671766139e+02
6.868479672671766139e+02
6.868479672671766139e+02
6.868479672671766139e+02
6.868479672671766139e+02
6.868479672671766139e+02
6.868479672671766139e+02
6.868479672671766139e+02
6.868479672671766139e+02
6.868479672671766139e+02
6.868479672671766139e+02
6.868479672671766139e+02
6.868479672671766139e+02
6.868479672671766139e+02
6.868479672671766139e+02
6.868479672671766139e+02
6.868479672671766139e+02
6.868479672671766139e+02
6.868479672671766139e+02
6.868479672671766139e+02
6.868479672671766139e+02
6.868479672671766139e+02
6.868479672671766139e+02
6.868479672671766139e+02
6.868479672671766139e+02
6.868479672671766139e+02
6.868479672671766139e+02
6.868479672671766139e+02
6.868479672671766139e+02
6.868479672671766139e+02
6.868479672671766139e+02
6.868479672671766139e+02
6.868479672671766139e+02
6.868479672671766139e+02
6.868479672671766139e+02
6.868479672671766139e+02
6.868479672671766139e+02
6.868479672671766139e+02
6.868479672671766139e+02
6.868479672671766139e+02
6.868479672671766139e+02
6.868479672671766139e+02
6.868479672671766139e+02
6.868479672671766139e+02
6.868479672671766139e+02
6.868479672671766139e+02
6.868479672671766139e+02
6.868330813374468562e+02
6.868330813374468562e+02
6.868330813374468562e+02
6.868330813374468562e+02
6.868330813374468562e+02
6.867927103384921566e+02
6.867927103384921566e+02
6.867927103384921566e+02
6.866721851034366182e+02
6.866721851034366182e+02
6.866721851034366182e+02
6.866721851034366182e+02
6.866721851034366182e+02
6.866721851034366182e+02
6.866721851034366182e+02
6.866721851034366182e+02
6.866721851034366182e+02
6.866721851034366182e+02
6.866721851034366182e+02
6.866721851034366182e+02
6.866721851034366182e+02
6.866721851034366182e+02
6.866721851034366182e+02
6.866721851034366182e+02
6.866721851034366182e+02
6.866721851034366182e+02
6.866721851034366182e+02
6.866721851034366182e+02
6.866721851034366182e+02
6.866721851034366182e+02
6.866721851034366182e+02
6.866721851034366182e+02
6.866721851034366182e+02
6.866721851034366182e+02
6.866721851034366182e+02
6.866721851034366182e+02
6.866721851034366182e+02
6.866721851034366182e+02
6.866721851034366182e+02
6.866381594537346018e+02
6.866027934895666931e+02
6.866027934895666931e+02
6.866027934895666931e+02
6.866027934895666931e+02
6.866027934895666931e+02
6.866027934895666931e+02
6.866027934895666931e+02
6.866027934895666931e+02
6.866027934895666931e+02
6.866027934895666931e+02
6.866027934895666931e+02
6.866027934895666931e+02
6.866027934895666931e+02
6.866027934895666931e+02
6.866027934895666931e+02
6.866027934895666931e+02
6.866027934895666931e+02
6.866027934895666931e+02
6.866027934895666931e+02
6.866027934895666931e+02
6.866027934895666931e+02
6.866027934895666931e+02
6.866027934895666931e+02
6.866027934895666931e+02
6.866027934895666931e+02
6.866027934895666931e+02
6.866027934895666931e+02
6.866027934895666931e+02
6.866027934895666931e+02
6.866027934895666931e+02
6.866027934895666931e+02
6.866027934895666931e+02
6.866027934895666931e+02
6.866027934895666931e+02
6.866027934895666931e+02
6.866027934895666931e+02
6.866027934895666931e+02
6.866027934895666931e+02
6.866027934895666931e+02
6.866027934895666931e+02
6.866027934895666931e+02
6.866027934895666931e+02
6.866027934895666931e+02
6.866027934895666931e+02
6.866027934895666931e+02
6.866027934895666931e+02
6.866027934895666931e+02
6.866027934895666931e+02
6.866027934895666931e+02
6.866027934895666931e+02
6.866027934895666931e+02
6.866027934895666931e+02
6.866027934895666931e+02
6.866027934895666931e+02
6.866027934895666931e+02
6.866027934895666931e+02
6.866027934895666931e+02
6.866027934895666931e+02
6.866027934895666931e+02
6.866027934895666931e+02
6.866027934895666931e+02
6.866027934895666931e+02
6.866027934895666931e+02
6.866027934895666931e+02
6.866027934895666931e+02
6.866027934895666931e+02
6.866027934895666931e+02
6.866027934895666931e+02
6.866027934895666931e+02
6.866027934895666931e+02
6.866027934895666931e+02
6.866027934895666931e+02
6.866027934895666931e+02
6.866027934895666931e+02
6.866027934895666931e+02
6.865985445300393621e+02
6.865985445300393621e+02
6.865985445300393621e+02
6.865985445300393621e+02
6.865985445300393621e+02
6.865985445300393621e+02
6.865985445300393621e+02
6.865985445300393621e+02
6.865806028201621984e+02
6.865806028201621984e+02
6.865806028201621984e+02
6.865806028201621984e+02
6.865806028201621984e+02
6.865806028201621984e+02
6.865806028201621984e+02
6.865806028201621984e+02
6.865806028201621984e+02
6.865806028201621984e+02
6.865643890499464987e+02
6.865643890499464987e+02
6.865643890499464987e+02
6.865643890499464987e+02
6.865643890499464987e+02
6.865643890499464987e+02
6.865452750015572292e+02
6.865452750015572292e+02
6.865452750015572292e+02
6.865452750015572292e+02
6.865452750015572292e+02
6.865452750015572292e+02
6.865452750015572292e+02
6.865452750015572292e+02
6.865452750015572292e+02
6.865452750015572292e+02
6.865452750015572292e+02
6.865452750015572292e+02
6.865452750015572292e+02
6.865452750015572292e+02
6.865452750015572292e+02
6.865452750015572292e+02
6.865452750015572292e+02
6.865452750015572292e+02
6.865452750015572292e+02
6.865452750015572292e+02
6.865452750015572292e+02
6.865452750015572292e+02
6.865452750015572292e+02
6.865452750015572292e+02
6.865452750015572292e+02
6.865452750015572292e+02
6.865452750015572292e+02
6.865452750015572292e+02
6.865452750015572292e+02
6.865452750015572292e+02
6.865321343429817489e+02
6.865321343429817489e+02
6.865321343429817489e+02
6.865321343429817489e+02
6.865321343429817489e+02
6.865321343429817489e+02
6.865321343429817489e+02
6.865321343429817489e+02
6.865321343429817489e+02
6.865321343429817489e+02
6.865321343429817489e+02
6.865321343429817489e+02
6.865234952228914835e+02
6.865234952228914835e+02
6.865234952228914835e+02
6.865234952228914835e+02
6.865234952228914835e+02
6.865234952228914835e+02
6.865234952228914835e+02
6.865234952228914835e+02
6.865234952228914835e+02
6.865234952228914835e+02
6.865234952228914835e+02
6.865234952228914835e+02
6.865234952228914835e+02
6.865234952228914835e+02
6.865234952228914835e+02
6.865234952228914835e+02
6.865234952228914835e+02
6.865234952228914835e+02
6.865234952228914835e+02
6.865234952228914835e+02
6.865234952228914835e+02
6.865234952228914835e+02
6.865234952228914835e+02
6.865234952228914835e+02
6.865234952228914835e+02
6.865234952228914835e+02
6.865234952228914835e+02
6.865234952228914835e+02
6.865234952228914835e+02
6.865234952228914835e+02
6.865234952228914835e+02
6.865234952228914835e+02
6.865177935441085992e+02
6.865177935441085992e+02
6.865177935441085992e+02
6.865177935441085992e+02
6.865177935441085992e+02
6.865177935441085992e+02
6.865177935441085992e+02
6.865177935441085992e+02
6.865177935441085992e+02
6.865177935441085992e+02
6.865177935441085992e+02
6.865177935441085992e+02
6.865177935441085992e+02
6.865177935441085992e+02
6.865177935441085992e+02
6.865177935441085992e+02
6.865177935441085992e+02
6.864953475332647486e+02
6.864953475332647486e+02
6.864953475332647486e+02
6.864929688294831749e+02
6.864929688294831749e+02
6.864929688294831749e+02
6.864929688294831749e+02
6.864929688294831749e+02
6.864929688294831749e+02
6.864929688294831749e+02
6.864929688294831749e+02
6.864861717872190638e+02
6.864861717872190638e+02
6.864861717872190638e+02
6.864861717872190638e+02
6.864861717872190638e+02
6.864861717872190638e+02
6.864861717872190638e+02
6.864861717872190638e+02
6.864861717872190638e+02
6.864861717872190638e+02
6.864861717872190638e+02
6.864861717872190638e+02
6.864861717872190638e+02
6.864861717872190638e+02
6.864861717872190638e+02
6.864861717872190638e+02
6.864861717872190638e+02
6.864861717872190638e+02
6.864861717872190638e+02
6.864861717872190638e+02
6.864861717872190638e+02
6.864861717872190638e+02
6.864861717872190638e+02
6.864861717872190638e+02
6.864861717872190638e+02
6.864861717872190638e+02
6.864861717872190638e+02
6.864861717872190638e+02
6.864861717872190638e+02
6.864861717872190638e+02
6.864861717872190638e+02
6.864861717872190638e+02
6.864861717872190638e+02
6.864861717872190638e+02
6.864861717872190638e+02
6.864861717872190638e+02
6.864861717872190638e+02
6.864861717872190638e+02
6.864861717872190638e+02
6.864861717872190638e+02
6.864861717872190638e+02
6.864861717872190638e+02
6.864861717872190638e+02
6.864841067394953598e+02
6.864841067394953598e+02
6.864841067394953598e+02
6.864841067394953598e+02
6.864762734437856579e+02
6.864762734437856579e+02
6.864762734437856579e+02
6.864748397607119159e+02
6.864748397607119159e+02
6.864748397607119159e+02
6.864748397607119159e+02
6.864748397607119159e+02
6.864748397607119159e+02
6.864748397607119159e+02
6.864748397607119159e+02
6.864748397607119159e+02
6.864748397607119159e+02
6.864748397607119159e+02
6.864748397607119159e+02
6.864748397607119159e+02
6.864748397607119159e+02
6.864514840714017510e+02
6.864514840714017510e+02
6.864514840714017510e+02
6.864514840714017510e+02
6.864514840714017510e+02
6.864514840714017510e+02
6.864514840714017510e+02
6.864514840714017510e+02
6.864514840714017510e+02
6.864514840714017510e+02
6.864514840714017510e+02
6.864514840714017510e+02
6.864514840714017510e+02
6.864514840714017510e+02
6.864514840714017510e+02
6.864514840714017510e+02
6.864514840714017510e+02
6.864514840714017510e+02
6.864514840714017510e+02
6.864514840714017510e+02
6.864514840714017510e+02
6.864514840714017510e+02
6.864514840714017510e+02
6.864514840714017510e+02
6.864514840714017510e+02
6.864514840714017510e+02
6.864514840714017510e+02
6.864514840714017510e+02
6.864514840714017510e+02
6.864514840714017510e+02
6.864514840714017510e+02
6.864514840714017510e+02
6.864514840714017510e+02
6.864514840714017510e+02
6.864514840714017510e+02
6.864514840714017510e+02
6.864514840714017510e+02
6.864514840714017510e+02
6.864514840714017510e+02
6.864514840714017510e+02
6.864514840714017510e+02
6.864514840714017510e+02
6.864514840714017510e+02
6.864514840714017510e+02
6.864513480539914099e+02
6.864513480539914099e+02
6.864513480539914099e+02
6.864513480539914099e+02
6.864513480539914099e+02
6.864513480539914099e+02
6.864513480539914099e+02
6.864513480539914099e+02
6.864513480539914099e+02
6.864513480539914099e+02
6.864513480539914099e+02
6.864513480539914099e+02
6.864513480539914099e+02
6.864513480539914099e+02
6.864513480539914099e+02
6.864513480539914099e+02
6.864503900662710976e+02
6.864503900662710976e+02
6.864503900662710976e+02
6.864503900662710976e+02
6.864503900662710976e+02
6.864503900662710976e+02
6.864503900662710976e+02
6.864483399953776370e+02
6.864483399953776370e+02
6.864483399953776370e+02
6.864483399953776370e+02
6.864483399953776370e+02
6.864483399953776370e+02
6.864483399953776370e+02
6.864483399953776370e+02
6.864483399953776370e+02
6.864483399953776370e+02
6.864483399953776370e+02
6.864483399953776370e+02
6.864483399953776370e+02
6.864483399953776370e+02
6.864483399953776370e+02
6.864483399953776370e+02
6.864483399953776370e+02
6.864483399953776370e+02
6.864483399953776370e+02
6.864483399953776370e+02
6.864483399953776370e+02
6.864483399953776370e+02
6.864483399953776370e+02
6.864483399953776370e+02
6.864483399953776370e+02
6.864483399953776370e+02
6.864483399953776370e+02
6.864483399953776370e+02
6.864483399953776370e+02
6.864483399953776370e+02
6.864483399953776370e+02
6.864483399953776370e+02
6.864483399953776370e+02
6.864483399953776370e+02
6.864483399953776370e+02
6.864483399953776370e+02
6.864483399953776370e+02
6.864463356046960598e+02
6.864463356046960598e+02
6.864463356046960598e+02
6.864453786858941839e+02
6.864453786858941839e+02
6.864453786858941839e+02
6.864453786858941839e+02
6.864453786858941839e+02
6.864449104234772676e+02
6.864449104234772676e+02
6.864449104234772676e+02
6.864449104234772676e+02
6.864449104234772676e+02
6.864431643334130513e+02
6.864431643334130513e+02
6.864431643334130513e+02
6.864431643334130513e+02
6.864431643334130513e+02
6.864431643334130513e+02
6.864431643334130513e+02
6.864431643334130513e+02
6.864431643334130513e+02
6.864431643334130513e+02
6.864431643334130513e+02
6.864431643334130513e+02
6.864431643334130513e+02
6.864431643334130513e+02
6.864431643334130513e+02
6.864431643334130513e+02
6.864431643334130513e+02
6.864431643334130513e+02
6.864431643334130513e+02
6.864431643334130513e+02
6.864431643334130513e+02
6.864431643334130513e+02
6.864431643334130513e+02
6.864431643334130513e+02
6.864431643334130513e+02
6.864431643334130513e+02
