9.241610107836590032e+03
1.919396543772091491e+03
1.919396543772091491e+03
1.627417200616544051e+03
1.627417200616544051e+03
1.627417200616544051e+03
1.627417200616544051e+03
1.627417200616544051e+03
1.627417200616544051e+03
1.627417200616544051e+03
1.627417200616544051e+03
1.627417200616544051e+03
1.516265905803145642e+03
1.516265905803145642e+03
1.516265905803145642e+03
1.516265905803145642e+03
1.516265905803145642e+03
1.516265905803145642e+03
1.516265905803145642e+03
1.516265905803145642e+03
1.516265905803145642e+03
1.516265905803145642e+03
1.516265905803145642e+03
1.516265905803145642e+03
1.516265905803145642e+03
1.516265905803145642e+03
1.516265905803145642e+03
1.516265905803145642e+03
1.516265905803145642e+03
1.516265905803145642e+03
1.516265905803145642e+03
1.516265905803145642e+03
1.516265905803145642e+03
1.516265905803145642e+03
1.516265905803145642e+03
1.516265905803145642e+03
1.516265905803145642e+03
1.516265905803145642e+03
1.516265905803145642e+03
1.460704901730187657e+03
1.278406959718372946e+03
1.278406959718372946e+03
1.278406959718372946e+03
1.278406959718372946e+03
1.278406959718372946e+03
1.278406959718372946e+03
1.278406959718372946e+03
1.278406959718372946e+03
1.278406959718372946e+03
1.278406959718372946e+03
1.278406959718372946e+03
1.278406959718372946e+03
1.278406959718372946e+03
1.278406959718372946e+03
1.278406959718372946e+03
1.278406959718372946e+03
1.260472607785526179e+03
1.260472607785526179e+03
1.260472607785526179e+03
1.260472607785526179e+03
1.260472607785526179e+03
1.260472607785526179e+03
1.260472607785526179e+03
1.260472607785526179e+03
1.260472607785526179e+03
1.260472607785526179e+03
1.260472607785526179e+03
1.260472607785526179e+03
1.260472607785526179e+03
1.260472607785526179e+03
1.260472607785526179e+03
1.260472607785526179e+03
1.260472607785526179e+03
1.260472607785526179e+03
1.260472607785526179e+03
1.153089744814189089e+03
1.153089744814189089e+03
1.153089744814189089e+03
1.153089744814189089e+03
1.153089744814189089e+03
1.153089744814189089e+03
1.153089744814189089e+03
1.153089744814189089e+03
1.153089744814189089e+03
1.153089744814189089e+03
1.153089744814189089e+03
1.153089744814189089e+03
1.153089744814189089e+03
1.153089744814189089e+03
1.153089744814189089e+03
1.153089744814189089e+03
1.153089744814189089e+03
1.153089744814189089e+03
1.153089744814189089e+03
1.153089744814189089e+03
1.153089744814189089e+03
1.153089744814189089e+03
1.153089744814189089e+03
1.153089744814189089e+03
1.153089744814189089e+03
1.138917236210036208e+03
1.138917236210036208e+03
1.138917236210036208e+03
1.138917236210036208e+03
1.138917236210036208e+03
1.138917236210036208e+03
1.138917236210036208e+03
1.138917236210036208e+03
1.138917236210036208e+03
1.104814889529426409e+03
1.104814889529426409e+03
1.104814889529426409e+03
1.104814889529426409e+03
1.104814889529426409e+03
1.104814889529426409e+03
1.104814889529426409e+03
1.104814889529426409e+03
1.104814889529426409e+03
1.104814889529426409e+03
1.104814889529426409e+03
1.104814889529426409e+03
1.104814889529426409e+03
1.104814889529426409e+03
1.044891623361701249e+03
1.044891623361701249e+03
1.044891623361701249e+03
1.044891623361701249e+03
1.044891623361701249e+03
1.044891623361701249e+03
1.044891623361701249e+03
1.044891623361701249e+03
1.044891623361701249e+03
1.044891623361701249e+03
1.044891623361701249e+03
1.034694170945981568e+03
1.034694170945981568e+03
1.034694170945981568e+03
1.034694170945981568e+03
1.034694170945981568e+03
9.335809512385657172e+02
9.335809512385657172e+02
9.335809512385657172e+02
9.335809512385657172e+02
9.335809512385657172e+02
8.615666389204264988e+02
8.615666389204264988e+02
8.615666389204264988e+02
8.615666389204264988e+02
8.615666389204264988e+02
8.574701278237253064e+02
8.574701278237253064e+02
8.574701278237253064e+02
8.574701278237253064e+02
8.574701278237253064e+02
8.574701278237253064e+02
8.574701278237253064e+02
8.574701278237253064e+02
8.574701278237253064e+02
8.574701278237253064e+02
8.574701278237253064e+02
8.574701278237253064e+02
8.574701278237253064e+02
8.574701278237253064e+02
8.574701278237253064e+02
8.574701278237253064e+02
8.574701278237253064e+02
8.574701278237253064e+02
8.574701278237253064e+02
8.574701278237253064e+02
8.574701278237253064e+02
8.574701278237253064e+02
8.574701278237253064e+02
8.574701278237253064e+02
8.574701278237253064e+02
8.574701278237253064e+02
8.574701278237253064e+02
8.574701278237253064e+02
8.574701278237253064e+02
8.574701278237253064e+02
8.574701278237253064e+02
8.574701278237253064e+02
8.574701278237253064e+02
8.148225541676312105e+02
8.148225541676312105e+02
8.148225541676312105e+02
8.148225541676312105e+02
8.148225541676312105e+02
8.148225541676312105e+02
8.148225541676312105e+02
8.148225541676312105e+02
8.148225541676312105e+02
8.148225541676312105e+02
8.148225541676312105e+02
7.680078047030922335e+02
7.680078047030922335e+02
7.680078047030922335e+02
7.680078047030922335e+02
7.680078047030922335e+02
7.680078047030922335e+02
7.680078047030922335e+02
7.680078047030922335e+02
7.680078047030922335e+02
7.680078047030922335e+02
7.680078047030922335e+02
7.680078047030922335e+02
7.680078047030922335e+02
7.331333459508011856e+02
7.331333459508011856e+02
7.331333459508011856e+02
7.331333459508011856e+02
7.331333459508011856e+02
7.331333459508011856e+02
7.331333459508011856e+02
7.331333459508011856e+02
7.331333459508011856e+02
7.331333459508011856e+02
7.331333459508011856e+02
7.331333459508011856e+02
7.331333459508011856e+02
7.331333459508011856e+02
7.331333459508011856e+02
7.331333459508011856e+02
7.331333459508011856e+02
7.331333459508011856e+02
7.331333459508011856e+02
7.331333459508011856e+02
7.331333459508011856e+02
7.331333459508011856e+02
7.331333459508011856e+02
7.331333459508011856e+02
7.331333459508011856e+02
7.331333459508011856e+02
7.331333459508011856e+02
7.331333459508011856e+02
7.331333459508011856e+02
7.331333459508011856e+02
7.331333459508011856e+02
7.331333459508011856e+02
7.331333459508011856e+02
7.331333459508011856e+02
7.331333459508011856e+02
7.331333459508011856e+02
7.331333459508011856e+02
7.331333459508011856e+02
7.331333459508011856e+02
7.331333459508011856e+02
7.331333459508011856e+02
7.331333459508011856e+02
7.331333459508011856e+02
7.290270704938028530e+02
7.290270704938028530e+02
7.290270704938028530e+02
7.290270704938028530e+02
7.290270704938028530e+02
7.290270704938028530e+02
7.290270704938028530e+02
7.290270704938028530e+02
7.290270704938028530e+02
7.290270704938028530e+02
7.290270704938028530e+02
7.290270704938028530e+02
7.290270704938028530e+02
7.290270704938028530e+02
7.290270704938028530e+02
7.290270704938028530e+02
7.290270704938028530e+02
7.290270704938028530e+02
7.290270704938028530e+02
7.290270704938028530e+02
7.290270704938028530e+02
7.290270704938028530e+02
7.290270704938028530e+02
7.206166084682175779e+02
7.206166084682175779e+02
7.206166084682175779e+02
7.206166084682175779e+02
7.206166084682175779e+02
7.206166084682175779e+02
7.206166084682175779e+02
7.206166084682175779e+02
7.206166084682175779e+02
7.206166084682175779e+02
7.206166084682175779e+02
7.206166084682175779e+02
7.193054872155133808e+02
7.193054872155133808e+02
7.193054872155133808e+02
7.193054872155133808e+02
7.193054872155133808e+02
7.193054872155133808e+02
7.193054872155133808e+02
7.193054872155133808e+02
7.193054872155133808e+02
7.193054872155133808e+02
7.193054872155133808e+02
7.193054872155133808e+02
7.193054872155133808e+02
7.193054872155133808e+02
7.193054872155133808e+02
7.193054872155133808e+02
7.193054872155133808e+02
7.193054872155133808e+02
7.153788415885950371e+02
7.153788415885950371e+02
7.153788415885950371e+02
7.104956034407754260e+02
7.057885565181645688e+02
7.057885565181645688e+02
7.057885565181645688e+02
7.057885565181645688e+02
7.057885565181645688e+02
7.057885565181645688e+02
7.057885565181645688e+02
7.057885565181645688e+02
7.057885565181645688e+02
7.057885565181645688e+02
7.057885565181645688e+02
7.057885565181645688e+02
7.057885565181645688e+02
7.057885565181645688e+02
7.045393061988548880e+02
7.045393061988548880e+02
7.045393061988548880e+02
7.045393061988548880e+02
7.045393061988548880e+02
7.045393061988548880e+02
7.045393061988548880e+02
7.045393061988548880e+02
7.045393061988548880e+02
7.022978061254392514e+02
7.022978061254392514e+02
7.022978061254392514e+02
7.022978061254392514e+02
7.022978061254392514e+02
7.022978061254392514e+02
6.988552682641862930e+02
6.988552682641862930e+02
6.988552682641862930e+02
6.988552682641862930e+02
6.988552682641862930e+02
6.988552682641862930e+02
6.988552682641862930e+02
6.988552682641862930e+02
6.964786368707001429e+02
6.964786368707001429e+02
6.964786368707001429e+02
6.964786368707001429e+02
6.964786368707001429e+02
6.964786368707001429e+02
6.964786368707001429e+02
6.964786368707001429e+02
6.964786368707001429e+02
6.964786368707001429e+02
6.964786368707001429e+02
6.964786368707001429e+02
6.964786368707001429e+02
6.964786368707001429e+02
6.964786368707001429e+02
6.964786368707001429e+02
6.964786368707001429e+02
6.964786368707001429e+02
6.964786368707001429e+02
6.964786368707001429e+02
6.964786368707001429e+02
6.964786368707001429e+02
6.964786368707001429e+02
6.964786368707001429e+02
6.964786368707001429e+02
6.964786368707001429e+02
6.964786368707001429e+02
6.964786368707001429e+02
6.964786368707001429e+02
6.964786368707001429e+02
6.964786368707001429e+02
6.964786368707001429e+02
6.964786368707001429e+02
6.964786368707001429e+02
6.964786368707001429e+02
6.964786368707001429e+02
6.964786368707001429e+02
6.964786368707001429e+02
6.964786368707001429e+02
6.964786368707001429e+02
6.964786368707001429e+02
6.964786368707001429e+02
6.964786368707001429e+02
6.964786368707001429e+02
6.964786368707001429e+02
6.964786368707001429e+02
6.964786368707001429e+02
6.964786368707001429e+02
6.964786368707001429e+02
6.964786368707001429e+02
6.964786368707001429e+02
6.961861711829029673e+02
6.961861711829029673e+02
6.961861711829029673e+02
6.961861711829029673e+02
6.961861711829029673e+02
6.961861711829029673e+02
6.961861711829029673e+02
6.961861711829029673e+02
6.961861711829029673e+02
6.961861711829029673e+02
6.961861711829029673e+02
6.961861711829029673e+02
6.961861711829029673e+02
6.961861711829029673e+02
6.961861711829029673e+02
6.961861711829029673e+02
6.961861711829029673e+02
6.961861711829029673e+02
6.961861711829029673e+02
6.961861711829029673e+02
6.961861711829029673e+02
6.961861711829029673e+02
6.961861711829029673e+02
6.961861711829029673e+02
6.961861711829029673e+02
6.961861711829029673e+02
6.961861711829029673e+02
6.961861711829029673e+02
6.941138525874292782e+02
6.941138525874292782e+02
6.941138525874292782e+02
6.897383401672847185e+02
6.897383401672847185e+02
6.897383401672847185e+02
6.889230471379386245e+02
6.889230471379386245e+02
6.889230471379386245e+02
6.889230471379386245e+02
6.889230471379386245e+02
6.889230471379386245e+02
6.889230471379386245e+02
6.889230471379386245e+02
6.889230471379386245e+02
6.889230471379386245e+02
6.889230471379386245e+02
6.889230471379386245e+02
6.889230471379386245e+02
6.889230471379386245e+02
6.889230471379386245e+02
6.889230471379386245e+02
6.889230471379386245e+02
6.889230471379386245e+02
6.889230471379386245e+02
6.889230471379386245e+02
6.889230471379386245e+02
6.889230471379386245e+02
6.889230471379386245e+02
6.889230471379386245e+02
6.889230471379386245e+02
6.889230471379386245e+02
6.889230471379386245e+02
6.889230471379386245e+02
6.889230471379386245e+02
6.889230471379386245e+02
6.889230471379386245e+02
6.889230471379386245e+02
6.889230471379386245e+02
6.889230471379386245e+02
6.889230471379386245e+02
6.889230471379386245e+02
6.889230471379386245e+02
6.889230471379386245e+02
6.889230471379386245e+02
6.889230471379386245e+02
6.889230471379386245e+02
6.889230471379386245e+02
6.889230471379386245e+02
6.889230471379386245e+02
6.889230471379386245e+02
6.889230471379386245e+02
6.889230471379386245e+02
6.889230471379386245e+02
6.889230471379386245e+02
6.889230471379386245e+02
6.889230471379386245e+02
6.888071746039731806e+02
6.888071746039731806e+02
6.888071746039731806e+02
6.888071746039731806e+02
6.888071746039731806e+02
6.888071746039731806e+02
6.888071746039731806e+02
6.888071746039731806e+02
6.888071746039731806e+02
6.888071746039731806e+02
6.888071746039731806e+02
6.888071746039731806e+02
6.888071746039731806e+02
6.888071746039731806e+02
6.888071746039731806e+02
6.888071746039731806e+02
6.888071746039731806e+02
6.888071746039731806e+02
6.888071746039731806e+02
6.888071746039731806e+02
6.888071746039731806e+02
6.888071746039731806e+02
6.888071746039731806e+02
6.888071746039731806e+02
6.888071746039731806e+02
6.888071746039731806e+02
6.888071746039731806e+02
6.888071746039731806e+02
6.888071746039731806e+02
6.888071746039731806e+02
6.888071746039731806e+02
6.888071746039731806e+02
6.886808214933936370e+02
6.886808214933936370e+02
6.886808214933936370e+02
6.886808214933936370e+02
6.886808214933936370e+02
6.886808214933936370e+02
6.886808214933936370e+02
6.886808214933936370e+02
6.886808214933936370e+02
6.886808214933936370e+02
6.886808214933936370e+02
6.880826921470426214e+02
6.880826921470426214e+02
6.880826921470426214e+02
6.880826921470426214e+02
6.880826921470426214e+02
6.880826921470426214e+02
6.880826921470426214e+02
6.880826921470426214e+02
6.880826921470426214e+02
6.880826921470426214e+02
6.880826921470426214e+02
6.880826921470426214e+02
6.880826921470426214e+02
6.880826921470426214e+02
6.880826921470426214e+02
6.880826921470426214e+02
6.880826921470426214e+02
6.880826921470426214e+02
6.880826921470426214e+02
6.880826921470426214e+02
6.880826921470426214e+02
6.880826921470426214e+02
6.880826921470426214e+02
6.880826921470426214e+02
6.880826921470426214e+02
6.880826921470426214e+02
6.880826921470426214e+02
6.880826921470426214e+02
6.880826921470426214e+02
6.880826921470426214e+02
6.880826921470426214e+02
6.875874084920642417e+02
6.875874084920642417e+02
6.875874084920642417e+02
6.875874084920642417e+02
6.875874084920642417e+02
6.875874084920642417e+02
6.875874084920642417e+02
6.875874084920642417e+02
6.875874084920642417e+02
6.875874084920642417e+02
6.875874084920642417e+02
6.874286514826322900e+02
6.874286514826322900e+02
6.874286514826322900e+02
6.874286514826322900e+02
6.874286514826322900e+02
6.874286514826322900e+02
6.874286514826322900e+02
6.874286514826322900e+02
6.874286514826322900e+02
6.874286514826322900e+02
6.874286514826322900e+02
6.869290551354355330e+02
6.869290551354355330e+02
6.869290551354355330e+02
6.869290551354355330e+02
6.858338465045736712e+02
6.858338465045736712e+02
6.858338465045736712e+02
6.858338465045736712e+02
6.858338465045736712e+02
6.858338465045736712e+02
6.858338465045736712e+02
6.858338465045736712e+02
6.858338465045736712e+02
6.858338465045736712e+02
6.858338465045736712e+02
6.858338465045736712e+02
6.858338465045736712e+02
6.858338465045736712e+02
6.858338465045736712e+02
6.858338465045736712e+02
6.858338465045736712e+02
6.858338465045736712e+02
6.858338465045736712e+02
6.858338465045736712e+02
6.858338465045736712e+02
6.854363027693621007e+02
6.854363027693621007e+02
6.854363027693621007e+02
6.854363027693621007e+02
6.854363027693621007e+02
6.854363027693621007e+02
6.854363027693621007e+02
6.854363027693621007e+02
6.854363027693621007e+02
6.854363027693621007e+02
6.854363027693621007e+02
6.854363027693621007e+02
6.854363027693621007e+02
6.854363027693621007e+02
6.854363027693621007e+02
6.854363027693621007e+02
6.854363027693621007e+02
6.854363027693621007e+02
6.854363027693621007e+02
6.854363027693621007e+02
6.854363027693621007e+02
6.854363027693621007e+02
6.854363027693621007e+02
6.854363027693621007e+02
6.854363027693621007e+02
6.854363027693621007e+02
6.854363027693621007e+02
6.854363027693621007e+02
6.854363027693621007e+02
6.854363027693621007e+02
6.854363027693621007e+02
6.854363027693621007e+02
6.851364697458096771e+02
6.851364697458096771e+02
6.851364697458096771e+02
6.851364697458096771e+02
6.851364697458096771e+02
6.851364697458096771e+02
6.851364697458096771e+02
6.851364697458096771e+02
6.851364697458096771e+02
6.851364697458096771e+02
6.851364697458096771e+02
6.851364697458096771e+02
6.851364697458096771e+02
6.851069887807436771e+02
6.851069887807436771e+02
6.851069887807436771e+02
6.849276097155855041e+02
6.849276097155855041e+02
6.849276097155855041e+02
6.849276097155855041e+02
6.849276097155855041e+02
6.849276097155855041e+02
6.849276097155855041e+02
6.849276097155855041e+02
6.849276097155855041e+02
6.849276097155855041e+02
6.849276097155855041e+02
6.849276097155855041e+02
6.849276097155855041e+02
6.849276097155855041e+02
6.849276097155855041e+02
6.849276097155855041e+02
6.849276097155855041e+02
6.849276097155855041e+02
6.849276097155855041e+02
6.849183401284066122e+02
6.849183401284066122e+02
6.849183401284066122e+02
6.849183401284066122e+02
6.849183401284066122e+02
6.849183401284066122e+02
6.849183401284066122e+02
6.849183401284066122e+02
6.849183401284066122e+02
6.849183401284066122e+02
6.849183401284066122e+02
6.849183401284066122e+02
6.849183401284066122e+02
6.849183401284066122e+02
6.849183401284066122e+02
6.849183401284066122e+02
6.847460996637910284e+02
6.847460996637910284e+02
6.847460996637910284e+02
6.847460996637910284e+02
6.847460996637910284e+02
6.847460996637910284e+02
6.847460996637910284e+02
6.844813122214035275e+02
6.844813122214035275e+02
6.844813122214035275e+02
6.844813122214035275e+02
6.844813122214035275e+02
6.844813122214035275e+02
6.844813122214035275e+02
6.844813122214035275e+02
6.844813122214035275e+02
6.844813122214035275e+02
6.844813122214035275e+02
6.844813122214035275e+02
6.844813122214035275e+02
6.844813122214035275e+02
6.844813122214035275e+02
6.844813122214035275e+02
6.844813122214035275e+02
6.844813122214035275e+02
6.844813122214035275e+02
6.844813122214035275e+02
6.844813122214035275e+02
6.844813122214035275e+02
6.844813122214035275e+02
6.844813122214035275e+02
6.844388587434856390e+02
6.844388587434856390e+02
6.844388587434856390e+02
6.844388587434856390e+02
6.844388587434856390e+02
6.844388587434856390e+02
6.844388587434856390e+02
6.844388587434856390e+02
6.844388587434856390e+02
6.844388587434856390e+02
6.844388587434856390e+02
6.844388587434856390e+02
6.844388587434856390e+02
6.844388587434856390e+02
6.844388587434856390e+02
6.844388587434856390e+02
6.843861680958116267e+02
6.843861680958116267e+02
6.843861680958116267e+02
6.843861680958116267e+02
6.843861680958116267e+02
6.843861680958116267e+02
6.843861680958116267e+02
6.843861680958116267e+02
6.843861680958116267e+02
6.843861680958116267e+02
6.843861680958116267e+02
6.843861680958116267e+02
6.843861680958116267e+02
6.843861680958116267e+02
6.843861680958116267e+02
6.843861680958116267e+02
6.843861680958116267e+02
6.843861680958116267e+02
6.843861680958116267e+02
6.843861680958116267e+02
6.843861680958116267e+02
6.843861680958116267e+02
6.843861680958116267e+02
6.843861680958116267e+02
6.843861680958116267e+02
6.843861680958116267e+02
6.843861680958116267e+02
6.843861680958116267e+02
6.843861680958116267e+02
6.843861680958116267e+02
6.843861680958116267e+02
6.843861680958116267e+02
6.843861680958116267e+02
6.843861680958116267e+02
6.843861680958116267e+02
6.843861680958116267e+02
6.843861680958116267e+02
6.842798230662984906e+02
6.842798230662984906e+02
6.842798230662984906e+02
6.842798230662984906e+02
6.842798230662984906e+02
6.842798230662984906e+02
6.842798230662984906e+02
6.842798230662984906e+02
6.842798230662984906e+02
6.842798230662984906e+02
6.842798230662984906e+02
6.842798230662984906e+02
6.842798230662984906e+02
6.842798230662984906e+02
6.842798230662984906e+02
6.842798230662984906e+02
6.842798230662984906e+02
6.842798230662984906e+02
6.842798230662984906e+02
6.842798230662984906e+02
6.842798230662984906e+02
6.842798230662984906e+02
6.842798230662984906e+02
6.842798230662984906e+02
6.842798230662984906e+02
6.842798230662984906e+02
6.842798230662984906e+02
6.842798230662984906e+02
6.842798230662984906e+02
6.842798230662984906e+02
6.842798230662984906e+02
6.842798230662984906e+02
6.842798230662984906e+02
6.842798230662984906e+02
6.842798230662984906e+02
6.842798230662984906e+02
6.842798230662984906e+02
6.842798230662984906e+02
6.842798230662984906e+02
6.842798230662984906e+02
6.842798230662984906e+02
6.842798230662984906e+02
6.842798230662984906e+02
6.842798230662984906e+02
6.842798230662984906e+02
6.842798230662984906e+02
6.842798230662984906e+02
6.842798230662984906e+02
6.842798230662984906e+02
6.842798230662984906e+02
6.842798230662984906e+02
6.842798230662984906e+02
6.842798230662984906e+02
6.842798230662984906e+02
6.842798230662984906e+02
6.842798230662984906e+02
6.842798230662984906e+02
6.842798230662984906e+02
6.842798230662984906e+02
6.842798230662984906e+02
6.842798230662984906e+02
6.842798230662984906e+02
6.842798230662984906e+02
6.842798230662984906e+02
6.842798230662984906e+02
6.842798230662984906e+02
6.842798230662984906e+02
6.842798230662984906e+02
6.842798230662984906e+02
6.842798230662984906e+02
6.842798230662984906e+02
6.842798230662984906e+02
6.842798230662984906e+02
6.842798230662984906e+02
6.842798230662984906e+02
6.842798230662984906e+02
6.842798230662984906e+02
6.842798230662984906e+02
6.842798230662984906e+02
6.842798230662984906e+02
6.842798230662984906e+02
6.842798230662984906e+02
6.842798230662984906e+02
6.842798230662984906e+02
6.842798230662984906e+02
6.842798230662984906e+02
6.842798230662984906e+02
6.842798230662984906e+02
6.842798230662984906e+02
6.842798230662984906e+02
6.842798230662984906e+02
6.842798230662984906e+02
6.842798230662984906e+02
6.842798230662984906e+02
6.842798230662984906e+02
6.842798230662984906e+02
6.842798230662984906e+02
6.842798230662984906e+02
6.842798230662984906e+02
6.842798230662984906e+02
6.842798230662984906e+02
6.842661349929652488e+02
6.842661349929652488e+02
6.842661349929652488e+02
6.842661349929652488e+02
6.842661349929652488e+02
6.842661349929652488e+02
6.842661349929652488e+02
6.842661349929652488e+02
6.842661349929652488e+02
6.842661349929652488e+02
6.842661349929652488e+02
6.842661349929652488e+02
6.842661349929652488e+02
6.842661349929652488e+02
6.842661349929652488e+02
6.842661349929652488e+02
6.842661349929652488e+02
6.842661349929652488e+02
6.842661349929652488e+02
6.842661349929652488e+02
6.842630651196125200e+02
6.842630651196125200e+02
6.842630651196125200e+02
6.842630651196125200e+02
6.842630651196125200e+02
6.842630651196125200e+02
6.842630651196125200e+02
6.842630651196125200e+02
6.842630651196125200e+02
6.842630651196125200e+02
6.842630651196125200e+02
6.842630651196125200e+02
6.842630651196125200e+02
6.842629760347829233e+02
6.842629760347829233e+02
6.842629760347829233e+02
6.842629760347829233e+02
6.842629760347829233e+02
6.842629760347829233e+02
6.842629760347829233e+02
6.842629760347829233e+02
6.842629760347829233e+02
6.842629760347829233e+02
6.842629760347829233e+02
6.842629760347829233e+02
6.842629760347829233e+02
6.842629760347829233e+02
6.842629760347829233e+02
6.842629760347829233e+02
6.842629760347829233e+02
6.842629760347829233e+02
6.842629760347829233e+02
6.842629760347829233e+02
6.842629760347829233e+02
6.842629760347829233e+02
6.842501251117196261e+02
6.842501251117196261e+02
6.842501251117196261e+02
6.842501251117196261e+02
6.842501251117196261e+02
6.842501251117196261e+02
6.842501251117196261e+02
6.842501251117196261e+02
6.842501251117196261e+02
6.842501251117196261e+02
6.842501251117196261e+02
6.842501251117196261e+02
6.842501251117196261e+02
6.842501251117196261e+02
6.842501251117196261e+02
6.842501251117196261e+02
6.842501251117196261e+02
6.842501251117196261e+02
6.842501251117196261e+02
6.842501251117196261e+02
6.842501251117196261e+02
6.842501251117196261e+02
6.842446968208472526e+02
6.842446968208472526e+02
6.842397618397397991e+02
6.842397618397397991e+02
6.842397618397397991e+02
6.842397618397397991e+02
6.842367514388345171e+02
6.842367514388345171e+02
6.842367514388345171e+02
6.842312285671507652e+02
6.842312285671507652e+02
6.842312285671507652e+02
6.842312285671507652e+02
6.842312285671507652e+02
6.842312285671507652e+02
6.842312285671507652e+02
6.842312285671507652e+02
6.842312285671507652e+02
6.842312285671507652e+02
6.842312285671507652e+02
6.842312285671507652e+02
6.842312285671507652e+02
6.842312285671507652e+02
6.842312285671507652e+02
6.842312285671507652e+02
6.842312285671507652e+02
6.842312285671507652e+02
6.842312285671507652e+02
6.842312285671507652e+02
6.842312285671507652e+02
6.842312285671507652e+02
6.842312285671507652e+02
6.842312285671507652e+02
6.842312285671507652e+02
6.842312285671507652e+02
6.842312285671507652e+02
6.842312285671507652e+02
6.842303791080297515e+02
6.842303791080297515e+02
6.842303791080297515e+02
6.842303791080297515e+02
6.842303791080297515e+02
6.842303791080297515e+02
6.842303791080297515e+02
6.842303791080297515e+02
6.842303791080297515e+02
6.842303791080297515e+02
6.842303791080297515e+02
6.842303791080297515e+02
6.842303791080297515e+02
6.842303791080297515e+02
6.842303791080297515e+02
6.842283002056852865e+02
6.842283002056852865e+02
6.842283002056852865e+02
6.842283002056852865e+02
6.842283002056852865e+02
6.842283002056852865e+02
6.842283002056852865e+02
6.842283002056852865e+02
6.842283002056852865e+02
6.842283002056852865e+02
6.842283002056852865e+02
6.842273817370836468e+02
6.842273817370836468e+02
6.842273817370836468e+02
6.842273817370836468e+02
6.842273817370836468e+02
6.842273817370836468e+02
6.842273817370836468e+02
6.842273817370836468e+02
6.842273817370836468e+02
6.842273817370836468e+02
6.842273817370836468e+02
6.842185829545688875e+02
6.842185829545688875e+02
6.842185829545688875e+02
6.842185829545688875e+02
6.842185829545688875e+02
6.842185829545688875e+02
6.842185829545688875e+02
6.842185829545688875e+02
6.842185829545688875e+02
6.842185829545688875e+02
6.842185829545688875e+02
6.842185829545688875e+02
6.842185829545688875e+02
6.842185829545688875e+02
6.842185829545688875e+02
6.842185829545688875e+02
6.842178992253188881e+02
6.842178992253188881e+02
6.842178992253188881e+02
6.842178992253188881e+02
6.842178992253188881e+02
6.842178992253188881e+02
6.842178992253188881e+02
6.842178992253188881e+02
6.842178992253188881e+02
6.842178992253188881e+02
6.842178992253188881e+02
6.842178992253188881e+02
6.842178992253188881e+02
6.842178992253188881e+02
6.842178992253188881e+02
6.842178992253188881e+02
6.842178992253188881e+02
6.842178992253188881e+02
6.842178992253188881e+02
6.842178992253188881e+02
6.842178992253188881e+02
6.842169331124761129e+02
6.842169331124761129e+02
6.842169331124761129e+02
6.842169331124761129e+02
6.842169331124761129e+02
6.842159944528666529e+02
6.842155665234751041e+02
6.842152577758258758e+02
6.842152577758258758e+02
6.842152577758258758e+02
6.842131633492125502e+02
6.842131633492125502e+02
6.842131633492125502e+02
6.842131633492125502e+02
6.842131633492125502e+02
6.842131633492125502e+02
6.842131633492125502e+02
6.842131633492125502e+02
6.842131633492125502e+02
6.842131633492125502e+02
6.842131633492125502e+02
6.842117935830907527e+02
6.842117935830907527e+02
6.842117935830907527e+02
6.842117935830907527e+02
6.842117935830907527e+02
6.842117935830907527e+02
6.842117935830907527e+02
6.842090092097122351e+02
6.842090092097122351e+02
6.842090092097122351e+02
6.842090092097122351e+02
6.842090092097122351e+02
6.842090092097122351e+02
6.842090092097122351e+02
6.842090092097122351e+02
6.842090092097122351e+02
6.842090092097122351e+02
6.842090092097122351e+02
6.842090092097122351e+02
6.842056181179328860e+02
6.842056181179328860e+02
6.842056181179328860e+02
6.842036626252253200e+02
6.842036626252253200e+02
6.842036626252253200e+02
6.842036626252253200e+02
6.842036626252253200e+02
6.842036626252253200e+02
6.842036626252253200e+02
6.842036626252253200e+02
6.842036626252253200e+02
6.842036626252253200e+02
6.842023496912637484e+02
6.842023496912637484e+02
6.842023496912637484e+02
6.842023496912637484e+02
6.842023496912637484e+02
6.842023496912637484e+02
6.842023496912637484e+02
6.842023496912637484e+02
6.842023496912637484e+02
6.842023496912637484e+02
6.842023496912637484e+02
6.842022560930004147e+02
6.842022560930004147e+02
6.842022560930004147e+02
6.842022560930004147e+02
6.842022560930004147e+02
6.842022560930004147e+02
6.842022560930004147e+02
6.842000084603797632e+02
6.842000084603797632e+02
6.842000084603797632e+02
6.842000084603797632e+02
6.842000084603797632e+02
6.842000084603797632e+02
6.842000084603797632e+02
6.842000084603797632e+02
6.842000084603797632e+02
6.842000084603797632e+02
6.842000084603797632e+02
6.842000084603797632e+02
6.842000084603797632e+02
6.842000084603797632e+02
6.842000084603797632e+02
6.842000084603797632e+02
6.842000084603797632e+02
6.842000084603797632e+02
6.841982473624397016e+02
6.841982473624397016e+02
6.841982473624397016e+02
6.841982473624397016e+02
6.841982332001135774e+02
6.841982332001135774e+02
6.841982332001135774e+02
6.841982332001135774e+02
6.841982332001135774e+02
