3.038686499754076794e+04
1.062164259823305883e+03
1.062164259823305883e+03
1.062164259823305883e+03
1.062164259823305883e+03
1.062164259823305883e+03
1.062164259823305883e+03
1.062164259823305883e+03
1.062164259823305883e+03
1.062164259823305883e+03
1.062164259823305883e+03
1.062164259823305883e+03
1.062164259823305883e+03
1.062164259823305883e+03
1.062164259823305883e+03
1.062164259823305883e+03
1.062164259823305883e+03
1.062164259823305883e+03
1.062164259823305883e+03
1.062164259823305883e+03
1.062164259823305883e+03
1.062164259823305883e+03
1.062164259823305883e+03
1.062164259823305883e+03
1.062164259823305883e+03
1.062164259823305883e+03
1.062164259823305883e+03
1.062164259823305883e+03
1.062164259823305883e+03
1.062164259823305883e+03
1.062164259823305883e+03
1.062164259823305883e+03
1.062164259823305883e+03
1.062164259823305883e+03
1.062164259823305883e+03
1.062164259823305883e+03
9.855195481162328406e+02
9.855195481162328406e+02
9.855195481162328406e+02
9.855195481162328406e+02
9.855195481162328406e+02
9.855195481162328406e+02
9.855195481162328406e+02
9.855195481162328406e+02
9.855195481162328406e+02
9.855195481162328406e+02
9.855195481162328406e+02
9.855195481162328406e+02
9.855195481162328406e+02
9.855195481162328406e+02
9.855195481162328406e+02
9.855195481162328406e+02
9.855195481162328406e+02
9.855195481162328406e+02
9.855195481162328406e+02
9.855195481162328406e+02
9.855195481162328406e+02
9.855195481162328406e+02
9.855195481162328406e+02
9.855195481162328406e+02
9.855195481162328406e+02
9.855195481162328406e+02
9.855195481162328406e+02
9.855195481162328406e+02
9.855195481162328406e+02
9.855195481162328406e+02
9.855195481162328406e+02
9.855195481162328406e+02
9.855195481162328406e+02
9.855195481162328406e+02
9.855195481162328406e+02
9.855195481162328406e+02
9.855195481162328406e+02
9.855195481162328406e+02
9.855195481162328406e+02
9.855195481162328406e+02
9.855195481162328406e+02
9.855195481162328406e+02
8.792607209417253671e+02
8.792607209417253671e+02
8.792607209417253671e+02
8.792607209417253671e+02
8.792607209417253671e+02
8.792607209417253671e+02
8.792607209417253671e+02
7.882036317360292514e+02
7.882036317360292514e+02
7.882036317360292514e+02
7.882036317360292514e+02
7.882036317360292514e+02
7.882036317360292514e+02
7.384148233270229866e+02
7.384148233270229866e+02
7.384148233270229866e+02
7.384148233270229866e+02
7.384148233270229866e+02
7.384148233270229866e+02
7.384148233270229866e+02
7.384148233270229866e+02
7.384148233270229866e+02
7.384148233270229866e+02
7.384148233270229866e+02
7.384148233270229866e+02
7.384148233270229866e+02
7.384148233270229866e+02
7.384148233270229866e+02
7.384148233270229866e+02
7.384148233270229866e+02
7.384148233270229866e+02
7.384148233270229866e+02
7.384148233270229866e+02
7.384148233270229866e+02
7.384148233270229866e+02
7.384148233270229866e+02
7.384148233270229866e+02
7.384148233270229866e+02
7.384148233270229866e+02
7.384148233270229866e+02
7.384148233270229866e+02
7.384148233270229866e+02
7.384148233270229866e+02
7.384148233270229866e+02
7.384148233270229866e+02
7.384148233270229866e+02
7.384148233270229866e+02
7.384148233270229866e+02
7.384148233270229866e+02
7.384148233270229866e+02
7.384148233270229866e+02
7.384148233270229866e+02
7.384148233270229866e+02
7.384148233270229866e+02
7.384148233270229866e+02
7.384148233270229866e+02
7.384148233270229866e+02
7.189208485784780578e+02
7.189208485784780578e+02
7.189208485784780578e+02
7.189208485784780578e+02
7.189208485784780578e+02
7.189208485784780578e+02
7.189208485784780578e+02
7.189208485784780578e+02
7.189208485784780578e+02
7.189208485784780578e+02
7.189208485784780578e+02
7.189208485784780578e+02
7.189208485784780578e+02
7.189208485784780578e+02
7.189208485784780578e+02
7.189208485784780578e+02
7.189208485784780578e+02
7.189208485784780578e+02
7.189208485784780578e+02
7.189208485784780578e+02
7.189208485784780578e+02
7.189208485784780578e+02
7.189208485784780578e+02
7.189208485784780578e+02
7.189208485784780578e+02
7.189208485784780578e+02
7.189208485784780578e+02
7.189208485784780578e+02
7.189208485784780578e+02
7.189208485784780578e+02
7.189208485784780578e+02
7.189208485784780578e+02
7.189208485784780578e+02
7.189208485784780578e+02
7.189208485784780578e+02
7.189208485784780578e+02
7.189208485784780578e+02
7.189208485784780578e+02
7.189208485784780578e+02
7.189208485784780578e+02
7.189208485784780578e+02
7.189208485784780578e+02
7.189208485784780578e+02
7.189208485784780578e+02
7.189208485784780578e+02
7.189208485784780578e+02
7.189208485784780578e+02
7.189208485784780578e+02
7.189208485784780578e+02
7.039656161661242777e+02
7.039656161661242777e+02
7.039656161661242777e+02
7.039656161661242777e+02
7.039656161661242777e+02
7.039656161661242777e+02
7.039656161661242777e+02
7.039656161661242777e+02
7.039656161661242777e+02
7.039656161661242777e+02
7.039656161661242777e+02
7.039656161661242777e+02
7.039656161661242777e+02
7.039656161661242777e+02
7.039656161661242777e+02
7.039656161661242777e+02
7.039656161661242777e+02
7.039656161661242777e+02
7.039656161661242777e+02
7.039656161661242777e+02
7.039656161661242777e+02
7.039656161661242777e+02
7.039656161661242777e+02
7.039656161661242777e+02
7.039656161661242777e+02
7.039656161661242777e+02
7.039656161661242777e+02
7.039656161661242777e+02
7.039656161661242777e+02
7.039656161661242777e+02
7.039656161661242777e+02
7.039656161661242777e+02
7.039656161661242777e+02
7.039656161661242777e+02
7.039656161661242777e+02
7.039656161661242777e+02
7.039656161661242777e+02
7.039656161661242777e+02
7.039656161661242777e+02
7.039656161661242777e+02
7.039656161661242777e+02
7.039656161661242777e+02
7.039656161661242777e+02
7.039656161661242777e+02
7.039656161661242777e+02
7.039656161661242777e+02
7.039656161661242777e+02
7.039656161661242777e+02
7.039656161661242777e+02
7.039656161661242777e+02
7.039656161661242777e+02
7.039656161661242777e+02
7.039656161661242777e+02
7.039656161661242777e+02
7.039656161661242777e+02
7.039656161661242777e+02
7.039656161661242777e+02
7.039656161661242777e+02
7.039656161661242777e+02
7.039656161661242777e+02
7.039656161661242777e+02
7.039656161661242777e+02
7.039656161661242777e+02
7.039656161661242777e+02
7.039656161661242777e+02
7.039656161661242777e+02
7.039656161661242777e+02
7.039656161661242777e+02
7.039656161661242777e+02
7.039656161661242777e+02
7.039656161661242777e+02
7.039656161661242777e+02
7.039656161661242777e+02
7.039656161661242777e+02
7.039656161661242777e+02
7.039656161661242777e+02
7.039656161661242777e+02
7.039656161661242777e+02
7.039656161661242777e+02
7.039656161661242777e+02
7.039656161661242777e+02
7.039656161661242777e+02
7.039656161661242777e+02
7.039656161661242777e+02
7.039656161661242777e+02
7.039656161661242777e+02
6.968175769723536632e+02
6.968175769723536632e+02
6.968175769723536632e+02
6.968175769723536632e+02
6.968175769723536632e+02
6.968175769723536632e+02
6.968175769723536632e+02
6.968175769723536632e+02
6.952987773396559987e+02
6.952987773396559987e+02
6.952987773396559987e+02
6.952987773396559987e+02
6.952987773396559987e+02
6.941456272557192051e+02
6.941456272557192051e+02
6.941456272557192051e+02
6.941456272557192051e+02
6.941456272557192051e+02
6.941456272557192051e+02
6.941456272557192051e+02
6.941456272557192051e+02
6.941456272557192051e+02
6.941456272557192051e+02
6.941456272557192051e+02
6.941456272557192051e+02
6.941456272557192051e+02
6.941456272557192051e+02
6.941456272557192051e+02
6.941456272557192051e+02
6.941456272557192051e+02
6.941456272557192051e+02
6.941456272557192051e+02
6.941456272557192051e+02
6.941456272557192051e+02
6.941456272557192051e+02
6.941456272557192051e+02
6.941456272557192051e+02
6.941456272557192051e+02
6.941456272557192051e+02
6.941456272557192051e+02
6.941456272557192051e+02
6.941456272557192051e+02
6.941456272557192051e+02
6.941456272557192051e+02
6.941456272557192051e+02
6.941456272557192051e+02
6.941456272557192051e+02
6.941456272557192051e+02
6.941456272557192051e+02
6.941456272557192051e+02
6.941456272557192051e+02
6.941456272557192051e+02
6.941456272557192051e+02
6.941456272557192051e+02
6.941456272557192051e+02
6.941456272557192051e+02
6.941456272557192051e+02
6.941456272557192051e+02
6.941456272557192051e+02
6.941456272557192051e+02
6.941456272557192051e+02
6.941456272557192051e+02
6.941456272557192051e+02
6.941456272557192051e+02
6.941456272557192051e+02
6.941456272557192051e+02
6.941456272557192051e+02
6.941018032018159829e+02
6.941018032018159829e+02
6.941018032018159829e+02
6.941018032018159829e+02
6.941018032018159829e+02
6.941018032018159829e+02
6.941018032018159829e+02
6.941018032018159829e+02
6.941018032018159829e+02
6.941018032018159829e+02
6.941018032018159829e+02
6.941018032018159829e+02
6.941018032018159829e+02
6.941018032018159829e+02
6.933714722919708038e+02
6.933714722919708038e+02
6.933714722919708038e+02
6.933714722919708038e+02
6.933714722919708038e+02
6.933714722919708038e+02
6.933714722919708038e+02
6.933714722919708038e+02
6.918889147862189475e+02
6.918889147862189475e+02
6.918889147862189475e+02
6.918889147862189475e+02
6.918889147862189475e+02
6.918889147862189475e+02
6.918889147862189475e+02
6.918889147862189475e+02
6.918889147862189475e+02
6.918889147862189475e+02
6.916315384692652515e+02
6.916315384692652515e+02
6.916315384692652515e+02
6.916315384692652515e+02
6.916315384692652515e+02
6.916315384692652515e+02
6.916315384692652515e+02
6.916315384692652515e+02
6.916315384692652515e+02
6.916315384692652515e+02
6.912014869718025238e+02
6.912014869718025238e+02
6.912014869718025238e+02
6.912014869718025238e+02
6.912014869718025238e+02
6.912014869718025238e+02
6.912014869718025238e+02
6.912014869718025238e+02
6.912014869718025238e+02
6.912014869718025238e+02
6.912014869718025238e+02
6.912014869718025238e+02
6.912014869718025238e+02
6.912014869718025238e+02
6.912014869718025238e+02
6.912014869718025238e+02
6.902954688380307289e+02
6.902954688380307289e+02
6.897351237651738529e+02
6.897351237651738529e+02
6.897351237651738529e+02
6.897351237651738529e+02
6.897351237651738529e+02
6.897351237651738529e+02
6.897351237651738529e+02
6.897351237651738529e+02
6.897351237651738529e+02
6.897351237651738529e+02
6.897351237651738529e+02
6.897351237651738529e+02
6.897351237651738529e+02
6.877836017192279314e+02
6.877836017192279314e+02
6.877836017192279314e+02
6.877836017192279314e+02
6.877836017192279314e+02
6.877836017192279314e+02
6.877836017192279314e+02
6.877836017192279314e+02
6.877836017192279314e+02
6.877836017192279314e+02
6.877836017192279314e+02
6.877836017192279314e+02
6.877836017192279314e+02
6.877836017192279314e+02
6.877836017192279314e+02
6.877836017192279314e+02
6.877836017192279314e+02
6.877836017192279314e+02
6.877836017192279314e+02
6.877836017192279314e+02
6.877836017192279314e+02
6.877836017192279314e+02
6.877836017192279314e+02
6.877836017192279314e+02
6.877836017192279314e+02
6.877836017192279314e+02
6.877836017192279314e+02
6.877836017192279314e+02
6.877836017192279314e+02
6.877836017192279314e+02
6.877836017192279314e+02
6.877836017192279314e+02
6.877836017192279314e+02
6.877836017192279314e+02
6.877836017192279314e+02
6.877836017192279314e+02
6.877836017192279314e+02
6.877836017192279314e+02
6.877836017192279314e+02
6.877836017192279314e+02
6.877836017192279314e+02
6.877836017192279314e+02
6.877836017192279314e+02
6.877836017192279314e+02
6.877836017192279314e+02
6.877836017192279314e+02
6.877836017192279314e+02
6.877836017192279314e+02
6.877836017192279314e+02
6.877836017192279314e+02
6.877836017192279314e+02
6.877836017192279314e+02
6.877836017192279314e+02
6.877836017192279314e+02
6.877836017192279314e+02
6.877836017192279314e+02
6.876012434191906095e+02
6.876012434191906095e+02
6.876012434191906095e+02
6.876012434191906095e+02
6.876012434191906095e+02
6.876012434191906095e+02
6.876012434191906095e+02
6.876012434191906095e+02
6.876012434191906095e+02
6.876012434191906095e+02
6.876012434191906095e+02
6.876012434191906095e+02
6.875287808778367662e+02
6.875287808778367662e+02
6.875287808778367662e+02
6.875287808778367662e+02
6.875287808778367662e+02
6.875287808778367662e+02
6.875287808778367662e+02
6.875287808778367662e+02
6.875287808778367662e+02
6.875287808778367662e+02
6.869747934327364192e+02
6.869747934327364192e+02
6.869747934327364192e+02
6.868370125293093906e+02
6.868370125293093906e+02
6.867421984568304651e+02
6.867421984568304651e+02
6.867421984568304651e+02
6.867421984568304651e+02
6.867421984568304651e+02
6.867421984568304651e+02
6.867421984568304651e+02
6.867421984568304651e+02
6.867421984568304651e+02
6.867421984568304651e+02
6.867421984568304651e+02
6.867421984568304651e+02
6.867421984568304651e+02
6.867421984568304651e+02
6.867421984568304651e+02
6.867421984568304651e+02
6.867421984568304651e+02
6.867421984568304651e+02
6.867421984568304651e+02
6.867421984568304651e+02
6.867421984568304651e+02
6.862543772278926326e+02
6.862543772278926326e+02
6.862543772278926326e+02
6.862543772278926326e+02
6.862543772278926326e+02
6.862543772278926326e+02
6.862543772278926326e+02
6.862433301151372689e+02
6.862433301151372689e+02
6.862433301151372689e+02
6.862433301151372689e+02
6.862433301151372689e+02
6.862433301151372689e+02
6.861183841527378036e+02
6.861183841527378036e+02
6.861183841527378036e+02
6.861183841527378036e+02
6.861183841527378036e+02
6.861183841527378036e+02
6.854808365343104697e+02
6.854808365343104697e+02
6.854808365343104697e+02
6.854808365343104697e+02
6.854808365343104697e+02
6.854808365343104697e+02
6.854808365343104697e+02
6.851792820663011980e+02
6.851792820663011980e+02
6.851792820663011980e+02
6.851792820663011980e+02
6.851792820663011980e+02
6.851792820663011980e+02
6.851792820663011980e+02
6.849240919649619173e+02
6.849240919649619173e+02
6.849240919649619173e+02
6.849240919649619173e+02
6.849240919649619173e+02
6.849240919649619173e+02
6.849240919649619173e+02
6.849240919649619173e+02
6.849240919649619173e+02
6.849240919649619173e+02
6.849240919649619173e+02
6.849240919649619173e+02
6.849240919649619173e+02
6.849240919649619173e+02
6.849240919649619173e+02
6.849240919649619173e+02
6.849240919649619173e+02
6.849240919649619173e+02
6.849240919649619173e+02
6.849240919649619173e+02
6.849240919649619173e+02
6.849240919649619173e+02
6.849240919649619173e+02
6.849240919649619173e+02
6.849240919649619173e+02
6.849240919649619173e+02
6.849240919649619173e+02
6.849240919649619173e+02
6.849240919649619173e+02
6.849240919649619173e+02
6.849240919649619173e+02
6.849240919649619173e+02
6.849240919649619173e+02
6.849240919649619173e+02
6.849240919649619173e+02
6.849064466781753708e+02
6.849064466781753708e+02
6.849064466781753708e+02
6.849064466781753708e+02
6.849064466781753708e+02
6.849064466781753708e+02
6.849064466781753708e+02
6.849064466781753708e+02
6.849064466781753708e+02
6.849064466781753708e+02
6.848214091865673936e+02
6.848214091865673936e+02
6.848214091865673936e+02
6.848214091865673936e+02
6.848214091865673936e+02
6.848214091865673936e+02
6.848214091865673936e+02
6.848214091865673936e+02
6.848214091865673936e+02
6.848214091865673936e+02
6.848214091865673936e+02
6.848214091865673936e+02
6.848214091865673936e+02
6.848214091865673936e+02
6.848214091865673936e+02
6.848214091865673936e+02
6.848214091865673936e+02
6.848214091865673936e+02
6.848214091865673936e+02
6.848214091865673936e+02
6.848214091865673936e+02
6.848214091865673936e+02
6.848214091865673936e+02
6.848214091865673936e+02
6.848214091865673936e+02
6.848214091865673936e+02
6.848214091865673936e+02
6.848214091865673936e+02
6.848214091865673936e+02
6.848214091865673936e+02
6.848214091865673936e+02
6.848214091865673936e+02
6.847375172963631940e+02
6.847375172963631940e+02
6.846918887728343179e+02
6.846918887728343179e+02
6.846918887728343179e+02
6.846918887728343179e+02
6.846918887728343179e+02
6.846918887728343179e+02
6.846918887728343179e+02
6.846918887728343179e+02
6.846918887728343179e+02
6.846918887728343179e+02
6.846918887728343179e+02
6.846918887728343179e+02
6.846918887728343179e+02
6.846918887728343179e+02
6.846918887728343179e+02
6.846918887728343179e+02
6.846918887728343179e+02
6.846918887728343179e+02
6.846918887728343179e+02
6.846918887728343179e+02
6.846918887728343179e+02
6.846918887728343179e+02
6.846918887728343179e+02
6.846918887728343179e+02
6.846918887728343179e+02
6.846918887728343179e+02
6.846918887728343179e+02
6.846918887728343179e+02
6.846918887728343179e+02
6.846918887728343179e+02
6.846918887728343179e+02
6.846918887728343179e+02
6.846918887728343179e+02
6.846918887728343179e+02
6.846918887728343179e+02
6.846918887728343179e+02
6.846918887728343179e+02
6.846918887728343179e+02
6.845497418432979657e+02
6.845497418432979657e+02
6.845497418432979657e+02
6.845497418432979657e+02
6.845497418432979657e+02
6.845497418432979657e+02
6.845497418432979657e+02
6.845497418432979657e+02
6.845497418432979657e+02
6.845497418432979657e+02
6.845497418432979657e+02
6.845497418432979657e+02
6.845497418432979657e+02
6.845497418432979657e+02
6.845497418432979657e+02
6.845497418432979657e+02
6.845497418432979657e+02
6.845497418432979657e+02
6.845497418432979657e+02
6.845497418432979657e+02
6.845497418432979657e+02
6.845497418432979657e+02
6.845497418432979657e+02
6.845497418432979657e+02
6.845497418432979657e+02
6.845497418432979657e+02
6.845497418432979657e+02
6.845497418432979657e+02
6.845497418432979657e+02
6.845497418432979657e+02
6.845497418432979657e+02
6.845497418432979657e+02
6.845497418432979657e+02
6.843905547846063655e+02
6.843905547846063655e+02
6.843905547846063655e+02
6.843905547846063655e+02
6.843905547846063655e+02
6.843905547846063655e+02
6.843905547846063655e+02
6.843905547846063655e+02
6.843905547846063655e+02
6.843905547846063655e+02
6.843905547846063655e+02
6.843905547846063655e+02
6.843905547846063655e+02
6.843905547846063655e+02
6.843905547846063655e+02
6.843905547846063655e+02
6.843905547846063655e+02
6.843905547846063655e+02
6.843905547846063655e+02
6.843905547846063655e+02
6.843905547846063655e+02
6.843905547846063655e+02
6.843905547846063655e+02
6.843905547846063655e+02
6.843905547846063655e+02
6.843905547846063655e+02
6.843905547846063655e+02
6.843905547846063655e+02
6.843905547846063655e+02
6.843905547846063655e+02
6.843905547846063655e+02
6.843905547846063655e+02
6.843769599924371505e+02
6.843769599924371505e+02
6.843769599924371505e+02
6.843769599924371505e+02
6.843769599924371505e+02
6.843769599924371505e+02
6.843769599924371505e+02
6.843769599924371505e+02
6.843769599924371505e+02
6.843769599924371505e+02
6.843769599924371505e+02
6.843769599924371505e+02
6.843769599924371505e+02
6.843769599924371505e+02
6.843769599924371505e+02
6.843769599924371505e+02
6.843769599924371505e+02
6.843769599924371505e+02
6.843769599924371505e+02
6.843769599924371505e+02
6.843769599924371505e+02
6.843769599924371505e+02
6.843769599924371505e+02
6.843769599924371505e+02
6.843769599924371505e+02
6.843769599924371505e+02
6.843769599924371505e+02
6.843769599924371505e+02
6.843769599924371505e+02
6.843769599924371505e+02
6.843769599924371505e+02
6.843769599924371505e+02
6.843769599924371505e+02
6.843769599924371505e+02
6.843769599924371505e+02
6.843769599924371505e+02
6.843769599924371505e+02
6.843769599924371505e+02
6.843769599924371505e+02
6.843769599924371505e+02
6.843769599924371505e+02
6.843769599924371505e+02
6.843769599924371505e+02
6.843769599924371505e+02
6.843769599924371505e+02
6.843769599924371505e+02
6.843769599924371505e+02
6.843769599924371505e+02
6.843769599924371505e+02
6.843769599924371505e+02
6.843769599924371505e+02
6.843769599924371505e+02
6.843769599924371505e+02
6.843769599924371505e+02
6.843769599924371505e+02
6.843769599924371505e+02
6.843769599924371505e+02
6.843769599924371505e+02
6.843769599924371505e+02
6.843769599924371505e+02
6.843769599924371505e+02
6.843769599924371505e+02
6.843769599924371505e+02
6.843769599924371505e+02
6.843769599924371505e+02
6.843769599924371505e+02
6.843769599924371505e+02
6.843769599924371505e+02
6.843769599924371505e+02
6.843769599924371505e+02
6.843769599924371505e+02
6.843769599924371505e+02
6.843769599924371505e+02
6.843769599924371505e+02
6.843769599924371505e+02
6.843769599924371505e+02
6.843769599924371505e+02
6.843769599924371505e+02
6.843769599924371505e+02
6.843769599924371505e+02
6.843769599924371505e+02
6.843769599924371505e+02
6.843769599924371505e+02
6.843769599924371505e+02
6.843769599924371505e+02
6.843769599924371505e+02
6.843769599924371505e+02
6.843769599924371505e+02
6.843769599924371505e+02
6.843769599924371505e+02
6.843769599924371505e+02
6.843305899148414255e+02
6.843305899148414255e+02
6.843305899148414255e+02
6.843305899148414255e+02
6.843305899148414255e+02
6.843305899148414255e+02
6.843305899148414255e+02
6.843305899148414255e+02
6.843297214941346738e+02
6.843297214941346738e+02
6.843297214941346738e+02
6.843297214941346738e+02
6.843297214941346738e+02
6.843297214941346738e+02
6.843297214941346738e+02
6.843297214941346738e+02
6.843290836223629867e+02
6.843290836223629867e+02
6.843290836223629867e+02
6.843290836223629867e+02
6.843290836223629867e+02
6.843290836223629867e+02
6.843290836223629867e+02
6.843290836223629867e+02
6.843290836223629867e+02
6.843290836223629867e+02
6.843290836223629867e+02
6.843290836223629867e+02
6.843290836223629867e+02
6.843290836223629867e+02
6.843290836223629867e+02
6.843290836223629867e+02
6.843290836223629867e+02
6.843290836223629867e+02
6.843290836223629867e+02
6.843290836223629867e+02
6.843290836223629867e+02
6.843290836223629867e+02
6.843290836223629867e+02
6.843290836223629867e+02
6.843290836223629867e+02
6.843290836223629867e+02
6.843290836223629867e+02
6.843290836223629867e+02
6.843290836223629867e+02
6.843290836223629867e+02
6.843220040456802735e+02
6.843220040456802735e+02
6.843220040456802735e+02
6.843220040456802735e+02
6.843220040456802735e+02
6.843220040456802735e+02
6.843220040456802735e+02
6.843220040456802735e+02
6.843220040456802735e+02
6.843220040456802735e+02
6.843220040456802735e+02
6.843220040456802735e+02
6.843220040456802735e+02
6.843220040456802735e+02
6.843220040456802735e+02
6.843220040456802735e+02
6.843220040456802735e+02
6.843220040456802735e+02
6.843220040456802735e+02
6.843220040456802735e+02
6.843220040456802735e+02
6.843220040456802735e+02
6.843220040456802735e+02
6.843220040456802735e+02
6.843220040456802735e+02
6.843220040456802735e+02
6.843220040456802735e+02
6.843220040456802735e+02
6.843096334069123259e+02
6.843096334069123259e+02
6.843096334069123259e+02
6.843096334069123259e+02
6.843070488951703965e+02
6.843070488951703965e+02
6.843070488951703965e+02
6.843070488951703965e+02
6.843070488951703965e+02
6.843070488951703965e+02
6.843070488951703965e+02
6.843070488951703965e+02
6.843057280628873968e+02
6.843057280628873968e+02
6.843057280628873968e+02
6.843057280628873968e+02
6.843057280628873968e+02
6.843057280628873968e+02
6.843057280628873968e+02
6.842881044380728781e+02
6.842881044380728781e+02
6.842881044380728781e+02
6.842881044380728781e+02
6.842881044380728781e+02
6.842881044380728781e+02
6.842881044380728781e+02
6.842881044380728781e+02
6.842881044380728781e+02
6.842881044380728781e+02
6.842881044380728781e+02
6.842881044380728781e+02
6.842881044380728781e+02
6.842881044380728781e+02
6.842881044380728781e+02
6.842881044380728781e+02
6.842881044380728781e+02
6.842881044380728781e+02
6.842881044380728781e+02
6.842881044380728781e+02
6.842881044380728781e+02
6.842881044380728781e+02
6.842881044380728781e+02
6.842881044380728781e+02
6.842881044380728781e+02
6.842881044380728781e+02
6.842881044380728781e+02
6.842881044380728781e+02
6.842881044380728781e+02
6.842881044380728781e+02
6.842881044380728781e+02
6.842881044380728781e+02
6.842881044380728781e+02
6.842881044380728781e+02
6.842881044380728781e+02
6.842881044380728781e+02
6.842881044380728781e+02
6.842881044380728781e+02
6.842881044380728781e+02
6.842881044380728781e+02
6.842881044380728781e+02
6.842881044380728781e+02
6.842881044380728781e+02
6.842881044380728781e+02
6.842881044380728781e+02
6.842881044380728781e+02
6.842881044380728781e+02
6.842881044380728781e+02
6.842881044380728781e+02
6.842881044380728781e+02
6.842881044380728781e+02
6.842881044380728781e+02
6.842881044380728781e+02
6.842881044380728781e+02
6.842881044380728781e+02
6.842881044380728781e+02
6.842881044380728781e+02
6.842881044380728781e+02
6.842881044380728781e+02
6.842881044380728781e+02
6.842881044380728781e+02
6.842881044380728781e+02
6.842881044380728781e+02
6.842881044380728781e+02
6.842881044380728781e+02
6.842881044380728781e+02
6.842881044380728781e+02
6.842881044380728781e+02
6.842881044380728781e+02
6.842881044380728781e+02
6.842857685079371777e+02
6.842857685079371777e+02
6.842857685079371777e+02
6.842857685079371777e+02
6.842857685079371777e+02
6.842857685079371777e+02
6.842857685079371777e+02
6.842857685079371777e+02
6.842857685079371777e+02
6.842857685079371777e+02
6.842857685079371777e+02
6.842857685079371777e+02
6.842857685079371777e+02
6.842857685079371777e+02
6.842857685079371777e+02
6.842857685079371777e+02
6.842737404149299891e+02
6.842737404149299891e+02
6.842737404149299891e+02
6.842737404149299891e+02
6.842737404149299891e+02
6.842737404149299891e+02
6.842737404149299891e+02
6.842737404149299891e+02
6.842737404149299891e+02
6.842737404149299891e+02
6.842737404149299891e+02
6.842737404149299891e+02
6.842737404149299891e+02
6.842737404149299891e+02
6.842737404149299891e+02
6.842737404149299891e+02
6.842737404149299891e+02
6.842737404149299891e+02
6.842737404149299891e+02
6.842737404149299891e+02
6.842737404149299891e+02
6.842737404149299891e+02
6.842737404149299891e+02
6.842737404149299891e+02
6.842737404149299891e+02
6.842737404149299891e+02
6.842737404149299891e+02
6.842737404149299891e+02
6.842677890237780503e+02
6.842677890237780503e+02
6.842677890237780503e+02
6.842677890237780503e+02
6.842677890237780503e+02
6.842677890237780503e+02
6.842677890237780503e+02
6.842677890237780503e+02
6.842677890237780503e+02
6.842677890237780503e+02
6.842677890237780503e+02
6.842677890237780503e+02
6.842677890237780503e+02
6.842677890237780503e+02
6.842677890237780503e+02
6.842677890237780503e+02
6.842677890237780503e+02
6.842677890237780503e+02
6.842677890237780503e+02
6.842677890237780503e+02
6.842630551064494284e+02
6.842593668435031304e+02
6.842593668435031304e+02
6.842593668435031304e+02
6.842593668435031304e+02
6.842593668435031304e+02
6.842593668435031304e+02
6.842593668435031304e+02
6.842593668435031304e+02
6.842593668435031304e+02
6.842593668435031304e+02
6.842593668435031304e+02
6.842593668435031304e+02
6.842593668435031304e+02
6.842593668435031304e+02
6.842593668435031304e+02
6.842593668435031304e+02
6.842556219860018700e+02
6.842556219860018700e+02
6.842556219860018700e+02
6.842532658494167208e+02
6.842532658494167208e+02
6.842532658494167208e+02
6.842532658494167208e+02
6.842532658494167208e+02
6.842532658494167208e+02
6.842532658494167208e+02
6.842532658494167208e+02
6.842532658494167208e+02
6.842532658494167208e+02
6.842532658494167208e+02
6.842532658494167208e+02
6.842532658494167208e+02
6.842532658494167208e+02
6.842532658494167208e+02
6.842502893366673788e+02
6.842502893366673788e+02
6.842502893366673788e+02
6.842502893366673788e+02
6.842502893366673788e+02
6.842449729550141910e+02
6.842449729550141910e+02
6.842449729550141910e+02
6.842421667611358771e+02
6.842421667611358771e+02
6.842421667611358771e+02
6.842421667611358771e+02
6.842421667611358771e+02
6.842421667611358771e+02
6.842383545076861537e+02
6.842383545076861537e+02
6.842383545076861537e+02
6.842383545076861537e+02
6.842383545076861537e+02
6.842383545076861537e+02
6.842383545076861537e+02
6.842383545076861537e+02
6.842309776929130294e+02
6.842212672209957418e+02
6.842212672209957418e+02
6.842212672209957418e+02
6.842212672209957418e+02
6.842212672209957418e+02
6.842212672209957418e+02
6.842212672209957418e+02
6.842212672209957418e+02
6.842212672209957418e+02
6.842212672209957418e+02
6.842212672209957418e+02
6.842212672209957418e+02
6.842212672209957418e+02
6.842212672209957418e+02
6.842212672209957418e+02
6.842212672209957418e+02
6.842212672209957418e+02
6.842212672209957418e+02
6.842212672209957418e+02
6.842200065528022606e+02
6.842200065528022606e+02
6.842200065528022606e+02
6.842200065528022606e+02
6.842200065528022606e+02
6.842200065528022606e+02
6.842200065528022606e+02
6.842200065528022606e+02
6.842200065528022606e+02
6.842200065528022606e+02
6.842200065528022606e+02
6.842186524807626711e+02
6.842186524807626711e+02
6.842186524807626711e+02
6.842186524807626711e+02
6.842186524807626711e+02
6.842186524807626711e+02
6.842186524807626711e+02
6.842186524807626711e+02
6.842186524807626711e+02
6.842186524807626711e+02
6.842186524807626711e+02
6.842186524807626711e+02
6.842186524807626711e+02
6.842186524807626711e+02
6.842186524807626711e+02
6.842186524807626711e+02
6.842186524807626711e+02
6.842186524807626711e+02
6.842186524807626711e+02
6.842186524807626711e+02
6.842186524807626711e+02
6.842186524807626711e+02
6.842186524807626711e+02
6.842186524807626711e+02
6.842186524807626711e+02
6.842175566789831009e+02
6.842175566789831009e+02
6.842175566789831009e+02
6.842175566789831009e+02
6.842175566789831009e+02
6.842175566789831009e+02
6.842175566789831009e+02
6.842175566789831009e+02
6.842175566789831009e+02
6.842175566789831009e+02
6.842156884430446553e+02
6.842156884430446553e+02
6.842156884430446553e+02
6.842156884430446553e+02
6.842156884430446553e+02
6.842100954044612990e+02
6.842100954044612990e+02
6.842100954044612990e+02
6.842100954044612990e+02
6.842100954044612990e+02
6.842100954044612990e+02
6.842100954044612990e+02
6.842100954044612990e+02
6.842100954044612990e+02
6.842100954044612990e+02
6.842100954044612990e+02
6.842100954044612990e+02
6.842100954044612990e+02
6.842100954044612990e+02
6.842100954044612990e+02
6.842100954044612990e+02
6.842100954044612990e+02
6.842100954044612990e+02
6.842100954044612990e+02
6.842100954044612990e+02
6.842100954044612990e+02
6.842100954044612990e+02
6.842100954044612990e+02
6.842100954044612990e+02
6.842100954044612990e+02
6.842100954044612990e+02
6.842100954044612990e+02
6.842100954044612990e+02
6.842100954044612990e+02
6.842100954044612990e+02
6.842100954044612990e+02
6.842100954044612990e+02
6.842100954044612990e+02
6.842100954044612990e+02
6.842100954044612990e+02
6.842100954044612990e+02
6.842065347270274742e+02
6.842065347270274742e+02
6.842022955603160881e+02
6.842022955603160881e+02
6.842022955603160881e+02
6.842022955603160881e+02
