1.636564508838998154e+04
1.636564508838998154e+04
1.636564508838998154e+04
3.205645247799534445e+03
1.180882190159929905e+03
1.180882190159929905e+03
1.180882190159929905e+03
1.180882190159929905e+03
1.098600581013725559e+03
1.098600581013725559e+03
1.098600581013725559e+03
1.098600581013725559e+03
1.098600581013725559e+03
8.546760196853514344e+02
8.546760196853514344e+02
8.546760196853514344e+02
8.546760196853514344e+02
8.546760196853514344e+02
8.546760196853514344e+02
8.546760196853514344e+02
8.546760196853514344e+02
8.546760196853514344e+02
8.546760196853514344e+02
8.546760196853514344e+02
8.546760196853514344e+02
8.546760196853514344e+02
8.546760196853514344e+02
8.546760196853514344e+02
8.546760196853514344e+02
8.546760196853514344e+02
8.546760196853514344e+02
8.546760196853514344e+02
8.546760196853514344e+02
8.546760196853514344e+02
8.546760196853514344e+02
8.546760196853514344e+02
8.546760196853514344e+02
8.546760196853514344e+02
8.546760196853514344e+02
8.546760196853514344e+02
8.546760196853514344e+02
8.546760196853514344e+02
8.546760196853514344e+02
8.546760196853514344e+02
8.546760196853514344e+02
8.546760196853514344e+02
8.546760196853514344e+02
8.546760196853514344e+02
8.546760196853514344e+02
8.546760196853514344e+02
8.546760196853514344e+02
8.546760196853514344e+02
8.546760196853514344e+02
8.546760196853514344e+02
8.546760196853514344e+02
8.546760196853514344e+02
8.546760196853514344e+02
8.546760196853514344e+02
8.546760196853514344e+02
8.546760196853514344e+02
8.546760196853514344e+02
8.338903094387839019e+02
8.338903094387839019e+02
8.338903094387839019e+02
8.338903094387839019e+02
8.338903094387839019e+02
8.338903094387839019e+02
8.338903094387839019e+02
8.338903094387839019e+02
8.338903094387839019e+02
8.338903094387839019e+02
8.338903094387839019e+02
8.338903094387839019e+02
8.338903094387839019e+02
8.338903094387839019e+02
8.338903094387839019e+02
8.338903094387839019e+02
8.338903094387839019e+02
8.193284091100676960e+02
8.193284091100676960e+02
8.193284091100676960e+02
8.193284091100676960e+02
8.193284091100676960e+02
8.193284091100676960e+02
8.193284091100676960e+02
8.193284091100676960e+02
8.193284091100676960e+02
8.193284091100676960e+02
8.193284091100676960e+02
7.956460226998506187e+02
7.898024910060546517e+02
7.898024910060546517e+02
7.898024910060546517e+02
7.898024910060546517e+02
7.898024910060546517e+02
7.898024910060546517e+02
7.898024910060546517e+02
7.898024910060546517e+02
7.898024910060546517e+02
7.898024910060546517e+02
7.898024910060546517e+02
7.898024910060546517e+02
7.898024910060546517e+02
7.898024910060546517e+02
7.898024910060546517e+02
7.454399871645471194e+02
7.454399871645471194e+02
7.454399871645471194e+02
7.454399871645471194e+02
7.454399871645471194e+02
7.454399871645471194e+02
7.454399871645471194e+02
7.454399871645471194e+02
7.454399871645471194e+02
7.454399871645471194e+02
7.454399871645471194e+02
7.454399871645471194e+02
7.454399871645471194e+02
7.376757676851354972e+02
7.376757676851354972e+02
7.376757676851354972e+02
7.376757676851354972e+02
7.376757676851354972e+02
7.376757676851354972e+02
7.376103237955777558e+02
7.376103237955777558e+02
7.376103237955777558e+02
7.376103237955777558e+02
7.376103237955777558e+02
7.376103237955777558e+02
7.376103237955777558e+02
7.376103237955777558e+02
7.376103237955777558e+02
7.376103237955777558e+02
7.376103237955777558e+02
7.376103237955777558e+02
7.376103237955777558e+02
7.376103237955777558e+02
7.376103237955777558e+02
7.376103237955777558e+02
7.376103237955777558e+02
7.376103237955777558e+02
7.376103237955777558e+02
7.376103237955777558e+02
7.376103237955777558e+02
7.376103237955777558e+02
7.376103237955777558e+02
7.376103237955777558e+02
7.376103237955777558e+02
7.376103237955777558e+02
7.376103237955777558e+02
7.376103237955777558e+02
7.376103237955777558e+02
7.376103237955777558e+02
7.376103237955777558e+02
7.376103237955777558e+02
7.376103237955777558e+02
7.376103237955777558e+02
7.376103237955777558e+02
7.376103237955777558e+02
7.376103237955777558e+02
7.376103237955777558e+02
7.376103237955777558e+02
7.376103237955777558e+02
7.376103237955777558e+02
7.376103237955777558e+02
7.376103237955777558e+02
7.376103237955777558e+02
7.376103237955777558e+02
7.376103237955777558e+02
7.376103237955777558e+02
7.376103237955777558e+02
7.376103237955777558e+02
7.376103237955777558e+02
7.376103237955777558e+02
7.376103237955777558e+02
7.376103237955777558e+02
7.376103237955777558e+02
7.376103237955777558e+02
7.376103237955777558e+02
7.376103237955777558e+02
7.376103237955777558e+02
7.376103237955777558e+02
7.376103237955777558e+02
7.376103237955777558e+02
7.376103237955777558e+02
7.376103237955777558e+02
7.376103237955777558e+02
7.376103237955777558e+02
7.376103237955777558e+02
7.376103237955777558e+02
7.376103237955777558e+02
7.376103237955777558e+02
7.362637054740528129e+02
7.362637054740528129e+02
7.362637054740528129e+02
7.362637054740528129e+02
7.362637054740528129e+02
7.362637054740528129e+02
7.362637054740528129e+02
7.362637054740528129e+02
7.362637054740528129e+02
7.362637054740528129e+02
7.362637054740528129e+02
7.362637054740528129e+02
7.362637054740528129e+02
7.362637054740528129e+02
7.362637054740528129e+02
7.362637054740528129e+02
7.362637054740528129e+02
7.333178560829896924e+02
7.333178560829896924e+02
7.333178560829896924e+02
7.333178560829896924e+02
7.333178560829896924e+02
7.333178560829896924e+02
7.333178560829896924e+02
7.333178560829896924e+02
7.259775152708800761e+02
7.259775152708800761e+02
7.236241158989015503e+02
7.236241158989015503e+02
7.236241158989015503e+02
7.236241158989015503e+02
7.200206235820720622e+02
7.200206235820720622e+02
7.200206235820720622e+02
7.200206235820720622e+02
7.200206235820720622e+02
7.200206235820720622e+02
7.200206235820720622e+02
7.200206235820720622e+02
7.200206235820720622e+02
7.200206235820720622e+02
7.200206235820720622e+02
7.200206235820720622e+02
7.200206235820720622e+02
7.200206235820720622e+02
7.200206235820720622e+02
7.200206235820720622e+02
6.979429050069046525e+02
6.979429050069046525e+02
6.979429050069046525e+02
6.979429050069046525e+02
6.979429050069046525e+02
6.979429050069046525e+02
6.979429050069046525e+02
6.979429050069046525e+02
6.979429050069046525e+02
6.979429050069046525e+02
6.979429050069046525e+02
6.979429050069046525e+02
6.979429050069046525e+02
6.979429050069046525e+02
6.979429050069046525e+02
6.979429050069046525e+02
6.979429050069046525e+02
6.979429050069046525e+02
6.979429050069046525e+02
6.979429050069046525e+02
6.979429050069046525e+02
6.979429050069046525e+02
6.979429050069046525e+02
6.875889167689430224e+02
6.875889167689430224e+02
6.875889167689430224e+02
6.875889167689430224e+02
6.875889167689430224e+02
6.875889167689430224e+02
6.875889167689430224e+02
6.875889167689430224e+02
6.875889167689430224e+02
6.875889167689430224e+02
6.875889167689430224e+02
6.875889167689430224e+02
6.875889167689430224e+02
6.875889167689430224e+02
6.875889167689430224e+02
6.875889167689430224e+02
6.875889167689430224e+02
6.875889167689430224e+02
6.875889167689430224e+02
6.875889167689430224e+02
6.875889167689430224e+02
6.875889167689430224e+02
6.875889167689430224e+02
6.875889167689430224e+02
6.875889167689430224e+02
6.875889167689430224e+02
6.875889167689430224e+02
6.875889167689430224e+02
6.875889167689430224e+02
6.875889167689430224e+02
6.875889167689430224e+02
6.875889167689430224e+02
6.875889167689430224e+02
6.875889167689430224e+02
6.875889167689430224e+02
6.875889167689430224e+02
6.875889167689430224e+02
6.875889167689430224e+02
6.875889167689430224e+02
6.875889167689430224e+02
6.875889167689430224e+02
6.875889167689430224e+02
6.875889167689430224e+02
6.875889167689430224e+02
6.875889167689430224e+02
6.875889167689430224e+02
6.875889167689430224e+02
6.875889167689430224e+02
6.875889167689430224e+02
6.875889167689430224e+02
6.875889167689430224e+02
6.875889167689430224e+02
6.875889167689430224e+02
6.875889167689430224e+02
6.875889167689430224e+02
6.875889167689430224e+02
6.875889167689430224e+02
6.875889167689430224e+02
6.875889167689430224e+02
6.875889167689430224e+02
6.875889167689430224e+02
6.875889167689430224e+02
6.875889167689430224e+02
6.875889167689430224e+02
6.875889167689430224e+02
6.875889167689430224e+02
6.875889167689430224e+02
6.875889167689430224e+02
6.875889167689430224e+02
6.875889167689430224e+02
6.875889167689430224e+02
6.875889167689430224e+02
6.875889167689430224e+02
6.875889167689430224e+02
6.875889167689430224e+02
6.875889167689430224e+02
6.875889167689430224e+02
6.875889167689430224e+02
6.875889167689430224e+02
6.875889167689430224e+02
6.875889167689430224e+02
6.875889167689430224e+02
6.875889167689430224e+02
6.875889167689430224e+02
6.875889167689430224e+02
6.875889167689430224e+02
6.875889167689430224e+02
6.875889167689430224e+02
6.875889167689430224e+02
6.875889167689430224e+02
6.875889167689430224e+02
6.875889167689430224e+02
6.875889167689430224e+02
6.875889167689430224e+02
6.875889167689430224e+02
6.875889167689430224e+02
6.875889167689430224e+02
6.875889167689430224e+02
6.875889167689430224e+02
6.875889167689430224e+02
6.875889167689430224e+02
6.875889167689430224e+02
6.875889167689430224e+02
6.875889167689430224e+02
6.875889167689430224e+02
6.875889167689430224e+02
6.875889167689430224e+02
6.875889167689430224e+02
6.875889167689430224e+02
6.875889167689430224e+02
6.875889167689430224e+02
6.875889167689430224e+02
6.875889167689430224e+02
6.875889167689430224e+02
6.875889167689430224e+02
6.875889167689430224e+02
6.875889167689430224e+02
6.875889167689430224e+02
6.875889167689430224e+02
6.875889167689430224e+02
6.875889167689430224e+02
6.875889167689430224e+02
6.875889167689430224e+02
6.875889167689430224e+02
6.875889167689430224e+02
6.875889167689430224e+02
6.875889167689430224e+02
6.875889167689430224e+02
6.875889167689430224e+02
6.875889167689430224e+02
6.875889167689430224e+02
6.875889167689430224e+02
6.875889167689430224e+02
6.875889167689430224e+02
6.875889167689430224e+02
6.875889167689430224e+02
6.875889167689430224e+02
6.875889167689430224e+02
6.875889167689430224e+02
6.875889167689430224e+02
6.875889167689430224e+02
6.875889167689430224e+02
6.875889167689430224e+02
6.875889167689430224e+02
6.875889167689430224e+02
6.875889167689430224e+02
6.875889167689430224e+02
6.875889167689430224e+02
6.875429741493757092e+02
6.875429741493757092e+02
6.875429741493757092e+02
6.875429741493757092e+02
6.875429741493757092e+02
6.875429741493757092e+02
6.868404475921265657e+02
6.868404475921265657e+02
6.868404475921265657e+02
6.866091675978449302e+02
6.866091675978449302e+02
6.866091675978449302e+02
6.866091675978449302e+02
6.866091675978449302e+02
6.866091675978449302e+02
6.866091675978449302e+02
6.866091675978449302e+02
6.866091675978449302e+02
6.866091675978449302e+02
6.866091675978449302e+02
6.866091675978449302e+02
6.866091675978449302e+02
6.866091675978449302e+02
6.866091675978449302e+02
6.866091675978449302e+02
6.866091675978449302e+02
6.866091675978449302e+02
6.866091675978449302e+02
6.866091675978449302e+02
6.866091675978449302e+02
6.866091675978449302e+02
6.866091675978449302e+02
6.866091675978449302e+02
6.866091675978449302e+02
6.866091675978449302e+02
6.862010314065933017e+02
6.862010314065933017e+02
6.862010314065933017e+02
6.862010314065933017e+02
6.862010314065933017e+02
6.862010314065933017e+02
6.862010314065933017e+02
6.861935088260088378e+02
6.857781330717375567e+02
6.857781330717375567e+02
6.857781330717375567e+02
6.857781330717375567e+02
6.857781330717375567e+02
6.857781330717375567e+02
6.857781330717375567e+02
6.857781330717375567e+02
6.857781330717375567e+02
6.856005632489490154e+02
6.856005632489490154e+02
6.856005632489490154e+02
6.856005632489490154e+02
6.856005632489490154e+02
6.856005632489490154e+02
6.856005632489490154e+02
6.856005632489490154e+02
6.856005632489490154e+02
6.856005632489490154e+02
6.856005632489490154e+02
6.856005632489490154e+02
6.853621325891938341e+02
6.853621325891938341e+02
6.853621325891938341e+02
6.853621325891938341e+02
6.853621325891938341e+02
6.850873074286384963e+02
6.850873074286384963e+02
6.850873074286384963e+02
6.850873074286384963e+02
6.850873074286384963e+02
6.850873074286384963e+02
6.850873074286384963e+02
6.850873074286384963e+02
6.850873074286384963e+02
6.850873074286384963e+02
6.850873074286384963e+02
6.850873074286384963e+02
6.850873074286384963e+02
6.850873074286384963e+02
6.850873074286384963e+02
6.850873074286384963e+02
6.850873074286384963e+02
6.850873074286384963e+02
6.850873074286384963e+02
6.850873074286384963e+02
6.850873074286384963e+02
6.850873074286384963e+02
6.850873074286384963e+02
6.850873074286384963e+02
6.850873074286384963e+02
6.850873074286384963e+02
6.850873074286384963e+02
6.850873074286384963e+02
6.850873074286384963e+02
6.850873074286384963e+02
6.850873074286384963e+02
6.850873074286384963e+02
6.850873074286384963e+02
6.850873074286384963e+02
6.850873074286384963e+02
6.849370062735858937e+02
6.849370062735858937e+02
6.849370062735858937e+02
6.849370062735858937e+02
6.849370062735858937e+02
6.849370062735858937e+02
6.849370062735858937e+02
6.849370062735858937e+02
6.849370062735858937e+02
6.849370062735858937e+02
6.849370062735858937e+02
6.849370062735858937e+02
6.849370062735858937e+02
6.849370062735858937e+02
6.848044026846192764e+02
6.848044026846192764e+02
6.848044026846192764e+02
6.848044026846192764e+02
6.848044026846192764e+02
6.848044026846192764e+02
6.848044026846192764e+02
6.848044026846192764e+02
6.848044026846192764e+02
6.848044026846192764e+02
6.848044026846192764e+02
6.848044026846192764e+02
6.848044026846192764e+02
6.848037214303470819e+02
6.848037214303470819e+02
6.848037214303470819e+02
6.848037214303470819e+02
6.847694079613644362e+02
6.847694079613644362e+02
6.847694079613644362e+02
6.847694079613644362e+02
6.847694079613644362e+02
6.847694079613644362e+02
6.846155191995175073e+02
6.846155191995175073e+02
6.846155191995175073e+02
6.846155191995175073e+02
6.846155191995175073e+02
6.846155191995175073e+02
6.846155191995175073e+02
6.846155191995175073e+02
6.846155191995175073e+02
6.846155191995175073e+02
6.846155191995175073e+02
6.846155191995175073e+02
6.846155191995175073e+02
6.846155191995175073e+02
6.846155191995175073e+02
6.846155191995175073e+02
6.846155191995175073e+02
6.846155191995175073e+02
6.846155191995175073e+02
6.846155191995175073e+02
6.846155191995175073e+02
6.846155191995175073e+02
6.846155191995175073e+02
6.846155191995175073e+02
6.846155191995175073e+02
6.846155191995175073e+02
6.846155191995175073e+02
6.846155191995175073e+02
6.846155191995175073e+02
6.846155191995175073e+02
6.846155191995175073e+02
6.846155191995175073e+02
6.846155191995175073e+02
6.846155191995175073e+02
6.846155191995175073e+02
6.846155191995175073e+02
6.846155191995175073e+02
6.846155191995175073e+02
6.846155191995175073e+02
6.846155191995175073e+02
6.846155191995175073e+02
6.846155191995175073e+02
6.846155191995175073e+02
6.846155191995175073e+02
6.846155191995175073e+02
6.846155191995175073e+02
6.846155191995175073e+02
6.846155191995175073e+02
6.846155191995175073e+02
6.846155191995175073e+02
6.846155191995175073e+02
6.846155191995175073e+02
6.846155191995175073e+02
6.846155191995175073e+02
6.846155191995175073e+02
6.846155191995175073e+02
6.846155191995175073e+02
6.846155191995175073e+02
6.846155191995175073e+02
6.846155191995175073e+02
6.846155191995175073e+02
6.846125284101045736e+02
6.846125284101045736e+02
6.845975858568788226e+02
6.845975858568788226e+02
6.845975858568788226e+02
6.845975858568788226e+02
6.845975858568788226e+02
6.845975858568788226e+02
6.845975858568788226e+02
6.845975858568788226e+02
6.845975858568788226e+02
6.845930418300397378e+02
6.845930418300397378e+02
6.845930418300397378e+02
6.845930418300397378e+02
6.845930418300397378e+02
6.845930418300397378e+02
6.845930418300397378e+02
6.845930418300397378e+02
6.845930418300397378e+02
6.845930418300397378e+02
6.845930418300397378e+02
6.845930418300397378e+02
6.845930418300397378e+02
6.845930418300397378e+02
6.845930418300397378e+02
6.845930418300397378e+02
6.845930418300397378e+02
6.845930418300397378e+02
6.845930418300397378e+02
6.845930418300397378e+02
6.845930418300397378e+02
6.845930418300397378e+02
6.845930418300397378e+02
6.845930418300397378e+02
6.845930418300397378e+02
6.845930418300397378e+02
6.844580623920960534e+02
6.844580623920960534e+02
6.844580623920960534e+02
6.844580623920960534e+02
6.844580623920960534e+02
6.844580623920960534e+02
6.844580623920960534e+02
6.844580623920960534e+02
6.844580623920960534e+02
6.844580623920960534e+02
6.844580623920960534e+02
6.844580623920960534e+02
6.844580623920960534e+02
6.844217819785733354e+02
6.844217819785733354e+02
6.844217819785733354e+02
6.844217819785733354e+02
6.844217819785733354e+02
6.844217819785733354e+02
6.844217819785733354e+02
6.844217819785733354e+02
6.844217819785733354e+02
6.843601175506140635e+02
6.843601175506140635e+02
6.843601175506140635e+02
6.843601175506140635e+02
6.843601175506140635e+02
6.843601175506140635e+02
6.843601175506140635e+02
6.843601175506140635e+02
6.843601175506140635e+02
6.843601175506140635e+02
6.843601175506140635e+02
6.843601175506140635e+02
6.843601175506140635e+02
6.843601175506140635e+02
6.843601175506140635e+02
6.843601175506140635e+02
6.843601175506140635e+02
6.843601175506140635e+02
6.843601175506140635e+02
6.843601175506140635e+02
6.843601175506140635e+02
6.843601175506140635e+02
6.843601175506140635e+02
6.843601175506140635e+02
6.843601175506140635e+02
6.843601175506140635e+02
6.843601175506140635e+02
6.843601175506140635e+02
6.843601175506140635e+02
6.843601175506140635e+02
6.843601175506140635e+02
6.843601175506140635e+02
6.843601175506140635e+02
6.843601175506140635e+02
6.843601175506140635e+02
6.843601175506140635e+02
6.843601175506140635e+02
6.843601175506140635e+02
6.843601175506140635e+02
6.843601175506140635e+02
6.843601175506140635e+02
6.843601175506140635e+02
6.843601175506140635e+02
6.843601175506140635e+02
6.843449916107322224e+02
6.843449916107322224e+02
6.843449916107322224e+02
6.843449916107322224e+02
6.843449916107322224e+02
6.843449916107322224e+02
6.843449916107322224e+02
6.843449916107322224e+02
6.842832801253583739e+02
6.842832801253583739e+02
6.842706410360236760e+02
6.842706410360236760e+02
6.842706410360236760e+02
6.842706410360236760e+02
6.842706410360236760e+02
6.842706410360236760e+02
6.842706410360236760e+02
6.842706410360236760e+02
6.842706410360236760e+02
6.842706410360236760e+02
6.842706410360236760e+02
6.842706410360236760e+02
6.842706410360236760e+02
6.842706410360236760e+02
6.842706410360236760e+02
6.842706410360236760e+02
6.842706410360236760e+02
6.842706410360236760e+02
6.842706410360236760e+02
6.842706410360236760e+02
6.842706410360236760e+02
6.842706410360236760e+02
6.842706410360236760e+02
6.842706410360236760e+02
6.842706410360236760e+02
6.842706410360236760e+02
6.842706410360236760e+02
6.842706410360236760e+02
6.842706410360236760e+02
6.842706410360236760e+02
6.842706410360236760e+02
6.842706410360236760e+02
6.842706410360236760e+02
6.842706410360236760e+02
6.842445070702596013e+02
6.842445070702596013e+02
6.842445070702596013e+02
6.842445070702596013e+02
6.842445070702596013e+02
6.842355677180051998e+02
6.842355677180051998e+02
6.842355677180051998e+02
6.842355677180051998e+02
6.842355677180051998e+02
6.842355677180051998e+02
6.842355677180051998e+02
6.842355677180051998e+02
6.842355677180051998e+02
6.842355677180051998e+02
6.842355677180051998e+02
6.842355677180051998e+02
6.842355677180051998e+02
6.842355677180051998e+02
6.842355677180051998e+02
6.842355677180051998e+02
6.842355677180051998e+02
6.842355677180051998e+02
6.842355677180051998e+02
6.842355677180051998e+02
6.842355677180051998e+02
6.842355677180051998e+02
6.842355677180051998e+02
6.842355677180051998e+02
6.842355677180051998e+02
6.842355677180051998e+02
6.842355677180051998e+02
6.842355677180051998e+02
6.842355677180051998e+02
6.842168710047643572e+02
6.842168710047643572e+02
6.842168710047643572e+02
6.842168710047643572e+02
6.842168710047643572e+02
6.842168710047643572e+02
6.842168710047643572e+02
6.842168710047643572e+02
6.842168710047643572e+02
6.842168710047643572e+02
6.842168710047643572e+02
6.842168710047643572e+02
6.842168710047643572e+02
6.842168710047643572e+02
6.842168710047643572e+02
6.842168710047643572e+02
6.842168710047643572e+02
6.842168710047643572e+02
6.842168710047643572e+02
6.842168710047643572e+02
6.842168710047643572e+02
6.842168710047643572e+02
6.842168710047643572e+02
6.842168710047643572e+02
6.842168710047643572e+02
6.842168710047643572e+02
6.842168710047643572e+02
6.842168710047643572e+02
6.842168710047643572e+02
6.842168710047643572e+02
6.842168710047643572e+02
6.842168710047643572e+02
6.842168710047643572e+02
6.842168710047643572e+02
6.842168710047643572e+02
6.842168710047643572e+02
6.842168710047643572e+02
6.842168710047643572e+02
6.842168710047643572e+02
6.842168710047643572e+02
6.842168710047643572e+02
6.842168710047643572e+02
6.842147788532083723e+02
6.842147788532083723e+02
6.842147788532083723e+02
6.842116333976920259e+02
6.842116333976920259e+02
6.842116333976920259e+02
6.842116333976920259e+02
6.842116333976920259e+02
6.842116333976920259e+02
6.842116333976920259e+02
6.842116333976920259e+02
6.842116333976920259e+02
6.842116333976920259e+02
6.842116333976920259e+02
6.842116333976920259e+02
6.842116333976920259e+02
6.842116333976920259e+02
6.842116333976920259e+02
6.842116333976920259e+02
6.842116333976920259e+02
6.842116333976920259e+02
6.842116333976920259e+02
6.842116333976920259e+02
6.842116333976920259e+02
6.842116333976920259e+02
6.842116333976920259e+02
6.842116333976920259e+02
6.842116333976920259e+02
6.842116333976920259e+02
6.842111749258658620e+02
6.842111749258658620e+02
6.842111749258658620e+02
6.842097519922152742e+02
6.842097519922152742e+02
6.842097519922152742e+02
6.842089158713812367e+02
6.842089158713812367e+02
6.842089158713812367e+02
6.842089158713812367e+02
6.842089158713812367e+02
6.842089158713812367e+02
6.842089158713812367e+02
6.842089158713812367e+02
6.842089158713812367e+02
6.842089158713812367e+02
6.842089158713812367e+02
6.842089158713812367e+02
6.842089158713812367e+02
6.842089158713812367e+02
6.842089158713812367e+02
6.842053164181279499e+02
6.842053164181279499e+02
6.842032523794601957e+02
6.842032523794601957e+02
6.842032523794601957e+02
6.842032523794601957e+02
6.842032523794601957e+02
6.842032523794601957e+02
6.842032523794601957e+02
6.842032523794601957e+02
6.842032523794601957e+02
6.842032523794601957e+02
6.842032523794601957e+02
6.842032523794601957e+02
6.842032523794601957e+02
6.842032523794601957e+02
6.842032523794601957e+02
6.842032523794601957e+02
6.842032523794601957e+02
6.842032523794601957e+02
6.842032523794601957e+02
6.842032523794601957e+02
6.842032523794601957e+02
6.842032523794601957e+02
6.842032523794601957e+02
6.842032523794601957e+02
6.842032523794601957e+02
6.842032523794601957e+02
6.842032523794601957e+02
6.842032523794601957e+02
6.842032523794601957e+02
6.842032523794601957e+02
6.842032523794601957e+02
6.842032523794601957e+02
6.842032523794601957e+02
6.842027791127510454e+02
6.842027791127510454e+02
6.842027791127510454e+02
6.842027791127510454e+02
6.842027791127510454e+02
6.842027791127510454e+02
6.842027791127510454e+02
6.842027791127510454e+02
6.842027791127510454e+02
6.842027791127510454e+02
6.842027791127510454e+02
6.842027791127510454e+02
6.842027791127510454e+02
6.842027791127510454e+02
6.842027791127510454e+02
6.842027791127510454e+02
6.842027791127510454e+02
6.842027791127510454e+02
6.842027791127510454e+02
6.842027791127510454e+02
6.842024420943217820e+02
6.842024420943217820e+02
6.842024420943217820e+02
6.842024420943217820e+02
6.842024420943217820e+02
6.842024420943217820e+02
6.842024420943217820e+02
6.842024420943217820e+02
6.842024420943217820e+02
6.842010276010719281e+02
6.842010276010719281e+02
6.842010276010719281e+02
6.842010276010719281e+02
6.842010276010719281e+02
6.842010276010719281e+02
6.842010276010719281e+02
6.842010276010719281e+02
6.842010276010719281e+02
6.841992833259864710e+02
6.841992833259864710e+02
6.841992833259864710e+02
6.841992833259864710e+02
6.841992833259864710e+02
6.841992833259864710e+02
6.841977458672193961e+02
6.841973742233254825e+02
6.841973742233254825e+02
6.841973742233254825e+02
6.841973742233254825e+02
6.841973742233254825e+02
6.841973742233254825e+02
6.841973742233254825e+02
6.841973742233254825e+02
6.841973742233254825e+02
6.841973742233254825e+02
6.841973742233254825e+02
6.841973742233254825e+02
6.841973742233254825e+02
6.841973742233254825e+02
6.841969433700979835e+02
6.841969433700979835e+02
6.841969433700979835e+02
6.841969433700979835e+02
6.841969433700979835e+02
6.841969433700979835e+02
6.841969433700979835e+02
6.841969433700979835e+02
6.841969433700979835e+02
6.841969433700979835e+02
6.841969433700979835e+02
6.841969433700979835e+02
6.841960984450440719e+02
6.841960984450440719e+02
6.841960984450440719e+02
6.841960984450440719e+02
6.841960984450440719e+02
6.841960984450440719e+02
6.841960984450440719e+02
6.841960984450440719e+02
6.841954823739926042e+02
6.841954823739926042e+02
6.841954823739926042e+02
6.841954823739926042e+02
6.841954823739926042e+02
6.841953036498156280e+02
6.841953036498156280e+02
6.841953036498156280e+02
6.841953036498156280e+02
6.841953036498156280e+02
6.841953036498156280e+02
6.841953036498156280e+02
6.841953036498156280e+02
6.841953036498156280e+02
6.841953036498156280e+02
6.841953036498156280e+02
6.841953036498156280e+02
6.841953036498156280e+02
6.841953036498156280e+02
6.841953036498156280e+02
6.841953036498156280e+02
6.841953036498156280e+02
6.841953036498156280e+02
6.841953036498156280e+02
6.841953036498156280e+02
6.841953036498156280e+02
6.841953036498156280e+02
6.841953036498156280e+02
6.841953036498156280e+02
6.841953036498156280e+02
6.841953036498156280e+02
6.841953036498156280e+02
6.841953036498156280e+02
6.841950026244878700e+02
6.841942951001184383e+02
6.841942951001184383e+02
