4.652131147982572438e+05
3.574896373790932121e+05
3.574896373790932121e+05
3.574896373790932121e+05
6.577957032807268661e+03
6.577957032807268661e+03
6.577957032807268661e+03
6.577957032807268661e+03
6.577957032807268661e+03
6.577957032807268661e+03
1.624740290720892972e+03
1.624740290720892972e+03
1.409798712940203586e+03
1.409798712940203586e+03
1.409798712940203586e+03
1.409798712940203586e+03
1.409798712940203586e+03
1.409798712940203586e+03
1.409798712940203586e+03
1.409798712940203586e+03
1.409798712940203586e+03
1.409798712940203586e+03
1.409798712940203586e+03
1.409798712940203586e+03
1.409798712940203586e+03
1.409798712940203586e+03
1.409798712940203586e+03
1.409798712940203586e+03
1.409798712940203586e+03
1.409798712940203586e+03
1.409798712940203586e+03
1.409798712940203586e+03
1.409798712940203586e+03
1.409798712940203586e+03
1.409798712940203586e+03
1.409798712940203586e+03
1.409798712940203586e+03
1.409798712940203586e+03
1.409798712940203586e+03
1.409798712940203586e+03
1.409798712940203586e+03
1.409798712940203586e+03
1.409798712940203586e+03
1.161181949492586455e+03
1.161181949492586455e+03
1.161181949492586455e+03
1.161181949492586455e+03
1.161181949492586455e+03
1.161181949492586455e+03
1.161181949492586455e+03
1.161181949492586455e+03
1.161181949492586455e+03
1.161181949492586455e+03
1.161181949492586455e+03
1.161181949492586455e+03
1.161181949492586455e+03
1.161181949492586455e+03
1.161181949492586455e+03
1.161181949492586455e+03
1.161181949492586455e+03
9.550173651395839443e+02
9.550173651395839443e+02
9.550173651395839443e+02
9.550173651395839443e+02
9.550173651395839443e+02
9.550173651395839443e+02
9.550173651395839443e+02
9.550173651395839443e+02
9.550173651395839443e+02
9.550173651395839443e+02
9.550173651395839443e+02
9.550173651395839443e+02
9.550173651395839443e+02
9.550173651395839443e+02
9.550173651395839443e+02
9.550173651395839443e+02
9.550173651395839443e+02
9.539273268192855539e+02
9.539273268192855539e+02
9.539273268192855539e+02
9.539273268192855539e+02
9.539273268192855539e+02
9.539273268192855539e+02
9.539273268192855539e+02
8.717332871013321665e+02
8.717332871013321665e+02
8.717332871013321665e+02
8.717332871013321665e+02
8.717332871013321665e+02
8.717332871013321665e+02
8.717332871013321665e+02
8.717332871013321665e+02
8.717332871013321665e+02
8.717332871013321665e+02
8.717332871013321665e+02
8.717332871013321665e+02
8.717332871013321665e+02
8.717332871013321665e+02
8.717332871013321665e+02
8.496496728219483430e+02
8.496496728219483430e+02
8.496496728219483430e+02
8.496496728219483430e+02
8.496496728219483430e+02
8.496496728219483430e+02
8.496496728219483430e+02
8.496496728219483430e+02
8.496496728219483430e+02
8.496496728219483430e+02
8.496496728219483430e+02
8.496496728219483430e+02
8.496496728219483430e+02
8.496496728219483430e+02
8.496496728219483430e+02
8.496496728219483430e+02
8.496496728219483430e+02
8.496496728219483430e+02
8.496496728219483430e+02
8.496496728219483430e+02
8.496496728219483430e+02
8.496496728219483430e+02
8.496496728219483430e+02
8.496496728219483430e+02
8.496496728219483430e+02
8.496496728219483430e+02
8.496496728219483430e+02
8.496496728219483430e+02
7.814872348926934364e+02
7.814872348926934364e+02
7.814872348926934364e+02
7.814872348926934364e+02
7.814872348926934364e+02
7.814872348926934364e+02
7.814872348926934364e+02
7.814872348926934364e+02
7.814872348926934364e+02
7.814872348926934364e+02
7.814872348926934364e+02
7.814872348926934364e+02
7.814872348926934364e+02
7.814872348926934364e+02
7.814872348926934364e+02
7.814872348926934364e+02
7.814872348926934364e+02
7.814872348926934364e+02
7.814872348926934364e+02
7.814872348926934364e+02
7.814872348926934364e+02
7.814872348926934364e+02
7.814872348926934364e+02
7.814872348926934364e+02
7.814872348926934364e+02
7.814872348926934364e+02
7.814872348926934364e+02
7.814872348926934364e+02
7.814872348926934364e+02
7.814872348926934364e+02
7.814872348926934364e+02
7.613948361725820178e+02
7.613948361725820178e+02
7.613948361725820178e+02
7.613948361725820178e+02
7.613948361725820178e+02
7.613948361725820178e+02
7.613948361725820178e+02
7.613948361725820178e+02
7.613948361725820178e+02
7.613948361725820178e+02
7.613948361725820178e+02
7.613948361725820178e+02
7.613948361725820178e+02
7.356065759766032670e+02
7.356065759766032670e+02
7.356065759766032670e+02
7.356065759766032670e+02
7.356065759766032670e+02
7.356065759766032670e+02
7.107237878692095592e+02
7.107237878692095592e+02
7.107237878692095592e+02
7.107237878692095592e+02
7.107237878692095592e+02
7.107237878692095592e+02
7.107237878692095592e+02
7.107237878692095592e+02
7.107237878692095592e+02
7.107237878692095592e+02
7.107237878692095592e+02
7.107237878692095592e+02
7.107237878692095592e+02
7.107237878692095592e+02
7.107237878692095592e+02
7.107237878692095592e+02
7.107237878692095592e+02
7.107237878692095592e+02
7.107237878692095592e+02
7.107237878692095592e+02
7.107237878692095592e+02
7.107237878692095592e+02
7.107237878692095592e+02
7.107237878692095592e+02
7.107237878692095592e+02
7.107237878692095592e+02
7.107237878692095592e+02
7.107237878692095592e+02
7.107237878692095592e+02
7.107237878692095592e+02
7.107237878692095592e+02
7.107237878692095592e+02
7.107237878692095592e+02
7.107237878692095592e+02
7.107237878692095592e+02
7.107237878692095592e+02
7.107237878692095592e+02
7.107237878692095592e+02
7.107237878692095592e+02
7.107237878692095592e+02
7.107237878692095592e+02
7.107237878692095592e+02
7.107237878692095592e+02
7.107237878692095592e+02
7.107237878692095592e+02
7.107237878692095592e+02
7.107237878692095592e+02
7.107237878692095592e+02
7.107237878692095592e+02
7.107237878692095592e+02
7.107237878692095592e+02
7.107237878692095592e+02
7.107237878692095592e+02
7.107237878692095592e+02
7.107237878692095592e+02
7.107237878692095592e+02
7.107237878692095592e+02
7.107237878692095592e+02
7.107237878692095592e+02
7.107237878692095592e+02
7.107237878692095592e+02
7.107237878692095592e+02
7.107237878692095592e+02
7.107237878692095592e+02
7.107237878692095592e+02
7.107237878692095592e+02
7.107237878692095592e+02
7.107237878692095592e+02
7.107237878692095592e+02
7.107237878692095592e+02
7.107237878692095592e+02
7.107237878692095592e+02
7.107237878692095592e+02
7.107237878692095592e+02
7.107237878692095592e+02
7.107237878692095592e+02
7.107237878692095592e+02
7.107237878692095592e+02
7.107237878692095592e+02
7.107237878692095592e+02
7.107237878692095592e+02
7.107237878692095592e+02
7.107237878692095592e+02
7.107237878692095592e+02
7.107237878692095592e+02
7.107237878692095592e+02
7.107237878692095592e+02
7.107237878692095592e+02
7.107237878692095592e+02
7.107237878692095592e+02
7.107237878692095592e+02
7.107237878692095592e+02
7.107237878692095592e+02
7.107237878692095592e+02
7.107237878692095592e+02
7.107237878692095592e+02
7.107237878692095592e+02
7.107237878692095592e+02
7.107237878692095592e+02
7.107237878692095592e+02
7.075667745105578206e+02
7.075667745105578206e+02
7.075667745105578206e+02
7.075667745105578206e+02
7.075667745105578206e+02
7.075667745105578206e+02
7.075667745105578206e+02
7.075667745105578206e+02
7.075667745105578206e+02
7.075667745105578206e+02
7.075667745105578206e+02
7.075667745105578206e+02
7.075667745105578206e+02
7.075667745105578206e+02
7.075667745105578206e+02
7.075667745105578206e+02
7.075667745105578206e+02
7.075667745105578206e+02
7.075667745105578206e+02
7.075667745105578206e+02
7.075667745105578206e+02
7.075667745105578206e+02
7.075667745105578206e+02
7.075667745105578206e+02
7.075667745105578206e+02
7.075667745105578206e+02
7.075667745105578206e+02
7.075667745105578206e+02
7.075667745105578206e+02
7.075667745105578206e+02
7.058273676593904611e+02
7.058273676593904611e+02
7.032205586049491330e+02
7.032205586049491330e+02
7.032205586049491330e+02
7.032205586049491330e+02
7.032205586049491330e+02
7.032205586049491330e+02
7.032205586049491330e+02
7.032205586049491330e+02
7.032205586049491330e+02
7.032205586049491330e+02
7.032205586049491330e+02
7.032205586049491330e+02
7.032205586049491330e+02
7.032205586049491330e+02
7.032205586049491330e+02
7.032205586049491330e+02
7.032205586049491330e+02
7.000357516467369123e+02
7.000357516467369123e+02
7.000357516467369123e+02
7.000357516467369123e+02
7.000357516467369123e+02
7.000357516467369123e+02
7.000357516467369123e+02
7.000357516467369123e+02
7.000357516467369123e+02
7.000357516467369123e+02
7.000357516467369123e+02
7.000357516467369123e+02
7.000357516467369123e+02
7.000357516467369123e+02
7.000357516467369123e+02
7.000357516467369123e+02
7.000357516467369123e+02
7.000357516467369123e+02
7.000357516467369123e+02
7.000357516467369123e+02
7.000357516467369123e+02
7.000357516467369123e+02
7.000357516467369123e+02
7.000357516467369123e+02
7.000357516467369123e+02
7.000357516467369123e+02
7.000357516467369123e+02
7.000357516467369123e+02
7.000357516467369123e+02
7.000357516467369123e+02
7.000357516467369123e+02
7.000357516467369123e+02
7.000357516467369123e+02
7.000357516467369123e+02
7.000357516467369123e+02
7.000357516467369123e+02
7.000357516467369123e+02
7.000357516467369123e+02
7.000357516467369123e+02
7.000357516467369123e+02
7.000357516467369123e+02
7.000357516467369123e+02
7.000357516467369123e+02
7.000357516467369123e+02
7.000357516467369123e+02
6.974420547761033049e+02
6.974420547761033049e+02
6.974420547761033049e+02
6.974420547761033049e+02
6.974420547761033049e+02
6.974420547761033049e+02
6.974420547761033049e+02
6.974420547761033049e+02
6.973786080040936213e+02
6.973786080040936213e+02
6.973786080040936213e+02
6.973786080040936213e+02
6.973786080040936213e+02
6.973786080040936213e+02
6.973786080040936213e+02
6.973786080040936213e+02
6.973786080040936213e+02
6.973786080040936213e+02
6.973786080040936213e+02
6.973786080040936213e+02
6.973786080040936213e+02
6.973786080040936213e+02
6.973786080040936213e+02
6.973786080040936213e+02
6.973786080040936213e+02
6.973786080040936213e+02
6.973786080040936213e+02
6.973786080040936213e+02
6.968397658565546635e+02
6.968397658565546635e+02
6.968397658565546635e+02
6.968397658565546635e+02
6.968397658565546635e+02
6.968397658565546635e+02
6.968397658565546635e+02
6.968397658565546635e+02
6.968397658565546635e+02
6.951509101149231356e+02
6.951509101149231356e+02
6.951509101149231356e+02
6.949888351260174204e+02
6.949888351260174204e+02
6.949888351260174204e+02
6.949888351260174204e+02
6.949888351260174204e+02
6.949888351260174204e+02
6.949888351260174204e+02
6.949888351260174204e+02
6.935766389574687310e+02
6.935766389574687310e+02
6.935766389574687310e+02
6.935766389574687310e+02
6.935766389574687310e+02
6.935766389574687310e+02
6.935766389574687310e+02
6.935766389574687310e+02
6.935766389574687310e+02
6.935766389574687310e+02
6.935766389574687310e+02
6.935766389574687310e+02
6.935766389574687310e+02
6.935766389574687310e+02
6.935766389574687310e+02
6.935766389574687310e+02
6.935766389574687310e+02
6.935766389574687310e+02
6.935766389574687310e+02
6.935766389574687310e+02
6.935766389574687310e+02
6.935766389574687310e+02
6.935766389574687310e+02
6.935766389574687310e+02
6.935766389574687310e+02
6.935766389574687310e+02
6.935766389574687310e+02
6.935766389574687310e+02
6.935064543078467523e+02
6.935064543078467523e+02
6.935064543078467523e+02
6.935064543078467523e+02
6.929949286669599360e+02
6.929949286669599360e+02
6.929949286669599360e+02
6.929949286669599360e+02
6.929949286669599360e+02
6.929949286669599360e+02
6.929949286669599360e+02
6.929949286669599360e+02
6.929949286669599360e+02
6.929949286669599360e+02
6.929949286669599360e+02
6.929949286669599360e+02
6.929949286669599360e+02
6.929949286669599360e+02
6.914171303407060805e+02
6.914171303407060805e+02
6.914171303407060805e+02
6.914171303407060805e+02
6.914171303407060805e+02
6.914171303407060805e+02
6.914171303407060805e+02
6.914171303407060805e+02
6.914171303407060805e+02
6.914171303407060805e+02
6.914171303407060805e+02
6.914171303407060805e+02
6.914171303407060805e+02
6.914171303407060805e+02
6.914171303407060805e+02
6.914171303407060805e+02
6.914171303407060805e+02
6.914171303407060805e+02
6.914171303407060805e+02
6.914171303407060805e+02
6.914171303407060805e+02
6.914171303407060805e+02
6.914171303407060805e+02
6.914171303407060805e+02
6.914171303407060805e+02
6.914171303407060805e+02
6.914171303407060805e+02
6.914171303407060805e+02
6.914171303407060805e+02
6.914171303407060805e+02
6.914171303407060805e+02
6.914171303407060805e+02
6.914171303407060805e+02
6.914171303407060805e+02
6.914171303407060805e+02
6.914171303407060805e+02
6.914171303407060805e+02
6.914171303407060805e+02
6.914171303407060805e+02
6.914171303407060805e+02
6.914171303407060805e+02
6.914171303407060805e+02
6.910961609509251957e+02
6.910961609509251957e+02
6.910961609509251957e+02
6.910961609509251957e+02
6.910961609509251957e+02
6.910961609509251957e+02
6.908766279175630416e+02
6.904413113757450446e+02
6.904413113757450446e+02
6.904413113757450446e+02
6.904413113757450446e+02
6.904413113757450446e+02
6.904413113757450446e+02
6.904413113757450446e+02
6.904413113757450446e+02
6.904413113757450446e+02
6.899404557303389538e+02
6.899404557303389538e+02
6.899404557303389538e+02
6.899404557303389538e+02
6.891250416764365809e+02
6.891250416764365809e+02
6.891250416764365809e+02
6.891250416764365809e+02
6.891250416764365809e+02
6.891250416764365809e+02
6.891250416764365809e+02
6.891250416764365809e+02
6.891250416764365809e+02
6.891250416764365809e+02
6.891250416764365809e+02
6.891250416764365809e+02
6.891250416764365809e+02
6.891250416764365809e+02
6.891250416764365809e+02
6.891250416764365809e+02
6.891250416764365809e+02
6.891250416764365809e+02
6.879615226171824816e+02
6.879615226171824816e+02
6.879615226171824816e+02
6.879615226171824816e+02
6.879615226171824816e+02
6.879615226171824816e+02
6.879615226171824816e+02
6.879615226171824816e+02
6.879615226171824816e+02
6.879615226171824816e+02
6.879615226171824816e+02
6.879615226171824816e+02
6.879615226171824816e+02
6.879615226171824816e+02
6.879615226171824816e+02
6.879615226171824816e+02
6.879615226171824816e+02
6.879615226171824816e+02
6.879615226171824816e+02
6.879615226171824816e+02
6.879615226171824816e+02
6.879615226171824816e+02
6.879615226171824816e+02
6.879615226171824816e+02
6.879615226171824816e+02
6.879615226171824816e+02
6.879615226171824816e+02
6.879615226171824816e+02
6.879615226171824816e+02
6.879615226171824816e+02
6.879615226171824816e+02
6.879615226171824816e+02
6.879615226171824816e+02
6.879615226171824816e+02
6.879615226171824816e+02
6.879615226171824816e+02
6.879615226171824816e+02
6.879615226171824816e+02
6.879615226171824816e+02
6.879615226171824816e+02
6.879615226171824816e+02
6.879615226171824816e+02
6.879615226171824816e+02
6.879615226171824816e+02
6.878133865341302453e+02
6.878133865341302453e+02
6.878133865341302453e+02
6.878133865341302453e+02
6.878133865341302453e+02
6.878133865341302453e+02
6.878133865341302453e+02
6.878133865341302453e+02
6.878133865341302453e+02
6.878133865341302453e+02
6.878133865341302453e+02
6.878133865341302453e+02
6.878133865341302453e+02
6.878133865341302453e+02
6.878133865341302453e+02
6.878133865341302453e+02
6.878133865341302453e+02
6.878133865341302453e+02
6.878133865341302453e+02
6.878133865341302453e+02
6.878133865341302453e+02
6.878133865341302453e+02
6.878133865341302453e+02
6.878133865341302453e+02
6.878133865341302453e+02
6.878133865341302453e+02
6.878133865341302453e+02
6.878133865341302453e+02
6.878133865341302453e+02
6.878133865341302453e+02
6.878133865341302453e+02
6.878133865341302453e+02
6.878133865341302453e+02
6.878133865341302453e+02
6.874057775990837627e+02
6.874057775990837627e+02
6.874057775990837627e+02
6.874057775990837627e+02
6.874057775990837627e+02
6.874057775990837627e+02
6.874057775990837627e+02
6.874057775990837627e+02
6.874057775990837627e+02
6.874057775990837627e+02
6.874057775990837627e+02
6.874057775990837627e+02
6.874057775990837627e+02
6.873110103709282157e+02
6.873110103709282157e+02
6.873110103709282157e+02
6.873110103709282157e+02
6.873110103709282157e+02
6.873110103709282157e+02
6.873110103709282157e+02
6.873110103709282157e+02
6.873110103709282157e+02
6.873110103709282157e+02
6.873110103709282157e+02
6.873110103709282157e+02
6.873110103709282157e+02
6.873110103709282157e+02
6.873110103709282157e+02
6.873110103709282157e+02
6.873110103709282157e+02
6.873110103709282157e+02
6.873110103709282157e+02
6.873110103709282157e+02
6.873110103709282157e+02
6.873110103709282157e+02
6.873110103709282157e+02
6.873110103709282157e+02
6.873110103709282157e+02
6.873110103709282157e+02
6.873110103709282157e+02
6.873110103709282157e+02
6.873110103709282157e+02
6.872768618166052192e+02
6.872768618166052192e+02
6.872768618166052192e+02
6.872768618166052192e+02
6.869730885730292584e+02
6.869730885730292584e+02
6.869730885730292584e+02
6.869730885730292584e+02
6.869730885730292584e+02
6.869730885730292584e+02
6.869730885730292584e+02
6.869730885730292584e+02
6.869730885730292584e+02
6.869730885730292584e+02
6.869730885730292584e+02
6.869730885730292584e+02
6.869730885730292584e+02
6.869730885730292584e+02
6.869730885730292584e+02
6.869730885730292584e+02
6.869730885730292584e+02
6.869730885730292584e+02
6.869730885730292584e+02
6.869730885730292584e+02
6.869730885730292584e+02
6.869730885730292584e+02
6.869730885730292584e+02
6.869730885730292584e+02
6.869730885730292584e+02
6.869730885730292584e+02
6.869730885730292584e+02
6.869730885730292584e+02
6.869730885730292584e+02
6.869730885730292584e+02
6.869730885730292584e+02
6.869730885730292584e+02
6.869730885730292584e+02
6.869730885730292584e+02
6.869730885730292584e+02
6.869730885730292584e+02
6.869730885730292584e+02
6.869730885730292584e+02
6.869730885730292584e+02
6.869730885730292584e+02
6.869730885730292584e+02
6.869730885730292584e+02
6.869730885730292584e+02
6.869730885730292584e+02
6.869730885730292584e+02
6.869730885730292584e+02
6.869730885730292584e+02
6.869730885730292584e+02
6.869730885730292584e+02
6.869730885730292584e+02
6.869730885730292584e+02
6.869730885730292584e+02
6.869730885730292584e+02
6.869730885730292584e+02
6.869730885730292584e+02
6.869730885730292584e+02
6.869730885730292584e+02
6.869730885730292584e+02
6.869730885730292584e+02
6.869730885730292584e+02
6.869730885730292584e+02
6.869730885730292584e+02
6.869730885730292584e+02
6.869730885730292584e+02
6.869730885730292584e+02
6.869730885730292584e+02
6.869730885730292584e+02
6.869730885730292584e+02
6.869730885730292584e+02
6.869730885730292584e+02
6.869730885730292584e+02
6.869730885730292584e+02
6.869730885730292584e+02
6.869730885730292584e+02
6.869730885730292584e+02
6.869730885730292584e+02
6.869730885730292584e+02
6.869730885730292584e+02
6.869730885730292584e+02
6.869730885730292584e+02
6.869730885730292584e+02
6.869730885730292584e+02
6.869730885730292584e+02
6.869730885730292584e+02
6.869730885730292584e+02
6.869730885730292584e+02
6.869730885730292584e+02
6.869730885730292584e+02
6.869730885730292584e+02
6.869730885730292584e+02
6.869730885730292584e+02
6.869730885730292584e+02
6.869730885730292584e+02
6.869730885730292584e+02
6.869730885730292584e+02
6.869730885730292584e+02
6.869730885730292584e+02
6.869730885730292584e+02
6.869730885730292584e+02
6.869730885730292584e+02
6.869730885730292584e+02
6.869730885730292584e+02
6.869346499228753373e+02
6.869346499228753373e+02
6.869346499228753373e+02
6.869346499228753373e+02
6.869346499228753373e+02
6.869346499228753373e+02
6.869346499228753373e+02
6.869346499228753373e+02
6.869346499228753373e+02
6.869346499228753373e+02
6.869346499228753373e+02
6.869346499228753373e+02
6.869346499228753373e+02
6.869346499228753373e+02
6.869346499228753373e+02
6.869346499228753373e+02
6.869346499228753373e+02
6.869346499228753373e+02
6.869346499228753373e+02
6.869346499228753373e+02
6.869346499228753373e+02
6.869193343533449934e+02
6.869193343533449934e+02
6.869193343533449934e+02
6.869193343533449934e+02
6.869193343533449934e+02
6.868734734113370450e+02
6.868734734113370450e+02
6.868734734113370450e+02
6.868734734113370450e+02
6.868734734113370450e+02
6.868734734113370450e+02
6.868734734113370450e+02
6.868734734113370450e+02
6.868734734113370450e+02
6.868734734113370450e+02
6.868734734113370450e+02
6.868734734113370450e+02
6.868734734113370450e+02
6.868734734113370450e+02
6.868734734113370450e+02
6.868734734113370450e+02
6.868734734113370450e+02
6.868734734113370450e+02
6.868734734113370450e+02
6.868734734113370450e+02
6.868734734113370450e+02
6.868734734113370450e+02
6.868734734113370450e+02
6.868734734113370450e+02
6.868734734113370450e+02
6.868734734113370450e+02
6.868734734113370450e+02
6.868734734113370450e+02
6.868734734113370450e+02
6.868734734113370450e+02
6.868734734113370450e+02
6.868734734113370450e+02
6.868734734113370450e+02
6.867838654475095836e+02
6.867838654475095836e+02
6.867838654475095836e+02
6.867838654475095836e+02
6.867659992539050791e+02
6.867659992539050791e+02
6.867659992539050791e+02
6.867369884317581636e+02
6.867369884317581636e+02
6.867369884317581636e+02
6.867369884317581636e+02
6.867369884317581636e+02
6.867369884317581636e+02
6.867369884317581636e+02
6.867369884317581636e+02
6.867369884317581636e+02
6.867369884317581636e+02
6.867369884317581636e+02
6.867369884317581636e+02
6.867369884317581636e+02
6.866988751111551892e+02
6.866988751111551892e+02
6.866988751111551892e+02
6.866988751111551892e+02
6.866988751111551892e+02
6.866988751111551892e+02
6.866955662488857115e+02
6.866955662488857115e+02
6.866955662488857115e+02
6.866955662488857115e+02
6.866955662488857115e+02
6.866955662488857115e+02
6.866955662488857115e+02
6.866955662488857115e+02
6.866955662488857115e+02
6.866955662488857115e+02
6.866955662488857115e+02
6.866955662488857115e+02
6.866955662488857115e+02
6.866955662488857115e+02
6.866955662488857115e+02
6.866955662488857115e+02
6.866955662488857115e+02
6.866955662488857115e+02
6.866955662488857115e+02
6.866955662488857115e+02
6.866955662488857115e+02
6.866955662488857115e+02
6.866955662488857115e+02
6.866955662488857115e+02
6.866955662488857115e+02
6.866845223012305723e+02
6.866845223012305723e+02
6.866845223012305723e+02
6.866845223012305723e+02
6.866761721081318228e+02
6.866761721081318228e+02
6.866761721081318228e+02
6.866761721081318228e+02
6.866418342639863113e+02
6.866418342639863113e+02
6.866151976480863368e+02
6.866151976480863368e+02
6.866151976480863368e+02
6.866151976480863368e+02
6.866151976480863368e+02
6.866151976480863368e+02
6.866151976480863368e+02
6.866151976480863368e+02
6.866151976480863368e+02
6.866151976480863368e+02
6.866151976480863368e+02
6.866151976480863368e+02
6.866151976480863368e+02
6.866151976480863368e+02
6.866151976480863368e+02
6.866151976480863368e+02
6.866151976480863368e+02
6.866151976480863368e+02
6.866151976480863368e+02
6.866151976480863368e+02
6.866151976480863368e+02
6.866151976480863368e+02
6.866127706565943072e+02
6.866127706565943072e+02
6.866127706565943072e+02
6.866127706565943072e+02
6.866127706565943072e+02
6.866127706565943072e+02
6.866127706565943072e+02
6.866127706565943072e+02
6.866127706565943072e+02
6.866127706565943072e+02
6.866127706565943072e+02
6.866127706565943072e+02
6.866127706565943072e+02
6.866127706565943072e+02
6.866127706565943072e+02
6.866127706565943072e+02
6.866127706565943072e+02
6.866127706565943072e+02
6.866127706565943072e+02
6.866127706565943072e+02
6.866127706565943072e+02
6.866127706565943072e+02
6.866127706565943072e+02
6.866127706565943072e+02
6.866127706565943072e+02
6.866127706565943072e+02
6.865912363316523397e+02
6.865912363316523397e+02
6.865912363316523397e+02
6.865912363316523397e+02
6.865912363316523397e+02
6.865912363316523397e+02
6.865879671300473319e+02
6.865879671300473319e+02
6.865879671300473319e+02
6.865828394402235517e+02
6.865691430153055990e+02
6.865691430153055990e+02
6.865691430153055990e+02
6.865691430153055990e+02
6.865691430153055990e+02
6.865691430153055990e+02
6.865691430153055990e+02
6.865691430153055990e+02
6.865547421822864180e+02
6.865547421822864180e+02
6.865547421822864180e+02
6.865547421822864180e+02
6.865500013267790109e+02
6.865500013267790109e+02
6.865500013267790109e+02
6.865500013267790109e+02
6.865500013267790109e+02
6.865500013267790109e+02
6.865500013267790109e+02
6.865500013267790109e+02
6.865500013267790109e+02
6.865500013267790109e+02
6.865500013267790109e+02
6.865500013267790109e+02
6.865500013267790109e+02
6.865500013267790109e+02
6.865500013267790109e+02
6.865500013267790109e+02
6.865500013267790109e+02
6.865500013267790109e+02
6.865500013267790109e+02
6.865500013267790109e+02
6.865500013267790109e+02
6.865400318319423150e+02
6.865400318319423150e+02
6.865400318319423150e+02
6.865400318319423150e+02
6.865400318319423150e+02
6.865400318319423150e+02
6.865400318319423150e+02
6.865400318319423150e+02
6.865349634288386369e+02
6.865349634288386369e+02
6.865349634288386369e+02
6.865349634288386369e+02
6.865349634288386369e+02
6.865349634288386369e+02
6.865349634288386369e+02
6.865349634288386369e+02
6.865234789321269773e+02
6.865234789321269773e+02
6.865234789321269773e+02
6.865234789321269773e+02
6.865178169689861534e+02
6.865178169689861534e+02
6.865178169689861534e+02
6.865178169689861534e+02
6.865178169689861534e+02
6.865178169689861534e+02
6.865178169689861534e+02
6.865178169689861534e+02
6.865178169689861534e+02
6.865178169689861534e+02
6.865178169689861534e+02
6.865178169689861534e+02
6.865178169689861534e+02
6.865178169689861534e+02
6.865155472926835500e+02
6.865155472926835500e+02
6.865155472926835500e+02
6.865073896648144682e+02
6.865073896648144682e+02
6.865016889961445941e+02
6.865016889961445941e+02
6.865016889961445941e+02
6.865016889961445941e+02
6.865016889961445941e+02
6.865016889961445941e+02
6.865016889961445941e+02
6.865016889961445941e+02
6.865016889961445941e+02
6.865016889961445941e+02
6.865016889961445941e+02
6.864967975831524427e+02
6.864879288521146918e+02
6.864879288521146918e+02
6.864879288521146918e+02
6.864879288521146918e+02
6.864879288521146918e+02
6.864879288521146918e+02
6.864877976650532219e+02
6.864877976650532219e+02
6.864877976650532219e+02
6.864856881647452838e+02
6.864856881647452838e+02
6.864856881647452838e+02
6.864856881647452838e+02
6.864856881647452838e+02
6.864856881647452838e+02
6.864856881647452838e+02
6.864722114411488292e+02
6.864722114411488292e+02
6.864722114411488292e+02
6.864722114411488292e+02
6.864722114411488292e+02
6.864722114411488292e+02
6.864722114411488292e+02
6.864722114411488292e+02
6.864722114411488292e+02
6.864722114411488292e+02
6.864722114411488292e+02
6.864722114411488292e+02
6.864722114411488292e+02
6.864722114411488292e+02
6.864722114411488292e+02
6.864722114411488292e+02
6.864722114411488292e+02
6.864722114411488292e+02
6.864722114411488292e+02
6.864722114411488292e+02
6.864722114411488292e+02
6.864722114411488292e+02
6.864722114411488292e+02
6.864722114411488292e+02
6.864722114411488292e+02
6.864722114411488292e+02
6.864722114411488292e+02
6.864722114411488292e+02
6.864722114411488292e+02
6.864722114411488292e+02
6.864722114411488292e+02
6.864709749516233614e+02
6.864709749516233614e+02
6.864709749516233614e+02
6.864619715680062200e+02
6.864619715680062200e+02
6.864619715680062200e+02
6.864619715680062200e+02
6.864619715680062200e+02
6.864619715680062200e+02
6.864619715680062200e+02
6.864619715680062200e+02
6.864619715680062200e+02
6.864619715680062200e+02
6.864619715680062200e+02
6.864619715680062200e+02
6.864619715680062200e+02
6.864618998468019981e+02
6.864593791162004663e+02
6.864593791162004663e+02
6.864593791162004663e+02
6.864593791162004663e+02
6.864593791162004663e+02
6.864593791162004663e+02
6.864593791162004663e+02
6.864593791162004663e+02
6.864593791162004663e+02
6.864593791162004663e+02
6.864593791162004663e+02
6.864593791162004663e+02
6.864593791162004663e+02
6.864593791162004663e+02
6.864593791162004663e+02
6.864593791162004663e+02
6.864593791162004663e+02
6.864578147705185529e+02
