-2.900890610159235075e+04
-2.900890610159235075e+04
-2.900890610159235075e+04
-3.102302186881412490e+04
-3.102302186881412490e+04
-3.102302186881412490e+04
-3.102302186881412490e+04
-3.102478057039919076e+04
-3.102478057039919076e+04
-3.102478057039919076e+04
-3.102478057039919076e+04
-3.102536539746533526e+04
-3.102536539746533526e+04
-3.102536539746533526e+04
-3.102536539746533526e+04
-3.102536539746533526e+04
-3.102536539746533526e+04
-3.102536539746533526e+04
-3.102536539746533526e+04
-3.102536539746533526e+04
-3.102536539746533526e+04
-3.102536539746533526e+04
-3.102536539746533526e+04
-3.102536539746533526e+04
-3.102536539746533526e+04
-3.102536539746533526e+04
-3.102536539746533526e+04
-3.102536539746533526e+04
-3.102536539746533526e+04
-3.102536539746533526e+04
-3.102536539746533526e+04
-3.102536539746533526e+04
-3.102536539746533526e+04
-3.102536539746533526e+04
-3.102536539746533526e+04
-3.102536539746533526e+04
-3.102536539746533526e+04
-3.102536539746533526e+04
-3.102536539746533526e+04
-3.102536539746533526e+04
-3.102536539746533526e+04
-3.102536539746533526e+04
-3.102536539746533526e+04
-3.102536539746533526e+04
-3.102536539746533526e+04
-3.102536539746533526e+04
-3.102536539746533526e+04
-3.102536539746533526e+04
-3.102536539746533526e+04
-3.102536539746533526e+04
-3.102536539746533526e+04
-3.102536539746533526e+04
-3.102536539746533526e+04
-3.102536539746533526e+04
-3.102536539746533526e+04
-3.102536539746533526e+04
-3.102536539746533526e+04
-3.102536539746533526e+04
-3.102536539746533526e+04
-3.102536539746533526e+04
-3.102536539746533526e+04
-3.102536539746533526e+04
-3.102536539746533526e+04
-3.102536539746533526e+04
-3.102536539746533526e+04
-3.102536539746533526e+04
-3.102536539746533526e+04
-3.102536539746533526e+04
-3.102536539746533526e+04
-3.102536539746533526e+04
-3.102536539746533526e+04
-3.102536539746533526e+04
-3.102536539746533526e+04
-3.102536539746533526e+04
-3.102536539746533526e+04
-3.102536539746533526e+04
-3.102536539746533526e+04
-3.102536539746533526e+04
-3.102536539746533526e+04
-3.102536539746533526e+04
-3.102536539746533526e+04
-3.102536539746533526e+04
-3.102536539746533526e+04
-3.102536539746533526e+04
-3.102536539746533526e+04
-3.102536539746533526e+04
-3.102536539746533526e+04
-3.102536539746533526e+04
-3.102536539746533526e+04
-3.102536539746533526e+04
-3.102536539746533526e+04
-3.102536539746533526e+04
-3.102536539746533526e+04
-3.102536539746533526e+04
-3.102536539746533526e+04
-3.102536539746533526e+04
-3.102536539746533526e+04
-3.102536539746533526e+04
-3.102536539746533526e+04
-3.102536539746533526e+04
-3.102536539746533526e+04
-3.102536539746533526e+04
-3.102536539746533526e+04
-3.102536539746533526e+04
-3.102536539746533526e+04
-3.102536539746533526e+04
-3.102536539746533526e+04
-3.102536539746533526e+04
-3.102536539746533526e+04
-3.102536539746533526e+04
-3.102536539746533526e+04
-3.102536539746533526e+04
-3.102536539746533526e+04
-3.102536539746533526e+04
-3.102536539746533526e+04
-3.102536539746533526e+04
-3.102536539746533526e+04
-3.102536539746533526e+04
-3.102536539746533526e+04
-3.102536539746533526e+04
-3.102536539746533526e+04
-3.102536539746533526e+04
-3.102536539746533526e+04
-3.102536539746533526e+04
-3.102536539746533526e+04
-3.102536539746533526e+04
-3.102536539746533526e+04
-3.102536539746533526e+04
-3.102536539746533526e+04
-3.102536539746533526e+04
-3.102536539746533526e+04
-3.102536539746533526e+04
-3.102536539746533526e+04
-3.102536539746533526e+04
-3.102536539746533526e+04
