-3.102223898041710345e+04
-3.102243502107688619e+04
-3.102243939533024968e+04
-3.102243939533024968e+04
-3.102478266773356881e+04
-3.102478266773356881e+04
-3.102478266773356881e+04
-3.102478266773356881e+04
-3.102536533534413320e+04
-3.102536533534413320e+04
-3.102536533534413320e+04
-3.102536533534413320e+04
-3.102536533534413320e+04
-3.102536533534413320e+04
-3.102536533534413320e+04
-3.102536533534413320e+04
-3.102536533534413320e+04
-3.102536533534413320e+04
-3.102536533534413320e+04
-3.102536533534413320e+04
-3.102536533534413320e+04
-3.102536533534413320e+04
-3.102536533534413320e+04
-3.102536533534413320e+04
-3.102536533534413320e+04
-3.102536533534413320e+04
-3.102536533534413320e+04
-3.102536533534413320e+04
-3.102536533534413320e+04
-3.102536533534413320e+04
-3.102536533534413320e+04
-3.102536533534413320e+04
-3.102536533534413320e+04
-3.102536533534413320e+04
-3.102536533534413320e+04
-3.102536533534413320e+04
-3.102536533534413320e+04
-3.102536533534413320e+04
-3.102536533534413320e+04
-3.102536533534413320e+04
-3.102536533534413320e+04
-3.102536533534413320e+04
-3.102536533534413320e+04
-3.102536533534413320e+04
-3.102536533534413320e+04
-3.102536533534413320e+04
-3.102536533534413320e+04
-3.102536533534413320e+04
-3.102536533534413320e+04
-3.102536533534413320e+04
-3.102536533534413320e+04
-3.102536533534413320e+04
-3.102551151223629131e+04
-3.102551151223629131e+04
-3.102551151223629131e+04
-3.102551151223629131e+04
-3.102551151223629131e+04
-3.102551151223629131e+04
-3.102554805938080972e+04
-3.102554805938080972e+04
-3.102554805938080972e+04
-3.102554805938080972e+04
-3.102555719684133146e+04
-3.102555719684133146e+04
-3.102555719684133146e+04
-3.102555719684133146e+04
-3.102555948116599393e+04
-3.102555948116599393e+04
-3.102555948116599393e+04
-3.102555948116599393e+04
-3.102555948116599393e+04
-3.102555948116599393e+04
-3.102555948116599393e+04
-3.102555948116599393e+04
-3.102556005220366933e+04
-3.102556005220366933e+04
-3.102556005220366933e+04
-3.102556005220366933e+04
-3.102556005220366933e+04
-3.102556005220366933e+04
-3.102556005220366933e+04
-3.102556005220366933e+04
-3.102556005220366933e+04
-3.102556005220366933e+04
-3.102556005220366933e+04
-3.102556005220366933e+04
-3.102556005220366933e+04
-3.102556005220366933e+04
-3.102556005220366933e+04
-3.102556005220366933e+04
-3.102556005220366933e+04
-3.102556005220366933e+04
-3.102556005220366933e+04
-3.102556005220366933e+04
-3.102556005220366933e+04
-3.102556005220366933e+04
-3.102556005220366933e+04
-3.102556005220366933e+04
-3.102556005220366933e+04
-3.102556005220366933e+04
-3.102556005220366933e+04
-3.102556005220366933e+04
-3.102556005220366933e+04
-3.102556005220366933e+04
-3.102556005220366933e+04
-3.102556005220366933e+04
-3.102556005220366933e+04
-3.102556005220366933e+04
-3.102556005220366933e+04
-3.102556005220366933e+04
-3.102556005220366933e+04
-3.102556005220366933e+04
-3.102556005220366933e+04
-3.102556005220366933e+04
-3.102556005220366933e+04
-3.102556005220366933e+04
-3.102556005220366933e+04
-3.102556005220366933e+04
-3.102556005220366933e+04
-3.102556005220366933e+04
-3.102556005220366933e+04
-3.102556005220366933e+04
-3.102556005220366933e+04
-3.102556005220366933e+04
-3.102556005220366933e+04
-3.102556005220366933e+04
-3.102556005220366933e+04
-3.102556005220366933e+04
-3.102556005220366933e+04
-3.102556005220366933e+04
-3.102556005220366933e+04
-3.102556005220366933e+04
