-2.855606278014235068e+04
-2.855606278014235068e+04
-2.855606278014235068e+04
-3.102097373449111183e+04
-3.102256268585883299e+04
-3.102256268585883299e+04
-3.102256268585883299e+04
-3.102478032444702330e+04
-3.102478032444702330e+04
-3.102478038672572075e+04
-3.102498993030415295e+04
-3.102536530443643278e+04
-3.102536530443643278e+04
-3.102536530443643278e+04
-3.102536530443643278e+04
-3.102536530443643278e+04
-3.102536530443643278e+04
-3.102536530443643278e+04
-3.102536530443643278e+04
-3.102536530443643278e+04
-3.102536530443643278e+04
-3.102536530443643278e+04
-3.102536530443643278e+04
-3.102536530443643278e+04
-3.102536530443643278e+04
-3.102551151168481738e+04
-3.102551151168481738e+04
-3.102551151168481738e+04
-3.102551151168481738e+04
-3.102551151168481738e+04
-3.102551151168481738e+04
-3.102551151168481738e+04
-3.102551151168481738e+04
-3.102551151168481738e+04
-3.102551151168481738e+04
-3.102551151168481738e+04
-3.102551151168481738e+04
-3.102554805909067363e+04
-3.102554805909067363e+04
-3.102554805909067363e+04
-3.102554805909067363e+04
-3.102554805909067363e+04
-3.102554805909067363e+04
-3.102554805909067363e+04
-3.102554805909067363e+04
-3.102554805909067363e+04
-3.102554805909067363e+04
-3.102554805909067363e+04
-3.102554805909067363e+04
-3.102554805909067363e+04
-3.102554805909067363e+04
-3.102554805909067363e+04
-3.102554805909067363e+04
-3.102554805909067363e+04
-3.102554805909067363e+04
-3.102554805909067363e+04
-3.102554805909067363e+04
-3.102554805909067363e+04
-3.102554805909067363e+04
-3.102554805909067363e+04
-3.102554805909067363e+04
-3.102554805909067363e+04
-3.102554805909067363e+04
-3.102554805909067363e+04
-3.102554805909067363e+04
-3.102554805909067363e+04
-3.102554805909067363e+04
-3.102554805909067363e+04
-3.102554805909067363e+04
-3.102554805909067363e+04
-3.102554805909067363e+04
-3.102554805909067363e+04
-3.102554805909067363e+04
-3.102554805909067363e+04
-3.102554805909067363e+04
-3.102554805909067363e+04
-3.102554805909067363e+04
-3.102554805909067363e+04
-3.102554805909067363e+04
-3.102554805909067363e+04
-3.102554805909067363e+04
-3.102554805909067363e+04
-3.102554805909067363e+04
-3.102554805909067363e+04
-3.102554805909067363e+04
-3.102554805909067363e+04
-3.102554805909067363e+04
-3.102554805909067363e+04
-3.102554805909067363e+04
-3.102554805909067363e+04
-3.102554805909067363e+04
-3.102554805909067363e+04
-3.102554805909067363e+04
-3.102554805909067363e+04
-3.102554805909067363e+04
-3.102554805909067363e+04
-3.102554805909067363e+04
-3.102554805909067363e+04
-3.102554805909067363e+04
-3.102554805909067363e+04
-3.102554805909067363e+04
-3.102554805909067363e+04
-3.102554805909067363e+04
-3.102554805909067363e+04
-3.102554805909067363e+04
-3.102554805909067363e+04
-3.102554805909067363e+04
-3.102554805909067363e+04
-3.102554805909067363e+04
-3.102554805909067363e+04
-3.102554805909067363e+04
-3.102554805909067363e+04
-3.102554805909067363e+04
-3.102554805909067363e+04
-3.102554805909067363e+04
-3.102554805909067363e+04
-3.102554805909067363e+04
-3.102554805909067363e+04
-3.102554805909067363e+04
-3.102554805909067363e+04
-3.102554805909067363e+04
-3.102554805909067363e+04
-3.102554805909067363e+04
-3.102554805909067363e+04
-3.102554805909067363e+04
-3.102554805909067363e+04
-3.102554805909067363e+04
-3.102554805909067363e+04
-3.102554805909067363e+04
-3.102554805909067363e+04
-3.102554805909067363e+04
-3.102554805909067363e+04
-3.102554805909067363e+04
-3.102554805909067363e+04
-3.102554805909067363e+04
