-3.100460662151511860e+04
-3.101051333470476675e+04
-3.101051333470476675e+04
-3.102243352271447657e+04
-3.102243929071875755e+04
-3.102279863454554288e+04
-3.102279863454554288e+04
-3.102444491800992910e+04
-3.102478057637636448e+04
-3.102478057637636448e+04
-3.102478057637636448e+04
-3.102499240281387029e+04
-3.102536541021311132e+04
-3.102536541021311132e+04
-3.102536541021311132e+04
-3.102536541021311132e+04
-3.102536541021311132e+04
-3.102536541021311132e+04
-3.102536541021311132e+04
-3.102536541021311132e+04
-3.102536541021311132e+04
-3.102536541021311132e+04
-3.102536541021311132e+04
-3.102536541021311132e+04
-3.102536541021311132e+04
-3.102536541021311132e+04
-3.102536541021311132e+04
-3.102536541021311132e+04
-3.102536541021311132e+04
-3.102536541021311132e+04
-3.102536541021311132e+04
-3.102536541021311132e+04
-3.102536541021311132e+04
-3.102536541021311132e+04
-3.102536541021311132e+04
-3.102536541021311132e+04
-3.102536541021311132e+04
-3.102536541021311132e+04
-3.102536541021311132e+04
-3.102536541021311132e+04
-3.102551151559597929e+04
-3.102551151559597929e+04
-3.102551151559597929e+04
-3.102551151559597929e+04
-3.102551151559597929e+04
-3.102551151559597929e+04
-3.102551151559597929e+04
-3.102551151559597929e+04
-3.102551151559597929e+04
-3.102551151559597929e+04
-3.102551151559597929e+04
-3.102551151559597929e+04
-3.102551151559597929e+04
-3.102551151559597929e+04
-3.102551151559597929e+04
-3.102551151559597929e+04
-3.102551151559597929e+04
-3.102551151559597929e+04
-3.102551151559597929e+04
-3.102551151559597929e+04
-3.102551151559597929e+04
-3.102551151559597929e+04
-3.102551151559597929e+04
-3.102551151559597929e+04
-3.102551151559597929e+04
-3.102551151559597929e+04
-3.102551151559597929e+04
-3.102551151559597929e+04
-3.102551151559597929e+04
-3.102551151559597929e+04
-3.102551151559597929e+04
-3.102551151559597929e+04
-3.102551151559597929e+04
-3.102551151559597929e+04
-3.102551151559597929e+04
-3.102551151559597929e+04
-3.102551151559597929e+04
-3.102551151559597929e+04
-3.102551151559597929e+04
-3.102551151559597929e+04
-3.102551151559597929e+04
-3.102551151559597929e+04
-3.102551151559597929e+04
-3.102551151559597929e+04
-3.102551151559597929e+04
-3.102551151559597929e+04
-3.102551151559597929e+04
-3.102551151559597929e+04
-3.102551151559597929e+04
-3.102551151559597929e+04
-3.102551151559597929e+04
-3.102551151559597929e+04
-3.102551151559597929e+04
-3.102551151559597929e+04
-3.102551151559597929e+04
-3.102551151559597929e+04
-3.102551151559597929e+04
-3.102551151559597929e+04
-3.102551151559597929e+04
-3.102551151559597929e+04
-3.102551151559597929e+04
-3.102551151559597929e+04
-3.102551151559597929e+04
-3.102551151559597929e+04
-3.102551151559597929e+04
-3.102551151559597929e+04
-3.102551151559597929e+04
-3.102551151559597929e+04
-3.102551151559597929e+04
-3.102551151559597929e+04
-3.102551151559597929e+04
-3.102551151559597929e+04
-3.102551151559597929e+04
-3.102551151559597929e+04
-3.102551151559597929e+04
-3.102551151559597929e+04
-3.102551151559597929e+04
-3.102551151559597929e+04
-3.102551151559597929e+04
-3.102551151559597929e+04
-3.102551151559597929e+04
-3.102551151559597929e+04
-3.102554805985464918e+04
-3.102554805985464918e+04
-3.102554805985464918e+04
-3.102554805985464918e+04
-3.102554805985464918e+04
-3.102554805985464918e+04
-3.102554805985464918e+04
-3.102554805985464918e+04
-3.102554805985464918e+04
-3.102554805985464918e+04
