-2.445243013473724568e+04
-2.445243013473724568e+04
-3.062541112454407266e+04
-3.066089132256964513e+04
-3.066128374165602145e+04
-3.066128374165602145e+04
-3.066444787853505841e+04
-3.066444787853505841e+04
-3.066502464960351790e+04
-3.066502464960351790e+04
-3.066502464960351790e+04
-3.066526583199822198e+04
-3.066526583199822198e+04
-3.066526583199822198e+04
-3.066526583199822198e+04
-3.066526583199822198e+04
-3.066526583199822198e+04
-3.066526583199822198e+04
-3.066526583199822198e+04
-3.066526583199822198e+04
-3.066526583199822198e+04
-3.066526583199822198e+04
-3.066526583199822198e+04
-3.066526583199822198e+04
-3.066526583199822198e+04
-3.066526583199822198e+04
-3.066526583199822198e+04
-3.066526583199822198e+04
-3.066526583199822198e+04
-3.066526583199822198e+04
-3.066526583199822198e+04
-3.066526583199822198e+04
-3.066526583199822198e+04
-3.066526583199822198e+04
-3.066526583199822198e+04
-3.066526583199822198e+04
-3.066526583199822198e+04
-3.066526583199822198e+04
-3.066526583199822198e+04
-3.066526583199822198e+04
-3.066526583199822198e+04
-3.066526583199822198e+04
-3.066526583199822198e+04
-3.066526583199822198e+04
-3.066526583199822198e+04
-3.066526583199822198e+04
-3.066526583199822198e+04
-3.066526583199822198e+04
-3.066526583199822198e+04
-3.066526583199822198e+04
-3.066526583199822198e+04
-3.066526583199822198e+04
-3.066526583199822198e+04
-3.066526583199822198e+04
-3.066526583199822198e+04
-3.066526583199822198e+04
-3.066526583199822198e+04
-3.066526583199822198e+04
-3.066526583199822198e+04
-3.066526583199822198e+04
-3.066526583199822198e+04
-3.066526583199822198e+04
-3.066526583199822198e+04
-3.066526583199822198e+04
-3.066526583199822198e+04
-3.066526583199822198e+04
-3.066526583199822198e+04
-3.066526583199822198e+04
-3.066526583199822198e+04
-3.066526583199822198e+04
-3.066526583199822198e+04
-3.066526583199822198e+04
-3.066526583199822198e+04
-3.066526583199822198e+04
-3.066526583199822198e+04
-3.066526583199822198e+04
-3.066526583199822198e+04
-3.066526583199822198e+04
-3.066526583199822198e+04
-3.066526583199822198e+04
-3.066526583199822198e+04
-3.066526583199822198e+04
-3.066526583199822198e+04
-3.066526583199822198e+04
-3.066526583199822198e+04
-3.066526583199822198e+04
-3.066526583199822198e+04
-3.066526583199822198e+04
-3.066526583199822198e+04
-3.066526583199822198e+04
-3.066526583199822198e+04
-3.066526583199822198e+04
-3.066526583199822198e+04
-3.066526583199822198e+04
-3.066526583199822198e+04
-3.066526583199822198e+04
-3.066526583199822198e+04
-3.066526583199822198e+04
-3.066526583199822198e+04
-3.066526583199822198e+04
-3.066526583199822198e+04
-3.066526583199822198e+04
-3.066526583199822198e+04
-3.066526583199822198e+04
-3.066526583199822198e+04
-3.066526583199822198e+04
-3.066526583199822198e+04
-3.066526583199822198e+04
-3.066526583199822198e+04
-3.066526583199822198e+04
-3.066526583199822198e+04
-3.066526583199822198e+04
-3.066526583199822198e+04
-3.066526583199822198e+04
-3.066526583199822198e+04
-3.066526583199822198e+04
-3.066526583199822198e+04
-3.066526583199822198e+04
-3.066526583199822198e+04
-3.066526583199822198e+04
-3.066526583199822198e+04
-3.066526583199822198e+04
-3.066526583199822198e+04
-3.066526583199822198e+04
-3.066526583199822198e+04
-3.066526583199822198e+04
-3.066526583199822198e+04
-3.066526583199822198e+04
-3.066526583199822198e+04
-3.066526583199822198e+04
-3.066526583199822198e+04
-3.066526583199822198e+04
-3.066526583199822198e+04
-3.066526583199822198e+04
-3.066526583199822198e+04
