1.299205132390913832e+03
1.299205132390913832e+03
1.299205132390913832e+03
1.112009654922902428e+03
1.112009654922902428e+03
1.112009654922902428e+03
1.112009654922902428e+03
1.112009654922902428e+03
8.969499746679607597e+02
8.864339633185471712e+02
8.575282231415947081e+02
8.537255324970063839e+02
8.537255324970063839e+02
8.325750969565456217e+02
7.723200855201237118e+02
7.401252708120129000e+02
7.401252708120129000e+02
7.310937064363889704e+02
7.310937064363889704e+02
7.310937064363889704e+02
7.310937064363889704e+02
7.310937064363889704e+02
7.310937064363889704e+02
7.310937064363889704e+02
7.310937064363889704e+02
7.310937064363889704e+02
7.310937064363889704e+02
7.310937064363889704e+02
7.310937064363889704e+02
7.310937064363889704e+02
7.310937064363889704e+02
7.310937064363889704e+02
7.310937064363889704e+02
7.310937064363889704e+02
7.310937064363889704e+02
7.310937064363889704e+02
7.310937064363889704e+02
7.310937064363889704e+02
7.310937064363889704e+02
7.310937064363889704e+02
7.310937064363889704e+02
7.310937064363889704e+02
7.310937064363889704e+02
7.310937064363889704e+02
7.310937064363889704e+02
7.310937064363889704e+02
7.310937064363889704e+02
7.310937064363889704e+02
7.310937064363889704e+02
7.310937064363889704e+02
7.310937064363889704e+02
7.310937064363889704e+02
7.310937064363889704e+02
7.310937064363889704e+02
7.310937064363889704e+02
7.310937064363889704e+02
7.310937064363889704e+02
7.310937064363889704e+02
7.310937064363889704e+02
7.310937064363889704e+02
7.310937064363889704e+02
7.310937064363889704e+02
7.310937064363889704e+02
7.310937064363889704e+02
7.310937064363889704e+02
7.310937064363889704e+02
7.310937064363889704e+02
7.310937064363889704e+02
7.310937064363889704e+02
7.310937064363889704e+02
7.310937064363889704e+02
7.310937064363889704e+02
7.310937064363889704e+02
7.310937064363889704e+02
7.310937064363889704e+02
7.310937064363889704e+02
7.310937064363889704e+02
7.310937064363889704e+02
7.310937064363889704e+02
7.310937064363889704e+02
7.310937064363889704e+02
7.310937064363889704e+02
7.310937064363889704e+02
7.310937064363889704e+02
7.310937064363889704e+02
7.310937064363889704e+02
7.310937064363889704e+02
7.310937064363889704e+02
7.310937064363889704e+02
7.310937064363889704e+02
7.310937064363889704e+02
7.310937064363889704e+02
7.310937064363889704e+02
7.310937064363889704e+02
7.310937064363889704e+02
7.310937064363889704e+02
7.310937064363889704e+02
7.310937064363889704e+02
7.310937064363889704e+02
7.310937064363889704e+02
7.310937064363889704e+02
7.310937064363889704e+02
7.310937064363889704e+02
7.310937064363889704e+02
7.310937064363889704e+02
7.310937064363889704e+02
7.310937064363889704e+02
7.310937064363889704e+02
7.310937064363889704e+02
7.310937064363889704e+02
7.310937064363889704e+02
7.310937064363889704e+02
7.310937064363889704e+02
7.310937064363889704e+02
7.310937064363889704e+02
7.310937064363889704e+02
7.310937064363889704e+02
7.310937064363889704e+02
7.310937064363889704e+02
7.310937064363889704e+02
