7.314828421618859693e+02
7.314828421618859693e+02
7.314828421618859693e+02
7.314828421618859693e+02
7.206924464815823512e+02
7.206924464815823512e+02
7.206924464815823512e+02
7.206924464815823512e+02
7.206924464815823512e+02
7.206924464815823512e+02
7.206924464815823512e+02
7.206924464815823512e+02
7.206924464815823512e+02
7.206924464815823512e+02
7.206924464815823512e+02
7.206924464815823512e+02
7.206924464815823512e+02
7.206924464815823512e+02
7.206924464815823512e+02
7.206924464815823512e+02
7.206924464815823512e+02
7.206924464815823512e+02
7.206924464815823512e+02
7.206924464815823512e+02
7.206924464815823512e+02
7.206924464815823512e+02
7.206924464815823512e+02
7.206924464815823512e+02
7.206924464815823512e+02
7.206924464815823512e+02
7.206924464815823512e+02
7.206924464815823512e+02
7.206924464815823512e+02
7.206924464815823512e+02
7.206924464815823512e+02
7.206924464815823512e+02
7.206924464815823512e+02
7.206924464815823512e+02
7.206924464815823512e+02
7.206924464815823512e+02
7.206924464815823512e+02
7.206924464815823512e+02
7.206924464815823512e+02
7.206924464815823512e+02
7.206924464815823512e+02
7.206924464815823512e+02
7.206924464815823512e+02
7.206924464815823512e+02
7.206924464815823512e+02
7.206924464815823512e+02
7.206924464815823512e+02
7.206924464815823512e+02
7.206924464815823512e+02
7.206924464815823512e+02
7.206924464815823512e+02
7.206924464815823512e+02
7.206924464815823512e+02
7.206924464815823512e+02
7.206924464815823512e+02
7.206924464815823512e+02
7.206924464815823512e+02
7.206924464815823512e+02
7.206924464815823512e+02
7.206924464815823512e+02
7.206924464815823512e+02
7.206924464815823512e+02
7.206924464815823512e+02
7.206924464815823512e+02
7.206924464815823512e+02
7.206924464815823512e+02
7.206924464815823512e+02
7.206924464815823512e+02
7.206924464815823512e+02
7.206924464815823512e+02
7.206924464815823512e+02
7.206924464815823512e+02
7.206924464815823512e+02
7.206924464815823512e+02
7.206924464815823512e+02
7.206924464815823512e+02
7.206924464815823512e+02
7.206924464815823512e+02
7.206924464815823512e+02
7.206924464815823512e+02
7.206924464815823512e+02
7.206924464815823512e+02
7.206924464815823512e+02
7.206924464815823512e+02
7.206924464815823512e+02
7.206924464815823512e+02
7.206924464815823512e+02
7.206924464815823512e+02
7.206924464815823512e+02
7.206924464815823512e+02
