7.023000216106137259e+02
6.967464074012416404e+02
6.967464074012416404e+02
6.967464074012416404e+02
6.967464074012416404e+02
6.967464074012416404e+02
6.967464074012416404e+02
6.967464074012416404e+02
6.967464074012416404e+02
6.967464074012416404e+02
6.967464074012416404e+02
6.967464074012416404e+02
6.967464074012416404e+02
6.967464074012416404e+02
6.967464074012416404e+02
6.967464074012416404e+02
6.967464074012416404e+02
6.967464074012416404e+02
6.967464074012416404e+02
6.967464074012416404e+02
6.967464074012416404e+02
6.967464074012416404e+02
6.967464074012416404e+02
6.967464074012416404e+02
6.967464074012416404e+02
6.967464074012416404e+02
6.967464074012416404e+02
6.967464074012416404e+02
6.967464074012416404e+02
6.967464074012416404e+02
6.967464074012416404e+02
6.967464074012416404e+02
6.967464074012416404e+02
6.967464074012416404e+02
6.967464074012416404e+02
6.967464074012416404e+02
6.967464074012416404e+02
6.967464074012416404e+02
6.967464074012416404e+02
6.967464074012416404e+02
6.967464074012416404e+02
6.967464074012416404e+02
6.967464074012416404e+02
6.967464074012416404e+02
6.967464074012416404e+02
6.967464074012416404e+02
6.967464074012416404e+02
6.967464074012416404e+02
6.967464074012416404e+02
6.967464074012416404e+02
6.967464074012416404e+02
6.967464074012416404e+02
6.967464074012416404e+02
6.967464074012416404e+02
6.967464074012416404e+02
6.967464074012416404e+02
6.967464074012416404e+02
6.967464074012416404e+02
6.967464074012416404e+02
6.967464074012416404e+02
6.967464074012416404e+02
6.967464074012416404e+02
6.967464074012416404e+02
6.967464074012416404e+02
6.967464074012416404e+02
6.967464074012416404e+02
6.967464074012416404e+02
6.967464074012416404e+02
6.967464074012416404e+02
6.967464074012416404e+02
6.967464074012416404e+02
6.967464074012416404e+02
6.967464074012416404e+02
6.967464074012416404e+02
6.967464074012416404e+02
6.967464074012416404e+02
6.967464074012416404e+02
6.967464074012416404e+02
6.967464074012416404e+02
6.967464074012416404e+02
6.967464074012416404e+02
6.967464074012416404e+02
6.967464074012416404e+02
6.967464074012416404e+02
6.967464074012416404e+02
6.967464074012416404e+02
6.967464074012416404e+02
6.967464074012416404e+02
6.967464074012416404e+02
6.967464074012416404e+02
6.967464074012416404e+02
6.967464074012416404e+02
6.967464074012416404e+02
6.967464074012416404e+02
6.967464074012416404e+02
6.967464074012416404e+02
6.967464074012416404e+02
6.967464074012416404e+02
6.967464074012416404e+02
6.967464074012416404e+02
6.967464074012416404e+02
6.967464074012416404e+02
6.967464074012416404e+02
