-1.382812499995618793e+01
-1.500000000000000000e+01
-1.500000000000000000e+01
-1.500000000000000000e+01
-1.500000000000000000e+01
-1.500000000000000000e+01
-1.500000000000000000e+01
-1.500000000000000000e+01
-1.500000000000000000e+01
-1.500000000000000000e+01
-1.500000000000000000e+01
-1.500000000000000000e+01
-1.500000000000000000e+01
-1.500000000000000000e+01
-1.500000000000000000e+01
-1.500000000000000000e+01
-1.500000000000000000e+01
-1.500000000000000000e+01
-1.500000000000000000e+01
-1.500000000000000000e+01
-1.500000000000000000e+01
-1.500000000000000000e+01
-1.500000000000000000e+01
-1.500000000000000000e+01
-1.500000000000000000e+01
-1.500000000000000000e+01
-1.500000000000000000e+01
-1.500000000000000000e+01
-1.500000000000000000e+01
-1.500000000000000000e+01
-1.500000000000000000e+01
-1.500000000000000000e+01
-1.500000000000000000e+01
-1.500000000000000000e+01
-1.500000000000000000e+01
-1.500000000000000000e+01
-1.500000000000000000e+01
-1.500000000000000000e+01
-1.500000000000000000e+01
-1.500000000000000000e+01
-1.500000000000000000e+01
-1.500000000000000000e+01
-1.500000000000000000e+01
-1.500000000000000000e+01
-1.500000000000000000e+01
-1.500000000000000000e+01
-1.500000000000000000e+01
-1.500000000000000000e+01
-1.500000000000000000e+01
-1.500000000000000000e+01
-1.500000000000000000e+01
-1.500000000000000000e+01
-1.500000000000000000e+01
-1.500000000000000000e+01
-1.500000000000000000e+01
-1.500000000000000000e+01
-1.500000000000000000e+01
-1.500000000000000000e+01
-1.500000000000000000e+01
-1.500000000000000000e+01
-1.500000000000000000e+01
-1.500000000000000000e+01
-1.500000000000000000e+01
-1.500000000000000000e+01
-1.500000000000000000e+01
-1.500000000000000000e+01
-1.500000000000000000e+01
-1.500000000000000000e+01
-1.500000000000000000e+01
-1.500000000000000000e+01
-1.500000000000000000e+01
-1.500000000000000000e+01
-1.500000000000000000e+01
-1.500000000000000000e+01
-1.500000000000000000e+01
-1.500000000000000000e+01
-1.500000000000000000e+01
-1.500000000000000000e+01
-1.500000000000000000e+01
-1.500000000000000000e+01
-1.500000000000000000e+01
-1.500000000000000000e+01
-1.500000000000000000e+01
-1.500000000000000000e+01
-1.500000000000000000e+01
-1.500000000000000000e+01
-1.500000000000000000e+01
-1.500000000000000000e+01
-1.500000000000000000e+01
-1.500000000000000000e+01
-1.500000000000000000e+01
-1.500000000000000000e+01
-1.500000000000000000e+01
-1.500000000000000000e+01
-1.500000000000000000e+01
-1.500000000000000000e+01
-1.500000000000000000e+01
-1.500000000000000000e+01
-1.500000000000000000e+01
-1.500000000000000000e+01
-1.500000000000000000e+01
-1.500000000000000000e+01
-1.500000000000000000e+01
-1.500000000000000000e+01
-1.500000000000000000e+01
-1.500000000000000000e+01
-1.500000000000000000e+01
-1.500000000000000000e+01
-1.500000000000000000e+01
