-1.382812499994929389e+01
-1.382812499999904077e+01
-1.382812499999904077e+01
-1.382812499999904077e+01
-1.500000000000000000e+01
-1.500000000000000000e+01
-1.500000000000000000e+01
-1.500000000000000000e+01
-1.500000000000000000e+01
-1.500000000000000000e+01
-1.500000000000000000e+01
-1.500000000000000000e+01
-1.500000000000000000e+01
-1.500000000000000000e+01
-1.500000000000000000e+01
-1.500000000000000000e+01
-1.500000000000000000e+01
-1.500000000000000000e+01
-1.500000000000000000e+01
-1.500000000000000000e+01
-1.500000000000000000e+01
-1.500000000000000000e+01
-1.500000000000000000e+01
-1.500000000000000000e+01
-1.500000000000000000e+01
-1.500000000000000000e+01
-1.500000000000000000e+01
-1.500000000000000000e+01
-1.500000000000000000e+01
-1.500000000000000000e+01
-1.500000000000000000e+01
-1.500000000000000000e+01
-1.500000000000000000e+01
-1.500000000000000000e+01
-1.500000000000000000e+01
-1.500000000000000000e+01
-1.500000000000000000e+01
-1.500000000000000000e+01
-1.500000000000000000e+01
-1.500000000000000000e+01
-1.500000000000000000e+01
-1.500000000000000000e+01
-1.500000000000000000e+01
-1.500000000000000000e+01
-1.500000000000000000e+01
-1.500000000000000000e+01
-1.500000000000000000e+01
-1.500000000000000000e+01
-1.500000000000000000e+01
-1.500000000000000000e+01
-1.500000000000000000e+01
-1.500000000000000000e+01
-1.500000000000000000e+01
-1.500000000000000000e+01
-1.500000000000000000e+01
-1.500000000000000000e+01
-1.500000000000000000e+01
-1.500000000000000000e+01
-1.500000000000000000e+01
-1.500000000000000000e+01
-1.500000000000000000e+01
-1.500000000000000000e+01
-1.500000000000000000e+01
-1.500000000000000000e+01
-1.500000000000000000e+01
-1.500000000000000000e+01
-1.500000000000000000e+01
-1.500000000000000000e+01
-1.500000000000000000e+01
-1.500000000000000000e+01
-1.500000000000000000e+01
-1.500000000000000000e+01
-1.500000000000000000e+01
-1.500000000000000000e+01
-1.500000000000000000e+01
-1.500000000000000000e+01
-1.500000000000000000e+01
-1.500000000000000000e+01
-1.500000000000000000e+01
-1.500000000000000000e+01
-1.500000000000000000e+01
-1.500000000000000000e+01
-1.500000000000000000e+01
-1.500000000000000000e+01
-1.500000000000000000e+01
-1.500000000000000000e+01
-1.500000000000000000e+01
-1.500000000000000000e+01
-1.500000000000000000e+01
-1.500000000000000000e+01
-1.500000000000000000e+01
-1.500000000000000000e+01
-1.500000000000000000e+01
-1.500000000000000000e+01
-1.500000000000000000e+01
-1.500000000000000000e+01
-1.500000000000000000e+01
-1.500000000000000000e+01
-1.500000000000000000e+01
-1.500000000000000000e+01
-1.500000000000000000e+01
-1.500000000000000000e+01
-1.500000000000000000e+01
-1.500000000000000000e+01
-1.500000000000000000e+01
-1.500000000000000000e+01
-1.500000000000000000e+01
-1.500000000000000000e+01
-1.500000000000000000e+01
