3.091691133565104010e+01
3.091691133565104010e+01
3.091691133565104010e+01
3.091691133565104010e+01
3.091691133565104010e+01
3.091691133565104010e+01
3.091691133565104010e+01
3.091691133565104010e+01
3.091691133565104010e+01
3.091691133565104010e+01
3.091691133565104010e+01
3.091691133565104010e+01
3.091691133565104010e+01
3.091691133565104010e+01
3.091691133565104010e+01
3.091691133565104010e+01
3.091691133565104010e+01
3.091691133565104010e+01
3.091691133565104010e+01
3.091691133565104010e+01
3.091691133565104010e+01
3.091691133565104010e+01
3.091691133565104010e+01
3.091691133565104010e+01
3.091691133565104010e+01
3.091691133565104010e+01
3.091691133565104010e+01
3.091691133565104010e+01
3.091691133565104010e+01
3.091691133565104010e+01
3.091691133565104010e+01
3.091691133565104010e+01
3.091691133565104010e+01
3.091691133565104010e+01
3.091691133565104010e+01
3.091691133565104010e+01
3.091691133565104010e+01
3.091691133565104010e+01
3.091691133565104010e+01
3.091691133565104010e+01
3.091691133565104010e+01
3.091691133565104010e+01
3.091691133565104010e+01
3.091691133565104010e+01
3.091691133565104010e+01
3.091691133565104010e+01
3.091691133565104010e+01
3.091691133565104010e+01
3.091691133565104010e+01
3.091691133565104010e+01
3.091691133565104010e+01
3.091691133565104010e+01
3.091691133565104010e+01
3.091691133565104010e+01
3.091691133565104010e+01
3.091691133565104010e+01
3.091691133565104010e+01
3.091691133565104010e+01
3.091691133565104010e+01
3.091691133565104010e+01
3.091691133565104010e+01
3.091691133565104010e+01
3.091691133565104010e+01
3.091691133565104010e+01
3.091691133565104010e+01
3.091691133565104010e+01
3.091691133565104010e+01
3.091691133565104010e+01
3.091691133565104010e+01
3.091691133565104010e+01
3.091691133565104010e+01
3.091691133565104010e+01
3.091691133565104010e+01
3.091691133565104010e+01
3.091691133565104010e+01
3.091691133565104010e+01
3.091691133565104010e+01
3.091691133565104010e+01
3.091691133565104010e+01
3.091691133565104010e+01
3.091691133565104010e+01
3.091691133565104010e+01
3.091691133565104010e+01
3.091691133565104010e+01
3.091691133565104010e+01
3.091691133565104010e+01
3.091691133565104010e+01
3.091691133565104010e+01
3.091691133565104010e+01
3.091691133565104010e+01
3.091691133565104010e+01
3.091691133565104010e+01
3.091691133565104010e+01
3.091691133565104010e+01
3.091691133565104010e+01
3.091691133565104010e+01
3.091691133565104010e+01
3.091691133565104010e+01
2.748995717682328888e+01
2.748995717682328888e+01
2.748995717682328888e+01
2.748995717682328888e+01
2.748995717682328888e+01
2.748995717682328888e+01
2.748995717682328888e+01
2.748995717682328888e+01
