-1.138192381163622008e-01
-1.138192381163622008e-01
-1.138192381163622008e-01
-1.412594259134255514e-01
-1.412594259134255514e-01
-1.412594259134255514e-01
-1.412594259134255514e-01
-1.412594259134255514e-01
-1.412594259134255514e-01
-1.843197462310500745e-01
-1.843197462310500745e-01
-1.843197462310500745e-01
-1.843197462310500745e-01
-1.843197462310500745e-01
-1.843197462310500745e-01
-1.843197462310500745e-01
-1.843197462310500745e-01
-1.843197462310500745e-01
-1.843197462310500745e-01
-1.843197462310500745e-01
-1.843197462310500745e-01
-1.843197462310500745e-01
-1.843197462310500745e-01
-1.843197462310500745e-01
-1.843197462310500745e-01
-1.843197462310500745e-01
-1.843197462310500745e-01
-1.843197462310500745e-01
-1.843197462310500745e-01
-1.843197462310500745e-01
-1.843197462310500745e-01
-1.843197462310500745e-01
-1.843197462310500745e-01
-1.843197462310500745e-01
-1.853330523824430198e-01
-1.853330523824430198e-01
-1.853330523824430198e-01
-1.853330523824430198e-01
-1.853330523824430198e-01
-1.853330523824430198e-01
-1.853330523824430198e-01
-1.853330523824430198e-01
-1.853330523824430198e-01
-1.853330523824430198e-01
-1.853330523824430198e-01
-1.853330523824430198e-01
-1.853330523824430198e-01
-1.853330523824430198e-01
-1.853330523824430198e-01
-1.853330523824430198e-01
-1.853330523824430198e-01
-1.853330523824430198e-01
-1.853330523824430198e-01
-1.853330523824430198e-01
-1.853330523824430198e-01
-1.853330523824430198e-01
-1.853330523824430198e-01
-1.853330523824430198e-01
-1.853330523824430198e-01
-1.853330523824430198e-01
-1.853330523824430198e-01
-1.853330523824430198e-01
-1.853330523824430198e-01
-1.853330523824430198e-01
-1.853330523824430198e-01
-1.853330523824430198e-01
-1.853330523824430198e-01
-1.853330523824430198e-01
-1.853330523824430198e-01
-1.853330523824430198e-01
-1.853330523824430198e-01
-1.853330523824430198e-01
-1.853330523824430198e-01
-1.853330523824430198e-01
-1.853330523824430198e-01
-1.853330523824430198e-01
-1.853330523824430198e-01
-1.853330523824430198e-01
-1.853330523824430198e-01
-1.853330523824430198e-01
-1.853330523824430198e-01
-1.853330523824430198e-01
-1.853330523824430198e-01
-1.853330523824430198e-01
-1.853330523824430198e-01
-1.853330523824430198e-01
-1.853330523824430198e-01
-1.853330523824430198e-01
-1.853330523824430198e-01
-1.853330523824430198e-01
-1.853330523824430198e-01
-1.853330523824430198e-01
-1.853330523824430198e-01
-1.853330523824430198e-01
-1.853330523824430198e-01
-1.853330523824430198e-01
-1.853330523824430198e-01
-2.000266558270605566e-01
-2.000266558270605566e-01
-2.000266558270605566e-01
-2.000266558270605566e-01
-2.000266558270605566e-01
-2.000266558270605566e-01
-2.000266558270605566e-01
-2.000266558270605566e-01
-2.000266558270605566e-01
-2.000266558270605566e-01
-2.000266558270605566e-01
-2.000266558270605566e-01
-2.000266558270605566e-01
-2.000266558270605566e-01
-2.000266558270605566e-01
-2.000266558270605566e-01
-2.000266558270605566e-01
-2.000266558270605566e-01
-2.000266558270605566e-01
-2.000266558270605566e-01
-2.000266558270605566e-01
-2.000266558270605566e-01
-2.000266558270605566e-01
-2.000266558270605566e-01
-2.000266558270605566e-01
-2.000266558270605566e-01
-2.000266558270605566e-01
-2.000266558270605566e-01
-2.000266558270605566e-01
-2.000266558270605566e-01
-2.000266558270605566e-01
-2.000266558270605566e-01
-2.000266558270605566e-01
-2.000266558270605566e-01
-2.000266558270605566e-01
-2.000266558270605566e-01
-2.000266558270605566e-01
-2.000266558270605566e-01
-2.000266558270605566e-01
-2.000266558270605566e-01
-2.000266558270605566e-01
-2.000266558270605566e-01
-2.000266558270605566e-01
-2.000266558270605566e-01
-2.000266558270605566e-01
-2.000266558270605566e-01
-2.000266558270605566e-01
-2.000266558270605566e-01
-2.000266558270605566e-01
-2.000266558270605566e-01
-2.000266558270605566e-01
-2.000266558270605566e-01
-2.000266558270605566e-01
-2.000266558270605566e-01
-2.000266558270605566e-01
-2.000266558270605566e-01
-2.000266558270605566e-01
-2.000266558270605566e-01
-2.000266558270605566e-01
-2.000266558270605566e-01
-2.000266558270605566e-01
-2.000266558270605566e-01
-2.000266558270605566e-01
-2.000266558270605566e-01
-2.000266558270605566e-01
-2.000266558270605566e-01
-2.000266558270605566e-01
-2.000266558270605566e-01
-2.000266558270605566e-01
-2.000266558270605566e-01
-2.000266558270605566e-01
-2.000266558270605566e-01
-2.000266558270605566e-01
-2.000266558270605566e-01
-2.000266558270605566e-01
-2.000266558270605566e-01
-2.000266558270605566e-01
-2.000266558270605566e-01
-2.000266558270605566e-01
-2.000266558270605566e-01
-2.000266558270605566e-01
-2.000266558270605566e-01
-2.000266558270605566e-01
-2.000266558270605566e-01
-2.000266558270605566e-01
-2.000266558270605566e-01
-2.000266558270605566e-01
-2.000266558270605566e-01
-2.000266558270605566e-01
-2.000266558270605566e-01
-2.000266558270605566e-01
-2.000266558270605566e-01
-2.000266558270605566e-01
-2.000266558270605566e-01
-2.000266558270605566e-01
-2.000266558270605566e-01
-2.000266558270605566e-01
