-1.644924093012747057e-01
-1.644924093012747057e-01
-1.644924093012747057e-01
-1.644924093012747057e-01
-1.644924093012747057e-01
-1.644924093012747057e-01
-1.644924093012747057e-01
-1.644924093012747057e-01
-1.644924093012747057e-01
-1.644924093012747057e-01
-1.644924093012747057e-01
-1.644924093012747057e-01
-1.644924093012747057e-01
-1.644924093012747057e-01
-1.644924093012747057e-01
-1.644924093012747057e-01
-1.644924093012747057e-01
-1.644924093012747057e-01
-1.644924093012747057e-01
-1.644924093012747057e-01
-1.644924093012747057e-01
-1.644924093012747057e-01
-1.644924093012747057e-01
-1.644924093012747057e-01
-1.644924093012747057e-01
-1.644924093012747057e-01
-1.644924093012747057e-01
-1.644924093012747057e-01
-1.644924093012747057e-01
-1.644924093012747057e-01
-1.644924093012747057e-01
-1.644924093012747057e-01
-1.644924093012747057e-01
-1.644924093012747057e-01
-1.644924093012747057e-01
-1.644924093012747057e-01
-1.644924093012747057e-01
-1.644924093012747057e-01
-1.644924093012747057e-01
-1.644924093012747057e-01
-1.644924093012747057e-01
-1.644924093012747057e-01
-1.644924093012747057e-01
-1.644924093012747057e-01
-1.644924093012747057e-01
-1.644924093012747057e-01
-1.644924093012747057e-01
-1.644924093012747057e-01
-1.644924093012747057e-01
-1.843197462310500745e-01
-1.843197462310500745e-01
-1.843197462310500745e-01
-1.843197462310500745e-01
-1.843197462310500745e-01
-1.843197462310500745e-01
-1.843197462310500745e-01
-1.843197462310500745e-01
-1.843197462310500745e-01
-1.843197462310500745e-01
-1.843197462310500745e-01
-1.843197462310500745e-01
-1.843197462310500745e-01
-1.843197462310500745e-01
-1.843197462310500745e-01
-1.843197462310500745e-01
-1.843197462310500745e-01
-1.843197462310500745e-01
-1.843197462310500745e-01
-1.843197462310500745e-01
-1.843197462310500745e-01
-1.843197462310500745e-01
-1.843197462310500745e-01
-1.843197462310500745e-01
-1.843197462310500745e-01
-1.853330523824430198e-01
-1.853330523824430198e-01
-1.853330523824430198e-01
-1.853330523824430198e-01
-1.853330523824430198e-01
-1.853330523824430198e-01
-1.853330523824430198e-01
-1.853330523824430198e-01
-1.853330523824430198e-01
-1.853330523824430198e-01
-1.853330523824430198e-01
-1.853330523824430198e-01
-1.853330523824430198e-01
-1.853330523824430198e-01
-1.853330523824430198e-01
-1.853330523824430198e-01
-1.853330523824430198e-01
-1.853330523824430198e-01
-1.853330523824430198e-01
-1.853330523824430198e-01
-1.853330523824430198e-01
-1.853330523824430198e-01
-1.853330523824430198e-01
-1.853330523824430198e-01
-1.853330523824430198e-01
-1.853330523824430198e-01
-1.853330523824430198e-01
-1.853330523824430198e-01
-1.853330523824430198e-01
-1.853330523824430198e-01
-1.853330523824430198e-01
-1.853330523824430198e-01
-1.853330523824430198e-01
-1.853330523824430198e-01
-1.853330523824430198e-01
-1.853330523824430198e-01
-1.853330523824430198e-01
-1.853330523824430198e-01
-1.853330523824430198e-01
-1.853330523824430198e-01
-1.853330523824430198e-01
-1.853330523824430198e-01
-1.853330523824430198e-01
-1.853330523824430198e-01
-1.853330523824430198e-01
-1.853330523824430198e-01
-1.853330523824430198e-01
-1.853330523824430198e-01
-1.853330523824430198e-01
-1.853330523824430198e-01
-1.853330523824430198e-01
-1.853330523824430198e-01
-1.853330523824430198e-01
-1.853330523824430198e-01
-1.853330523824430198e-01
-1.853330523824430198e-01
-1.853330523824430198e-01
-1.853330523824430198e-01
-1.853330523824430198e-01
-1.853330523824430198e-01
-1.853330523824430198e-01
-1.853330523824430198e-01
-1.853330523824430198e-01
-2.000266558270605566e-01
-2.000266558270605566e-01
-2.000266558270605566e-01
-2.000266558270605566e-01
-2.000266558270605566e-01
-2.000266558270605566e-01
-2.000266558270605566e-01
-2.000266558270605566e-01
-2.000266558270605566e-01
-2.000266558270605566e-01
-2.000266558270605566e-01
-2.000266558270605566e-01
-2.000266558270605566e-01
-2.000266558270605566e-01
-2.000266558270605566e-01
-2.000266558270605566e-01
-2.000266558270605566e-01
-2.000266558270605566e-01
-2.000266558270605566e-01
-2.000266558270605566e-01
-2.000266558270605566e-01
-2.000266558270605566e-01
-2.000266558270605566e-01
-2.000266558270605566e-01
-2.000266558270605566e-01
-2.000266558270605566e-01
-2.000266558270605566e-01
-2.000266558270605566e-01
-2.000266558270605566e-01
-2.000266558270605566e-01
-2.000266558270605566e-01
-2.000266558270605566e-01
-2.000266558270605566e-01
-2.000266558270605566e-01
-2.000266558270605566e-01
-2.000266558270605566e-01
-2.000266558270605566e-01
-2.000266558270605566e-01
-2.000266558270605566e-01
-2.000266558270605566e-01
-2.000266558270605566e-01
-2.000266558270605566e-01
-2.000266558270605566e-01
-2.000266558270605566e-01
-2.000266558270605566e-01
-2.000266558270605566e-01
-2.000266558270605566e-01
-2.000266558270605566e-01
-2.000266558270605566e-01
-2.000266558270605566e-01
-2.000266558270605566e-01
-2.000266558270605566e-01
-2.000266558270605566e-01
-2.000266558270605566e-01
-2.000266558270605566e-01
-2.000266558270605566e-01
-2.000266558270605566e-01
