1.186679757298559207e-01
8.372028215217983127e-02
8.372028215217983127e-02
6.921433687228809029e-02
6.921433687228809029e-02
2.622475730756506848e-02
2.622475730756506848e-02
2.622475730756506848e-02
2.622475730756506848e-02
2.622475730756506848e-02
2.622475730756506848e-02
2.622475730756506848e-02
2.622475730756506848e-02
2.622475730756506848e-02
2.622475730756506848e-02
2.622475730756506848e-02
1.116895204490431573e-02
1.116895204490431573e-02
1.116895204490431573e-02
1.116895204490431573e-02
1.116895204490431573e-02
1.116895204490431573e-02
1.116895204490431573e-02
1.116895204490431573e-02
1.116895204490431573e-02
1.116895204490431573e-02
1.116895204490431573e-02
1.116895204490431573e-02
1.116895204490431573e-02
1.116895204490431573e-02
1.116895204490431573e-02
1.116895204490431573e-02
1.116895204490431573e-02
1.116895204490431573e-02
1.116895204490431573e-02
1.116895204490431573e-02
9.294977653002229820e-03
9.294977653002229820e-03
9.294977653002229820e-03
9.294977653002229820e-03
9.294977653002229820e-03
9.294977653002229820e-03
9.294977653002229820e-03
9.294977653002229820e-03
9.294977653002229820e-03
9.294977653002229820e-03
9.294977653002229820e-03
9.294977653002229820e-03
9.294977653002229820e-03
9.294977653002229820e-03
9.294977653002229820e-03
9.294977653002229820e-03
9.294977653002229820e-03
9.294977653002229820e-03
9.294977653002229820e-03
9.294977653002229820e-03
9.294977653002229820e-03
9.294977653002229820e-03
9.294977653002229820e-03
9.294977653002229820e-03
9.294977653002229820e-03
9.294977653002229820e-03
9.294977653002229820e-03
9.294977653002229820e-03
9.294977653002229820e-03
9.294977653002229820e-03
9.294977653002229820e-03
9.294977653002229820e-03
9.294977653002229820e-03
9.294977653002229820e-03
9.294977653002229820e-03
9.294977653002229820e-03
9.294977653002229820e-03
9.294977653002229820e-03
9.294977653002229820e-03
9.294977653002229820e-03
9.294977653002229820e-03
9.294977653002229820e-03
9.294977653002229820e-03
9.294977653002229820e-03
9.294977653002229820e-03
9.294977653002229820e-03
9.294977653002229820e-03
9.294977653002229820e-03
9.294977653002229820e-03
9.294977653002229820e-03
9.294977653002229820e-03
9.294977653002229820e-03
9.294977653002229820e-03
9.294977653002229820e-03
9.294977653002229820e-03
9.294977653002229820e-03
9.294977653002229820e-03
9.294977653002229820e-03
9.294977653002229820e-03
9.294977653002229820e-03
9.294977653002229820e-03
9.294977653002229820e-03
9.294977653002229820e-03
9.294977653002229820e-03
9.294977653002229820e-03
9.294977653002229820e-03
9.294977653002229820e-03
9.294977653002229820e-03
9.294977653002229820e-03
9.294977653002229820e-03
9.294977653002229820e-03
9.294977653002229820e-03
9.294977653002229820e-03
9.294977653002229820e-03
9.294977653002229820e-03
9.294977653002229820e-03
9.294977653002229820e-03
9.294977653002229820e-03
9.294977653002229820e-03
9.294977653002229820e-03
9.294977653002229820e-03
9.294977653002229820e-03
9.294977653002229820e-03
9.294977653002229820e-03
9.294977653002229820e-03
9.294977653002229820e-03
9.294977653002229820e-03
9.294977653002229820e-03
9.294977653002229820e-03
9.294977653002229820e-03
9.294977653002229820e-03
9.294977653002229820e-03
9.294977653002229820e-03
9.294977653002229820e-03
9.294977653002229820e-03
9.294977653002229820e-03
