-1.342548764690416896e-01
-1.342548764690416896e-01
-1.342548764690416896e-01
-1.342548764690416896e-01
-1.342548764690416896e-01
-1.505281671672286103e-01
-1.505281671672286103e-01
-1.505281671672286103e-01
-1.505281671672286103e-01
-1.505281671672286103e-01
-1.505281671672286103e-01
-1.505281671672286103e-01
-1.505281671672286103e-01
-1.505281671672286103e-01
-1.505281671672286103e-01
-1.505281671672286103e-01
-1.505281671672286103e-01
-1.505281671672286103e-01
-1.505281671672286103e-01
-1.505281671672286103e-01
-1.505281671672286103e-01
-1.505281671672286103e-01
-1.505281671672286103e-01
-1.505281671672286103e-01
-1.505281671672286103e-01
-1.505281671672286103e-01
-1.505281671672286103e-01
-1.505281671672286103e-01
-1.505281671672286103e-01
-1.505281671672286103e-01
-1.505281671672286103e-01
-1.505281671672286103e-01
-1.505281671672286103e-01
-1.505281671672286103e-01
-1.505281671672286103e-01
-1.505281671672286103e-01
-1.505281671672286103e-01
-1.505281671672286103e-01
-1.505281671672286103e-01
-1.505281671672286103e-01
-1.505281671672286103e-01
-1.578942839532078701e-01
-1.632313012459238877e-01
-1.632313012459238877e-01
-1.632313012459238877e-01
-1.632313012459238877e-01
-1.632313012459238877e-01
-1.632313012459238877e-01
-1.632313012459238877e-01
-1.632313012459238877e-01
-1.632313012459238877e-01
-1.632313012459238877e-01
-1.632313012459238877e-01
-1.632313012459238877e-01
-1.843197462310500745e-01
-1.843197462310500745e-01
-1.843197462310500745e-01
-1.843197462310500745e-01
-1.843197462310500745e-01
-1.843197462310500745e-01
-1.843197462310500745e-01
-1.843197462310500745e-01
-1.843197462310500745e-01
-1.843197462310500745e-01
-1.843197462310500745e-01
-1.843197462310500745e-01
-1.843197462310500745e-01
-1.843197462310500745e-01
-1.843197462310500745e-01
-1.843197462310500745e-01
-1.843197462310500745e-01
-1.843197462310500745e-01
-1.843197462310500745e-01
-1.843197462310500745e-01
-1.843197462310500745e-01
-1.843197462310500745e-01
-1.843197462310500745e-01
-1.843197462310500745e-01
-1.843197462310500745e-01
-1.853330523824430198e-01
-1.853330523824430198e-01
-1.853330523824430198e-01
-1.853330523824430198e-01
-1.853330523824430198e-01
-1.853330523824430198e-01
-1.853330523824430198e-01
-1.853330523824430198e-01
-1.853330523824430198e-01
-1.853330523824430198e-01
-1.853330523824430198e-01
-1.853330523824430198e-01
-1.853330523824430198e-01
-1.853330523824430198e-01
-1.853330523824430198e-01
-1.853330523824430198e-01
-1.853330523824430198e-01
-1.853330523824430198e-01
-1.853330523824430198e-01
-1.853330523824430198e-01
-1.853330523824430198e-01
-1.853330523824430198e-01
-1.853330523824430198e-01
-1.853330523824430198e-01
-1.853330523824430198e-01
-1.853330523824430198e-01
-1.853330523824430198e-01
-1.853330523824430198e-01
-1.853330523824430198e-01
-1.853330523824430198e-01
-1.853330523824430198e-01
-1.853330523824430198e-01
-1.853330523824430198e-01
-1.853330523824430198e-01
-1.853330523824430198e-01
-1.853330523824430198e-01
-1.853330523824430198e-01
-1.853330523824430198e-01
-1.853330523824430198e-01
-1.853330523824430198e-01
-1.853330523824430198e-01
-1.853330523824430198e-01
-1.853330523824430198e-01
-1.853330523824430198e-01
-1.853330523824430198e-01
-1.853330523824430198e-01
-1.853330523824430198e-01
-1.853330523824430198e-01
-1.853330523824430198e-01
-1.853330523824430198e-01
-1.853330523824430198e-01
-1.853330523824430198e-01
-1.853330523824430198e-01
-1.853330523824430198e-01
-1.853330523824430198e-01
-1.853330523824430198e-01
-1.853330523824430198e-01
-1.853330523824430198e-01
-1.853330523824430198e-01
-1.853330523824430198e-01
-1.853330523824430198e-01
-1.853330523824430198e-01
-1.853330523824430198e-01
-2.000266558270605566e-01
-2.000266558270605566e-01
-2.000266558270605566e-01
-2.000266558270605566e-01
-2.000266558270605566e-01
-2.000266558270605566e-01
-2.000266558270605566e-01
-2.000266558270605566e-01
-2.000266558270605566e-01
-2.000266558270605566e-01
-2.000266558270605566e-01
-2.000266558270605566e-01
-2.000266558270605566e-01
-2.000266558270605566e-01
-2.000266558270605566e-01
-2.000266558270605566e-01
-2.000266558270605566e-01
-2.000266558270605566e-01
-2.000266558270605566e-01
-2.000266558270605566e-01
-2.000266558270605566e-01
-2.000266558270605566e-01
-2.000266558270605566e-01
-2.000266558270605566e-01
-2.000266558270605566e-01
-2.000266558270605566e-01
-2.000266558270605566e-01
-2.000266558270605566e-01
-2.000266558270605566e-01
-2.000266558270605566e-01
-2.000266558270605566e-01
-2.000266558270605566e-01
-2.000266558270605566e-01
-2.000266558270605566e-01
-2.000266558270605566e-01
-2.000266558270605566e-01
-2.000266558270605566e-01
-2.000266558270605566e-01
-2.000266558270605566e-01
-2.000266558270605566e-01
-2.000266558270605566e-01
-2.000266558270605566e-01
-2.000266558270605566e-01
-2.000266558270605566e-01
-2.000266558270605566e-01
-2.000266558270605566e-01
-2.000266558270605566e-01
-2.000266558270605566e-01
-2.000266558270605566e-01
-2.000266558270605566e-01
-2.000266558270605566e-01
-2.000266558270605566e-01
