8.707960506259727396e+00
5.051777010673467849e+00
5.051777010673467849e+00
4.143505241563735453e+00
4.143505241563735453e+00
4.143505241563735453e+00
4.143505241563735453e+00
4.143505241563735453e+00
4.143505241563735453e+00
4.143505241563735453e+00
4.143505241563735453e+00
4.143505241563735453e+00
4.143505241563735453e+00
4.143505241563735453e+00
4.143505241563735453e+00
4.143505241563735453e+00
4.099247033917984062e+00
4.099247033917984062e+00
4.099247033917984062e+00
4.099247033917984062e+00
4.099247033917984062e+00
4.099247033917984062e+00
4.099247033917984062e+00
4.099247033917984062e+00
4.099247033917984062e+00
4.099247033917984062e+00
4.090502091461142520e+00
4.090502091461142520e+00
3.980687354356017948e+00
3.980687354356017948e+00
3.980687354356017948e+00
3.813528455484748836e+00
3.813528455484748836e+00
3.813528455484748836e+00
3.813528455484748836e+00
3.813528455484748836e+00
3.813528455484748836e+00
3.813528455484748836e+00
3.813528455484748836e+00
3.790244857594712968e+00
3.790244857594712968e+00
3.790244857594712968e+00
3.790244857594712968e+00
3.790244857594712968e+00
3.790244857594712968e+00
3.790244857594712968e+00
3.790244857594712968e+00
3.498109236281917944e+00
3.498109236281917944e+00
3.498109236281917944e+00
3.498109236281917944e+00
3.498109236281917944e+00
3.102658334387618844e+00
3.102658334387618844e+00
3.102658334387618844e+00
3.102658334387618844e+00
2.800462895678170305e+00
2.800462895678170305e+00
2.800462895678170305e+00
2.800462895678170305e+00
2.800462895678170305e+00
2.800462895678170305e+00
2.800462895678170305e+00
2.800462895678170305e+00
2.800462895678170305e+00
2.800462895678170305e+00
2.800462895678170305e+00
2.769734973246543497e+00
2.769734973246543497e+00
2.769734973246543497e+00
2.769734973246543497e+00
2.769734973246543497e+00
2.769734973246543497e+00
2.769734973246543497e+00
2.769734973246543497e+00
2.769734973246543497e+00
2.769734973246543497e+00
2.769734973246543497e+00
2.769734973246543497e+00
2.769734973246543497e+00
2.769734973246543497e+00
2.769734973246543497e+00
2.769734973246543497e+00
2.769734973246543497e+00
2.769734973246543497e+00
2.769734973246543497e+00
2.769734973246543497e+00
2.769734973246543497e+00
2.632546381756160514e+00
2.632546381756160514e+00
2.632546381756160514e+00
2.632546381756160514e+00
2.632546381756160514e+00
2.632546381756160514e+00
2.632546381756160514e+00
2.632546381756160514e+00
2.632546381756160514e+00
2.632546381756160514e+00
2.632546381756160514e+00
2.431072340564429446e+00
2.431072340564429446e+00
2.431072340564429446e+00
2.327541482862843125e+00
2.327541482862843125e+00
2.327541482862843125e+00
2.327541482862843125e+00
2.327541482862843125e+00
2.327541482862843125e+00
2.327541482862843125e+00
2.327541482862843125e+00
2.327541482862843125e+00
2.327541482862843125e+00
2.327541482862843125e+00
2.327541482862843125e+00
2.327541482862843125e+00
2.327541482862843125e+00
2.327541482862843125e+00
2.327541482862843125e+00
2.327541482862843125e+00
2.327541482862843125e+00
2.327541482862843125e+00
2.301052449478748319e+00
2.301052449478748319e+00
2.301052449478748319e+00
2.301052449478748319e+00
2.301052449478748319e+00
2.301052449478748319e+00
2.095036754533345480e+00
2.095036754533345480e+00
2.095036754533345480e+00
2.095036754533345480e+00
2.095036754533345480e+00
2.095036754533345480e+00
2.095036754533345480e+00
2.095036754533345480e+00
2.095036754533345480e+00
2.095036754533345480e+00
2.095036754533345480e+00
2.095036754533345480e+00
2.095036754533345480e+00
2.095036754533345480e+00
2.095036754533345480e+00
2.095036754533345480e+00
2.095036754533345480e+00
2.095036754533345480e+00
2.095036754533345480e+00
2.095036754533345480e+00
2.095036754533345480e+00
2.095036754533345480e+00
2.095036754533345480e+00
2.095036754533345480e+00
2.095036754533345480e+00
2.095036754533345480e+00
2.095036754533345480e+00
2.095036754533345480e+00
2.095036754533345480e+00
2.095036754533345480e+00
2.095036754533345480e+00
2.095036754533345480e+00
2.095036754533345480e+00
2.095036754533345480e+00
2.095036754533345480e+00
2.095036754533345480e+00
2.095036754533345480e+00
2.061131391623071352e+00
2.061131391623071352e+00
2.061131391623071352e+00
2.061131391623071352e+00
2.061131391623071352e+00
2.061131391623071352e+00
2.061131391623071352e+00
2.061131391623071352e+00
2.061131391623071352e+00
2.061131391623071352e+00
2.061131391623071352e+00
2.061131391623071352e+00
2.061131391623071352e+00
2.053868335284569469e+00
2.053868335284569469e+00
2.053868335284569469e+00
2.053868335284569469e+00
2.053868335284569469e+00
2.053868335284569469e+00
2.053868335284569469e+00
2.053868335284569469e+00
2.053868335284569469e+00
2.053868335284569469e+00
2.053868335284569469e+00
2.053868335284569469e+00
2.053868335284569469e+00
2.053868335284569469e+00
2.053868335284569469e+00
2.053868335284569469e+00
2.053868335284569469e+00
2.053868335284569469e+00
2.053868335284569469e+00
2.053868335284569469e+00
2.053868335284569469e+00
2.053868335284569469e+00
2.053868335284569469e+00
2.053868335284569469e+00
2.053868335284569469e+00
2.053868335284569469e+00
2.053868335284569469e+00
2.053868335284569469e+00
2.053868335284569469e+00
2.053868335284569469e+00
2.053868335284569469e+00
2.021847897019831031e+00
2.021847897019831031e+00
2.021847897019831031e+00
2.021847897019831031e+00
2.021847897019831031e+00
2.021847897019831031e+00
2.021847897019831031e+00
2.021847897019831031e+00
2.021847897019831031e+00
2.021847897019831031e+00
2.021847897019831031e+00
2.021847897019831031e+00
2.021847897019831031e+00
2.021847897019831031e+00
2.021847897019831031e+00
2.021847897019831031e+00
2.021847897019831031e+00
2.021847897019831031e+00
2.021847897019831031e+00
2.021847897019831031e+00
2.021847897019831031e+00
2.021847897019831031e+00
2.021847897019831031e+00
2.021847897019831031e+00
2.021847897019831031e+00
2.021847897019831031e+00
2.021847897019831031e+00
2.021847897019831031e+00
2.021847897019831031e+00
2.005443721117236233e+00
2.005443721117236233e+00
2.005443721117236233e+00
2.005443721117236233e+00
2.005443721117236233e+00
2.005443721117236233e+00
2.005443721117236233e+00
2.005443721117236233e+00
2.005443721117236233e+00
2.005443721117236233e+00
2.005443721117236233e+00
2.005443721117236233e+00
2.005443721117236233e+00
2.005443721117236233e+00
2.005443721117236233e+00
2.005443721117236233e+00
2.005443721117236233e+00
2.005443721117236233e+00
2.005443721117236233e+00
2.005443721117236233e+00
2.005443721117236233e+00
2.005443721117236233e+00
2.005443721117236233e+00
2.005443721117236233e+00
2.005443721117236233e+00
2.005443721117236233e+00
2.005443721117236233e+00
2.005443721117236233e+00
2.005443721117236233e+00
2.005443721117236233e+00
2.005443721117236233e+00
2.005443721117236233e+00
2.005443721117236233e+00
2.005443721117236233e+00
2.005443721117236233e+00
2.005443721117236233e+00
2.005443721117236233e+00
2.005443721117236233e+00
2.005443721117236233e+00
2.005443721117236233e+00
2.005443721117236233e+00
2.005443721117236233e+00
2.005443721117236233e+00
2.005443721117236233e+00
2.005443721117236233e+00
2.005443721117236233e+00
2.005443721117236233e+00
2.005443721117236233e+00
2.002582463797095258e+00
2.002582463797095258e+00
2.002582463797095258e+00
2.002582463797095258e+00
2.002582463797095258e+00
2.002582463797095258e+00
2.002582463797095258e+00
2.002582463797095258e+00
2.002582463797095258e+00
2.002582463797095258e+00
2.002582463797095258e+00
2.002582463797095258e+00
2.002582463797095258e+00
2.002582463797095258e+00
2.000582229900910836e+00
2.000582229900910836e+00
2.000582229900910836e+00
2.000582229900910836e+00
2.000582229900910836e+00
2.000582229900910836e+00
2.000582229900910836e+00
2.000582229900910836e+00
2.000582229900910836e+00
2.000582229900910836e+00
2.000582229900910836e+00
2.000582229900910836e+00
2.000582229900910836e+00
2.000582229900910836e+00
2.000582229900910836e+00
2.000582229900910836e+00
2.000582229900910836e+00
2.000582229900910836e+00
2.000582229900910836e+00
2.000582229900910836e+00
2.000455922878349391e+00
2.000455922878349391e+00
2.000455922878349391e+00
2.000455922878349391e+00
2.000455922878349391e+00
2.000455922878349391e+00
2.000455922878349391e+00
2.000455922878349391e+00
2.000455922878349391e+00
2.000455922878349391e+00
2.000455922878349391e+00
2.000455922878349391e+00
2.000455922878349391e+00
2.000455922878349391e+00
2.000455922878349391e+00
2.000455922878349391e+00
2.000455922878349391e+00
2.000455922878349391e+00
2.000455922878349391e+00
2.000455922878349391e+00
2.000455922878349391e+00
2.000455922878349391e+00
2.000455922878349391e+00
2.000455922878349391e+00
2.000455922878349391e+00
2.000455922878349391e+00
2.000455922878349391e+00
2.000455922878349391e+00
2.000455922878349391e+00
2.000455922878349391e+00
2.000455922878349391e+00
2.000455922878349391e+00
2.000455922878349391e+00
2.000455922878349391e+00
2.000455922878349391e+00
2.000455922878349391e+00
2.000455922878349391e+00
2.000455922878349391e+00
2.000455922878349391e+00
2.000455922878349391e+00
2.000455922878349391e+00
2.000455922878349391e+00
2.000455922878349391e+00
2.000455922878349391e+00
2.000455922878349391e+00
2.000455922878349391e+00
2.000455922878349391e+00
2.000455922878349391e+00
2.000455922878349391e+00
2.000455922878349391e+00
2.000455922878349391e+00
2.000455922878349391e+00
2.000455922878349391e+00
2.000455922878349391e+00
2.000455922878349391e+00
2.000455922878349391e+00
2.000455922878349391e+00
2.000455922878349391e+00
2.000455922878349391e+00
2.000455922878349391e+00
2.000455922878349391e+00
2.000455922878349391e+00
2.000455922878349391e+00
2.000455922878349391e+00
2.000455922878349391e+00
2.000455922878349391e+00
2.000455922878349391e+00
2.000455922878349391e+00
2.000455922878349391e+00
2.000455922878349391e+00
2.000455922878349391e+00
2.000455922878349391e+00
2.000455922878349391e+00
2.000455922878349391e+00
2.000455922878349391e+00
2.000455922878349391e+00
2.000455922878349391e+00
2.000455922878349391e+00
2.000455922878349391e+00
2.000455922878349391e+00
2.000455922878349391e+00
2.000455922878349391e+00
2.000455922878349391e+00
2.000455922878349391e+00
2.000455922878349391e+00
2.000455922878349391e+00
2.000455922878349391e+00
2.000455922878349391e+00
2.000455922878349391e+00
2.000455922878349391e+00
2.000455922878349391e+00
2.000455922878349391e+00
2.000455922878349391e+00
2.000455922878349391e+00
2.000455922878349391e+00
2.000455922878349391e+00
2.000455922878349391e+00
2.000455922878349391e+00
2.000455922878349391e+00
2.000455922878349391e+00
2.000455922878349391e+00
2.000455922878349391e+00
2.000455922878349391e+00
2.000455922878349391e+00
2.000455922878349391e+00
2.000455922878349391e+00
2.000455922878349391e+00
2.000455922878349391e+00
2.000455922878349391e+00
2.000455922878349391e+00
2.000455922878349391e+00
2.000455922878349391e+00
2.000455922878349391e+00
2.000455922878349391e+00
2.000455922878349391e+00
2.000455922878349391e+00
2.000455922878349391e+00
2.000455922878349391e+00
2.000455922878349391e+00
2.000455922878349391e+00
2.000455922878349391e+00
2.000455922878349391e+00
2.000455922878349391e+00
2.000455922878349391e+00
2.000455922878349391e+00
2.000455922878349391e+00
2.000455922878349391e+00
2.000455922878349391e+00
2.000455922878349391e+00
2.000455922878349391e+00
2.000455922878349391e+00
2.000455922878349391e+00
2.000455922878349391e+00
2.000455922878349391e+00
2.000455922878349391e+00
2.000455922878349391e+00
2.000455922878349391e+00
2.000455922878349391e+00
2.000455922878349391e+00
2.000455922878349391e+00
2.000455922878349391e+00
2.000455922878349391e+00
2.000455922878349391e+00
2.000455922878349391e+00
2.000455922878349391e+00
2.000455922878349391e+00
2.000455922878349391e+00
2.000455922878349391e+00
2.000455922878349391e+00
2.000455922878349391e+00
2.000455922878349391e+00
2.000455922878349391e+00
2.000455922878349391e+00
2.000455922878349391e+00
2.000455922878349391e+00
2.000455922878349391e+00
2.000455922878349391e+00
2.000455922878349391e+00
2.000455922878349391e+00
2.000455922878349391e+00
2.000455922878349391e+00
2.000455922878349391e+00
2.000455922878349391e+00
2.000455922878349391e+00
2.000455922878349391e+00
2.000455922878349391e+00
2.000455922878349391e+00
2.000455922878349391e+00
2.000455922878349391e+00
2.000455922878349391e+00
2.000455922878349391e+00
2.000455922878349391e+00
2.000455922878349391e+00
2.000455922878349391e+00
2.000455922878349391e+00
2.000455922878349391e+00
2.000455922878349391e+00
2.000455922878349391e+00
2.000455922878349391e+00
2.000455922878349391e+00
2.000455922878349391e+00
2.000455922878349391e+00
2.000455922878349391e+00
2.000455922878349391e+00
2.000455922878349391e+00
2.000455922878349391e+00
2.000455922878349391e+00
2.000455922878349391e+00
2.000455922878349391e+00
2.000455922878349391e+00
2.000455922878349391e+00
2.000455922878349391e+00
2.000455922878349391e+00
2.000455922878349391e+00
2.000455922878349391e+00
2.000455922878349391e+00
2.000455922878349391e+00
2.000455922878349391e+00
2.000455922878349391e+00
2.000455922878349391e+00
2.000455922878349391e+00
2.000455922878349391e+00
2.000455922878349391e+00
2.000455922878349391e+00
2.000455922878349391e+00
2.000455922878349391e+00
2.000455922878349391e+00
2.000455922878349391e+00
2.000455922878349391e+00
2.000455922878349391e+00
2.000455922878349391e+00
2.000455922878349391e+00
2.000455922878349391e+00
2.000455922878349391e+00
2.000455922878349391e+00
2.000455922878349391e+00
2.000455922878349391e+00
2.000455922878349391e+00
2.000455922878349391e+00
2.000455922878349391e+00
2.000455922878349391e+00
2.000455922878349391e+00
2.000455922878349391e+00
2.000455922878349391e+00
2.000455922878349391e+00
2.000455922878349391e+00
2.000455922878349391e+00
2.000455922878349391e+00
2.000455922878349391e+00
2.000455922878349391e+00
2.000455922878349391e+00
2.000455922878349391e+00
2.000455922878349391e+00
2.000455922878349391e+00
2.000455922878349391e+00
2.000455922878349391e+00
2.000455922878349391e+00
2.000455922878349391e+00
2.000455922878349391e+00
2.000455922878349391e+00
2.000455922878349391e+00
2.000455922878349391e+00
2.000455922878349391e+00
2.000455922878349391e+00
2.000455922878349391e+00
2.000455922878349391e+00
2.000455922878349391e+00
2.000455922878349391e+00
2.000455922878349391e+00
2.000455922878349391e+00
2.000455922878349391e+00
2.000455922878349391e+00
2.000455922878349391e+00
2.000455922878349391e+00
2.000455922878349391e+00
2.000455922878349391e+00
2.000455922878349391e+00
2.000455922878349391e+00
2.000455922878349391e+00
2.000455922878349391e+00
2.000455922878349391e+00
2.000455922878349391e+00
2.000455922878349391e+00
2.000455922878349391e+00
2.000455922878349391e+00
2.000455922878349391e+00
2.000455922878349391e+00
2.000455922878349391e+00
2.000455922878349391e+00
2.000455922878349391e+00
2.000455922878349391e+00
2.000455922878349391e+00
2.000455922878349391e+00
2.000455922878349391e+00
2.000455922878349391e+00
2.000455922878349391e+00
2.000455922878349391e+00
2.000455922878349391e+00
2.000455922878349391e+00
2.000455922878349391e+00
2.000455922878349391e+00
2.000455922878349391e+00
2.000455922878349391e+00
2.000455922878349391e+00
2.000455922878349391e+00
2.000455922878349391e+00
2.000455922878349391e+00
2.000455922878349391e+00
2.000455922878349391e+00
2.000455922878349391e+00
2.000455922878349391e+00
2.000455922878349391e+00
2.000455922878349391e+00
2.000455922878349391e+00
2.000455922878349391e+00
2.000455922878349391e+00
2.000455922878349391e+00
2.000455922878349391e+00
2.000455922878349391e+00
2.000455922878349391e+00
2.000455922878349391e+00
2.000455922878349391e+00
2.000455922878349391e+00
2.000455922878349391e+00
2.000455922878349391e+00
2.000455922878349391e+00
2.000455922878349391e+00
2.000455922878349391e+00
2.000455922878349391e+00
2.000455922878349391e+00
2.000455922878349391e+00
2.000455922878349391e+00
2.000455922878349391e+00
2.000455922878349391e+00
2.000455922878349391e+00
2.000455922878349391e+00
2.000455922878349391e+00
2.000455922878349391e+00
2.000455922878349391e+00
2.000455922878349391e+00
2.000455922878349391e+00
2.000455922878349391e+00
2.000455922878349391e+00
2.000455922878349391e+00
2.000455922878349391e+00
2.000455922878349391e+00
2.000455922878349391e+00
2.000455922878349391e+00
2.000455922878349391e+00
2.000455922878349391e+00
2.000455922878349391e+00
2.000455922878349391e+00
2.000455922878349391e+00
2.000455922878349391e+00
2.000455922878349391e+00
2.000455922878349391e+00
2.000455922878349391e+00
2.000455922878349391e+00
2.000455922878349391e+00
2.000455922878349391e+00
2.000455922878349391e+00
2.000455922878349391e+00
2.000455922878349391e+00
2.000455922878349391e+00
2.000455922878349391e+00
2.000455922878349391e+00
2.000455922878349391e+00
2.000455922878349391e+00
2.000455922878349391e+00
2.000455922878349391e+00
2.000455922878349391e+00
2.000455922878349391e+00
2.000455922878349391e+00
2.000455922878349391e+00
2.000455922878349391e+00
2.000455922878349391e+00
2.000455922878349391e+00
2.000455922878349391e+00
2.000455922878349391e+00
2.000455922878349391e+00
2.000455922878349391e+00
2.000455922878349391e+00
2.000455922878349391e+00
2.000455922878349391e+00
2.000455922878349391e+00
2.000455922878349391e+00
2.000455922878349391e+00
2.000455922878349391e+00
2.000455922878349391e+00
2.000455922878349391e+00
2.000455922878349391e+00
2.000455922878349391e+00
2.000455922878349391e+00
2.000455922878349391e+00
2.000455922878349391e+00
2.000455922878349391e+00
2.000455922878349391e+00
2.000455922878349391e+00
2.000455922878349391e+00
2.000455922878349391e+00
2.000455922878349391e+00
2.000455922878349391e+00
2.000455922878349391e+00
2.000455922878349391e+00
2.000455922878349391e+00
2.000455922878349391e+00
2.000455922878349391e+00
2.000455922878349391e+00
2.000455922878349391e+00
2.000455922878349391e+00
2.000455922878349391e+00
2.000455922878349391e+00
2.000455922878349391e+00
2.000455922878349391e+00
2.000455922878349391e+00
2.000455922878349391e+00
2.000455922878349391e+00
2.000455922878349391e+00
2.000455922878349391e+00
2.000455922878349391e+00
2.000455922878349391e+00
2.000455922878349391e+00
2.000455922878349391e+00
2.000455922878349391e+00
2.000455922878349391e+00
2.000455922878349391e+00
2.000455922878349391e+00
2.000455922878349391e+00
2.000455922878349391e+00
2.000455922878349391e+00
2.000455922878349391e+00
2.000455922878349391e+00
2.000455922878349391e+00
2.000455922878349391e+00
2.000455922878349391e+00
2.000455922878349391e+00
2.000455922878349391e+00
2.000455922878349391e+00
2.000455922878349391e+00
2.000455922878349391e+00
2.000455922878349391e+00
2.000455922878349391e+00
2.000455922878349391e+00
2.000455922878349391e+00
2.000455922878349391e+00
2.000455922878349391e+00
2.000455922878349391e+00
