5.977061392991948274e+00
4.603508080343688746e+00
4.603508080343688746e+00
4.603508080343688746e+00
3.379861126932217630e+00
3.379861126932217630e+00
3.379861126932217630e+00
3.379861126932217630e+00
3.379861126932217630e+00
3.379861126932217630e+00
3.379861126932217630e+00
3.379861126932217630e+00
3.379861126932217630e+00
3.379861126932217630e+00
3.379861126932217630e+00
3.379861126932217630e+00
3.379861126932217630e+00
3.379861126932217630e+00
3.379861126932217630e+00
3.117858671000312221e+00
3.117858671000312221e+00
3.117858671000312221e+00
3.117858671000312221e+00
3.117858671000312221e+00
3.117858671000312221e+00
3.117858671000312221e+00
3.117858671000312221e+00
3.117858671000312221e+00
3.117858671000312221e+00
3.117858671000312221e+00
3.117858671000312221e+00
3.117858671000312221e+00
3.117858671000312221e+00
3.117858671000312221e+00
3.117858671000312221e+00
3.117858671000312221e+00
3.117858671000312221e+00
3.117858671000312221e+00
3.117858671000312221e+00
3.117858671000312221e+00
3.117858671000312221e+00
3.117858671000312221e+00
3.117858671000312221e+00
3.117858671000312221e+00
3.117858671000312221e+00
3.117858671000312221e+00
3.117858671000312221e+00
3.117858671000312221e+00
3.117858671000312221e+00
3.117858671000312221e+00
3.117858671000312221e+00
3.117858671000312221e+00
3.117858671000312221e+00
3.117858671000312221e+00
3.117858671000312221e+00
3.117858671000312221e+00
3.117858671000312221e+00
3.117858671000312221e+00
2.965822000602304609e+00
2.965822000602304609e+00
2.917130223909947695e+00
2.917130223909947695e+00
2.917130223909947695e+00
2.917130223909947695e+00
2.917130223909947695e+00
2.917130223909947695e+00
2.478907102928726847e+00
2.478907102928726847e+00
2.478907102928726847e+00
2.478907102928726847e+00
2.478907102928726847e+00
2.478907102928726847e+00
2.478907102928726847e+00
2.478907102928726847e+00
2.478907102928726847e+00
2.478907102928726847e+00
2.478907102928726847e+00
2.478907102928726847e+00
2.478907102928726847e+00
2.478907102928726847e+00
2.478907102928726847e+00
2.478907102928726847e+00
2.478907102928726847e+00
2.478907102928726847e+00
2.478907102928726847e+00
2.478907102928726847e+00
2.478907102928726847e+00
2.478907102928726847e+00
2.478907102928726847e+00
2.478907102928726847e+00
2.478907102928726847e+00
2.478907102928726847e+00
2.478907102928726847e+00
2.478907102928726847e+00
2.478907102928726847e+00
2.478907102928726847e+00
2.478907102928726847e+00
2.478907102928726847e+00
2.478907102928726847e+00
2.478907102928726847e+00
2.478907102928726847e+00
2.478907102928726847e+00
2.478907102928726847e+00
2.434362577265294814e+00
2.248337482836844536e+00
2.248337482836844536e+00
2.248337482836844536e+00
2.248337482836844536e+00
2.248337482836844536e+00
2.248337482836844536e+00
2.248337482836844536e+00
2.248337482836844536e+00
2.248337482836844536e+00
2.248337482836844536e+00
2.248337482836844536e+00
2.248337482836844536e+00
2.248337482836844536e+00
2.248337482836844536e+00
2.248337482836844536e+00
2.248337482836844536e+00
2.248337482836844536e+00
2.248337482836844536e+00
2.204618086622771589e+00
2.204618086622771589e+00
2.204618086622771589e+00
2.204618086622771589e+00
2.204618086622771589e+00
2.204618086622771589e+00
2.204618086622771589e+00
2.204618086622771589e+00
2.204618086622771589e+00
2.204618086622771589e+00
2.204618086622771589e+00
2.204618086622771589e+00
2.174505606721218065e+00
2.159417471078628026e+00
2.159417471078628026e+00
2.159417471078628026e+00
2.159417471078628026e+00
2.159417471078628026e+00
2.159417471078628026e+00
2.159417471078628026e+00
2.159417471078628026e+00
2.159417471078628026e+00
2.159417471078628026e+00
2.159417471078628026e+00
2.159417471078628026e+00
2.159417471078628026e+00
2.159417471078628026e+00
2.159417471078628026e+00
2.159417471078628026e+00
2.159417471078628026e+00
2.159417471078628026e+00
2.159417471078628026e+00
2.159417471078628026e+00
2.159417471078628026e+00
2.159417471078628026e+00
2.159417471078628026e+00
2.159417471078628026e+00
2.159417471078628026e+00
2.159417471078628026e+00
2.159417471078628026e+00
2.159417471078628026e+00
2.159417471078628026e+00
2.159417471078628026e+00
2.159417471078628026e+00
2.159417471078628026e+00
2.159417471078628026e+00
2.159417471078628026e+00
2.159417471078628026e+00
2.159417471078628026e+00
2.159417471078628026e+00
2.159417471078628026e+00
2.159417471078628026e+00
2.159417471078628026e+00
2.159417471078628026e+00
2.159417471078628026e+00
2.159417471078628026e+00
2.159417471078628026e+00
2.159417471078628026e+00
2.159417471078628026e+00
2.159417471078628026e+00
2.159417471078628026e+00
2.159417471078628026e+00
2.159417471078628026e+00
2.158696693899462282e+00
2.158696693899462282e+00
2.158696693899462282e+00
2.158696693899462282e+00
2.158696693899462282e+00
2.158696693899462282e+00
2.112247589423409178e+00
2.112247589423409178e+00
2.112247589423409178e+00
2.112247589423409178e+00
2.112247589423409178e+00
2.112247589423409178e+00
2.112247589423409178e+00
2.112247589423409178e+00
2.112247589423409178e+00
2.052870600672872747e+00
2.052870600672872747e+00
2.052870600672872747e+00
2.052870600672872747e+00
2.052870600672872747e+00
2.052870600672872747e+00
2.052870600672872747e+00
2.052870600672872747e+00
2.052870600672872747e+00
2.052870600672872747e+00
2.052870600672872747e+00
2.052870600672872747e+00
2.052870600672872747e+00
2.052870600672872747e+00
2.052870600672872747e+00
2.052870600672872747e+00
2.052870600672872747e+00
2.052870600672872747e+00
2.052870600672872747e+00
2.052870600672872747e+00
2.030280957471792824e+00
2.030280957471792824e+00
2.030280957471792824e+00
2.030280957471792824e+00
2.030280957471792824e+00
2.030280957471792824e+00
2.030280957471792824e+00
2.030280957471792824e+00
2.030280957471792824e+00
2.030280957471792824e+00
2.030280957471792824e+00
2.030280957471792824e+00
2.018971513799795225e+00
2.018971513799795225e+00
2.018971513799795225e+00
2.018971513799795225e+00
2.018971513799795225e+00
2.018971513799795225e+00
2.011237707404306185e+00
2.011237707404306185e+00
2.011237707404306185e+00
2.011237707404306185e+00
2.011237707404306185e+00
2.011237707404306185e+00
2.011237707404306185e+00
2.011237707404306185e+00
2.011237707404306185e+00
2.011237707404306185e+00
2.011237707404306185e+00
2.011237707404306185e+00
2.011237707404306185e+00
2.011237707404306185e+00
2.011237707404306185e+00
2.011237707404306185e+00
2.011237707404306185e+00
2.011237707404306185e+00
2.011237707404306185e+00
2.011237707404306185e+00
2.011237707404306185e+00
2.000863141312438032e+00
2.000863141312438032e+00
2.000863141312438032e+00
2.000863141312438032e+00
2.000863141312438032e+00
2.000863141312438032e+00
2.000863141312438032e+00
2.000863141312438032e+00
2.000863141312438032e+00
2.000863141312438032e+00
2.000863141312438032e+00
2.000863141312438032e+00
2.000863141312438032e+00
2.000863141312438032e+00
2.000863141312438032e+00
2.000863141312438032e+00
2.000863141312438032e+00
2.000863141312438032e+00
2.000863141312438032e+00
2.000863141312438032e+00
2.000863141312438032e+00
2.000863141312438032e+00
2.000863141312438032e+00
2.000863141312438032e+00
2.000863141312438032e+00
2.000863141312438032e+00
2.000863141312438032e+00
2.000863141312438032e+00
2.000863141312438032e+00
2.000863141312438032e+00
2.000863141312438032e+00
2.000863141312438032e+00
2.000863141312438032e+00
2.000863141312438032e+00
2.000863141312438032e+00
2.000863141312438032e+00
2.000863141312438032e+00
2.000863141312438032e+00
2.000863141312438032e+00
2.000863141312438032e+00
2.000863141312438032e+00
2.000863141312438032e+00
2.000863141312438032e+00
2.000863141312438032e+00
2.000863141312438032e+00
2.000863141312438032e+00
2.000863141312438032e+00
2.000863141312438032e+00
2.000863141312438032e+00
2.000863141312438032e+00
2.000863141312438032e+00
2.000863141312438032e+00
2.000863141312438032e+00
2.000863141312438032e+00
2.000863141312438032e+00
2.000863141312438032e+00
2.000863141312438032e+00
2.000863141312438032e+00
2.000863141312438032e+00
2.000863141312438032e+00
2.000863141312438032e+00
2.000863141312438032e+00
2.000863141312438032e+00
2.000863141312438032e+00
2.000863141312438032e+00
2.000863141312438032e+00
2.000863141312438032e+00
2.000863141312438032e+00
2.000863141312438032e+00
2.000863141312438032e+00
2.000863141312438032e+00
2.000863141312438032e+00
2.000863141312438032e+00
2.000682289912816270e+00
2.000682289912816270e+00
2.000682289912816270e+00
2.000682289912816270e+00
2.000682289912816270e+00
2.000682289912816270e+00
2.000682289912816270e+00
2.000682289912816270e+00
2.000682289912816270e+00
2.000682289912816270e+00
2.000682289912816270e+00
2.000542548657039621e+00
2.000542548657039621e+00
2.000542548657039621e+00
2.000542548657039621e+00
2.000542548657039621e+00
2.000542548657039621e+00
2.000542548657039621e+00
2.000542548657039621e+00
2.000542548657039621e+00
2.000542548657039621e+00
2.000542548657039621e+00
2.000542548657039621e+00
2.000542548657039621e+00
2.000542548657039621e+00
2.000542548657039621e+00
2.000542548657039621e+00
2.000542548657039621e+00
2.000542548657039621e+00
2.000542548657039621e+00
2.000542548657039621e+00
2.000542548657039621e+00
2.000542548657039621e+00
2.000542548657039621e+00
2.000542548657039621e+00
2.000542548657039621e+00
2.000542548657039621e+00
2.000542548657039621e+00
2.000542548657039621e+00
2.000542548657039621e+00
2.000542548657039621e+00
2.000542548657039621e+00
2.000542548657039621e+00
2.000542548657039621e+00
2.000542548657039621e+00
2.000542548657039621e+00
2.000542548657039621e+00
2.000542548657039621e+00
2.000542548657039621e+00
2.000542548657039621e+00
2.000542548657039621e+00
2.000542548657039621e+00
2.000542548657039621e+00
2.000542548657039621e+00
2.000542548657039621e+00
2.000542548657039621e+00
2.000542548657039621e+00
2.000542548657039621e+00
2.000542548657039621e+00
2.000542548657039621e+00
2.000542548657039621e+00
2.000542548657039621e+00
2.000542548657039621e+00
2.000542548657039621e+00
2.000542548657039621e+00
2.000542548657039621e+00
2.000542548657039621e+00
2.000542548657039621e+00
2.000542548657039621e+00
2.000542548657039621e+00
2.000542548657039621e+00
2.000542548657039621e+00
2.000542548657039621e+00
2.000542548657039621e+00
2.000542548657039621e+00
2.000542548657039621e+00
2.000542548657039621e+00
2.000542548657039621e+00
2.000542548657039621e+00
2.000542548657039621e+00
2.000542548657039621e+00
2.000542548657039621e+00
2.000542548657039621e+00
2.000542548657039621e+00
2.000542548657039621e+00
2.000542548657039621e+00
2.000542548657039621e+00
2.000542548657039621e+00
2.000542548657039621e+00
2.000542548657039621e+00
2.000542548657039621e+00
2.000542548657039621e+00
2.000542548657039621e+00
2.000542548657039621e+00
2.000542548657039621e+00
2.000542548657039621e+00
2.000542548657039621e+00
2.000542548657039621e+00
2.000542548657039621e+00
2.000542548657039621e+00
2.000542548657039621e+00
2.000542548657039621e+00
2.000542548657039621e+00
2.000542548657039621e+00
2.000542548657039621e+00
2.000542548657039621e+00
2.000542548657039621e+00
2.000542548657039621e+00
2.000542548657039621e+00
2.000542548657039621e+00
2.000542548657039621e+00
2.000542548657039621e+00
2.000542548657039621e+00
2.000542548657039621e+00
2.000542548657039621e+00
2.000542548657039621e+00
2.000542548657039621e+00
2.000542548657039621e+00
2.000542548657039621e+00
2.000542548657039621e+00
2.000542548657039621e+00
2.000542548657039621e+00
2.000542548657039621e+00
2.000542548657039621e+00
2.000542548657039621e+00
2.000542548657039621e+00
2.000542548657039621e+00
2.000542548657039621e+00
2.000542548657039621e+00
2.000542548657039621e+00
2.000542548657039621e+00
2.000542548657039621e+00
2.000542548657039621e+00
2.000542548657039621e+00
2.000542548657039621e+00
2.000542548657039621e+00
2.000542548657039621e+00
2.000542548657039621e+00
2.000542548657039621e+00
2.000542548657039621e+00
2.000542548657039621e+00
2.000542548657039621e+00
2.000542548657039621e+00
2.000542548657039621e+00
2.000542548657039621e+00
2.000542548657039621e+00
2.000542548657039621e+00
2.000542548657039621e+00
2.000542548657039621e+00
2.000542548657039621e+00
2.000542548657039621e+00
2.000542548657039621e+00
2.000542548657039621e+00
2.000542548657039621e+00
2.000542548657039621e+00
2.000542548657039621e+00
2.000542548657039621e+00
2.000542548657039621e+00
2.000542548657039621e+00
2.000542548657039621e+00
2.000542548657039621e+00
2.000542548657039621e+00
2.000542548657039621e+00
2.000542548657039621e+00
2.000542548657039621e+00
2.000542548657039621e+00
2.000542548657039621e+00
2.000542548657039621e+00
2.000542548657039621e+00
2.000542548657039621e+00
2.000542548657039621e+00
2.000542548657039621e+00
2.000542548657039621e+00
2.000542548657039621e+00
2.000542548657039621e+00
2.000542548657039621e+00
2.000542548657039621e+00
2.000542548657039621e+00
2.000542548657039621e+00
2.000542548657039621e+00
2.000542548657039621e+00
2.000542548657039621e+00
2.000542548657039621e+00
2.000542548657039621e+00
2.000542548657039621e+00
2.000542548657039621e+00
2.000542548657039621e+00
2.000542548657039621e+00
2.000542548657039621e+00
2.000542548657039621e+00
2.000542548657039621e+00
2.000542548657039621e+00
2.000542548657039621e+00
2.000542548657039621e+00
2.000542548657039621e+00
2.000542548657039621e+00
2.000542548657039621e+00
2.000542548657039621e+00
2.000542548657039621e+00
2.000542548657039621e+00
2.000542548657039621e+00
2.000542548657039621e+00
2.000542548657039621e+00
2.000542548657039621e+00
2.000542548657039621e+00
2.000542548657039621e+00
2.000542548657039621e+00
2.000542548657039621e+00
2.000542548657039621e+00
2.000542548657039621e+00
2.000542548657039621e+00
2.000542548657039621e+00
2.000542548657039621e+00
2.000542548657039621e+00
2.000542548657039621e+00
2.000542548657039621e+00
2.000542548657039621e+00
2.000542548657039621e+00
2.000542548657039621e+00
2.000542548657039621e+00
2.000542548657039621e+00
2.000542548657039621e+00
2.000542548657039621e+00
2.000542548657039621e+00
2.000542548657039621e+00
2.000542548657039621e+00
2.000542548657039621e+00
2.000542548657039621e+00
2.000542548657039621e+00
2.000542548657039621e+00
2.000542548657039621e+00
2.000542548657039621e+00
2.000542548657039621e+00
2.000542548657039621e+00
2.000542548657039621e+00
2.000542548657039621e+00
2.000542548657039621e+00
2.000542548657039621e+00
2.000542548657039621e+00
2.000542548657039621e+00
2.000542548657039621e+00
2.000542548657039621e+00
2.000542548657039621e+00
2.000542548657039621e+00
2.000542548657039621e+00
2.000542548657039621e+00
2.000542548657039621e+00
2.000542548657039621e+00
2.000542548657039621e+00
2.000542548657039621e+00
2.000542548657039621e+00
2.000542548657039621e+00
2.000542548657039621e+00
2.000542548657039621e+00
2.000542548657039621e+00
2.000542548657039621e+00
2.000542548657039621e+00
2.000542548657039621e+00
2.000542548657039621e+00
2.000542548657039621e+00
2.000542548657039621e+00
2.000542548657039621e+00
2.000542548657039621e+00
2.000542548657039621e+00
2.000542548657039621e+00
2.000542548657039621e+00
2.000542548657039621e+00
2.000542548657039621e+00
2.000542548657039621e+00
2.000542548657039621e+00
2.000542548657039621e+00
2.000542548657039621e+00
2.000542548657039621e+00
2.000542548657039621e+00
2.000542548657039621e+00
2.000542548657039621e+00
2.000542548657039621e+00
2.000542548657039621e+00
2.000542548657039621e+00
2.000542548657039621e+00
2.000542548657039621e+00
2.000542548657039621e+00
2.000542548657039621e+00
2.000542548657039621e+00
2.000542548657039621e+00
2.000542548657039621e+00
2.000542548657039621e+00
2.000542548657039621e+00
2.000542548657039621e+00
2.000542548657039621e+00
2.000542548657039621e+00
2.000542548657039621e+00
2.000542548657039621e+00
2.000542548657039621e+00
2.000542548657039621e+00
2.000542548657039621e+00
2.000542548657039621e+00
2.000542548657039621e+00
2.000542548657039621e+00
2.000542548657039621e+00
2.000542548657039621e+00
2.000542548657039621e+00
2.000542548657039621e+00
2.000542548657039621e+00
2.000542548657039621e+00
2.000542548657039621e+00
2.000542548657039621e+00
2.000542548657039621e+00
2.000542548657039621e+00
2.000542548657039621e+00
2.000542548657039621e+00
2.000542548657039621e+00
2.000542548657039621e+00
2.000542548657039621e+00
2.000542548657039621e+00
2.000542548657039621e+00
2.000542548657039621e+00
2.000542548657039621e+00
2.000542548657039621e+00
2.000542548657039621e+00
2.000542548657039621e+00
2.000542548657039621e+00
2.000542548657039621e+00
2.000542548657039621e+00
2.000542548657039621e+00
2.000542548657039621e+00
2.000542548657039621e+00
2.000542548657039621e+00
2.000542548657039621e+00
2.000542548657039621e+00
2.000542548657039621e+00
2.000542548657039621e+00
2.000542548657039621e+00
2.000542548657039621e+00
2.000542548657039621e+00
2.000542548657039621e+00
2.000542548657039621e+00
2.000542548657039621e+00
2.000542548657039621e+00
2.000542548657039621e+00
2.000542548657039621e+00
2.000542548657039621e+00
2.000542548657039621e+00
2.000542548657039621e+00
2.000542548657039621e+00
2.000542548657039621e+00
2.000542548657039621e+00
2.000542548657039621e+00
2.000542548657039621e+00
2.000542548657039621e+00
2.000542548657039621e+00
2.000542548657039621e+00
2.000542548657039621e+00
2.000542548657039621e+00
2.000542548657039621e+00
2.000542548657039621e+00
2.000542548657039621e+00
2.000542548657039621e+00
2.000542548657039621e+00
2.000542548657039621e+00
2.000542548657039621e+00
2.000542548657039621e+00
2.000542548657039621e+00
2.000542548657039621e+00
2.000542548657039621e+00
2.000542548657039621e+00
2.000542548657039621e+00
2.000542548657039621e+00
2.000542548657039621e+00
2.000542548657039621e+00
2.000542548657039621e+00
2.000542548657039621e+00
2.000542548657039621e+00
2.000542548657039621e+00
2.000542548657039621e+00
2.000542548657039621e+00
2.000542548657039621e+00
2.000542548657039621e+00
2.000542548657039621e+00
2.000542548657039621e+00
2.000542548657039621e+00
2.000542548657039621e+00
2.000542548657039621e+00
2.000542548657039621e+00
2.000542548657039621e+00
2.000542548657039621e+00
2.000542548657039621e+00
2.000542548657039621e+00
2.000542548657039621e+00
2.000542548657039621e+00
2.000542548657039621e+00
