6.022566537418820865e+00
4.689487459091259858e+00
4.689487459091259858e+00
4.689487459091259858e+00
4.689487459091259858e+00
4.192068367318174893e+00
4.192068367318174893e+00
4.192068367318174893e+00
4.192068367318174893e+00
4.192068367318174893e+00
4.192068367318174893e+00
4.192068367318174893e+00
4.192068367318174893e+00
3.757278138337963647e+00
3.757278138337963647e+00
3.757278138337963647e+00
3.757278138337963647e+00
3.757278138337963647e+00
3.757278138337963647e+00
3.757278138337963647e+00
3.757278138337963647e+00
3.757278138337963647e+00
3.757278138337963647e+00
3.757278138337963647e+00
3.757278138337963647e+00
3.757278138337963647e+00
3.757278138337963647e+00
3.757278138337963647e+00
3.757278138337963647e+00
3.757278138337963647e+00
3.757278138337963647e+00
3.473634306192765475e+00
3.229491364447989010e+00
3.229491364447989010e+00
3.229491364447989010e+00
3.229491364447989010e+00
3.229491364447989010e+00
2.372231719747890821e+00
2.372231719747890821e+00
2.372231719747890821e+00
2.372231719747890821e+00
2.372231719747890821e+00
2.372231719747890821e+00
2.372231719747890821e+00
2.372231719747890821e+00
2.372231719747890821e+00
2.372231719747890821e+00
2.372231719747890821e+00
2.372231719747890821e+00
2.372231719747890821e+00
2.372231719747890821e+00
2.372231719747890821e+00
2.372231719747890821e+00
2.372231719747890821e+00
2.372231719747890821e+00
2.372231719747890821e+00
2.372231719747890821e+00
2.372231719747890821e+00
2.372231719747890821e+00
2.372231719747890821e+00
2.372231719747890821e+00
2.372231719747890821e+00
2.372231719747890821e+00
2.372231719747890821e+00
2.372231719747890821e+00
2.372231719747890821e+00
2.372231719747890821e+00
2.372231719747890821e+00
2.372231719747890821e+00
2.372231719747890821e+00
2.372231719747890821e+00
2.372231719747890821e+00
2.372231719747890821e+00
2.372231719747890821e+00
2.372231719747890821e+00
2.372231719747890821e+00
2.372231719747890821e+00
2.372231719747890821e+00
2.372231719747890821e+00
2.372231719747890821e+00
2.372231719747890821e+00
2.372231719747890821e+00
2.372231719747890821e+00
2.372231719747890821e+00
2.372231719747890821e+00
2.372231719747890821e+00
2.372231719747890821e+00
2.372231719747890821e+00
2.372231719747890821e+00
2.372231719747890821e+00
2.372231719747890821e+00
2.372231719747890821e+00
2.372231719747890821e+00
2.372231719747890821e+00
2.371990541015505549e+00
2.367109848067949329e+00
2.367109848067949329e+00
2.367109848067949329e+00
2.078074530038031220e+00
2.078074530038031220e+00
2.078074530038031220e+00
2.078074530038031220e+00
2.078074530038031220e+00
2.078074530038031220e+00
2.078074530038031220e+00
2.078074530038031220e+00
2.078074530038031220e+00
2.078074530038031220e+00
2.078074530038031220e+00
2.078074530038031220e+00
2.078074530038031220e+00
2.078074530038031220e+00
2.078074530038031220e+00
2.078074530038031220e+00
2.078074530038031220e+00
2.078074530038031220e+00
2.078074530038031220e+00
2.078074530038031220e+00
2.078074530038031220e+00
2.078074530038031220e+00
2.078074530038031220e+00
2.078074530038031220e+00
2.078074530038031220e+00
2.078074530038031220e+00
2.078074530038031220e+00
2.078074530038031220e+00
2.078074530038031220e+00
2.078074530038031220e+00
2.078074530038031220e+00
2.078074530038031220e+00
2.078074530038031220e+00
2.078074530038031220e+00
2.078074530038031220e+00
2.078074530038031220e+00
2.078074530038031220e+00
2.078074530038031220e+00
2.078074530038031220e+00
2.078074530038031220e+00
2.078074530038031220e+00
2.078074530038031220e+00
2.078074530038031220e+00
2.078074530038031220e+00
2.078074530038031220e+00
2.078074530038031220e+00
2.078074530038031220e+00
2.078074530038031220e+00
2.078074530038031220e+00
2.078074530038031220e+00
2.078074530038031220e+00
2.078074530038031220e+00
2.078074530038031220e+00
2.078074530038031220e+00
2.078074530038031220e+00
2.078074530038031220e+00
2.078074530038031220e+00
2.078074530038031220e+00
2.078074530038031220e+00
2.078074530038031220e+00
2.078074530038031220e+00
2.078074530038031220e+00
2.078074530038031220e+00
2.078074530038031220e+00
2.078074530038031220e+00
2.078074530038031220e+00
2.078074530038031220e+00
2.078074530038031220e+00
2.078074530038031220e+00
2.078074530038031220e+00
2.078074530038031220e+00
2.078074530038031220e+00
2.078074530038031220e+00
2.078074530038031220e+00
2.078074530038031220e+00
2.078074530038031220e+00
2.078074530038031220e+00
2.036931916762905637e+00
2.036931916762905637e+00
2.036931916762905637e+00
2.036931916762905637e+00
2.036931916762905637e+00
2.036931916762905637e+00
2.036931916762905637e+00
2.036931916762905637e+00
2.036931916762905637e+00
2.036931916762905637e+00
2.036931916762905637e+00
2.036931916762905637e+00
2.036931916762905637e+00
2.036931916762905637e+00
2.036931916762905637e+00
2.036931916762905637e+00
2.036931916762905637e+00
2.036931916762905637e+00
2.036931916762905637e+00
2.036931916762905637e+00
2.036931916762905637e+00
2.036931916762905637e+00
2.036931916762905637e+00
2.036931916762905637e+00
2.036931916762905637e+00
2.036931916762905637e+00
2.036931916762905637e+00
2.036931916762905637e+00
2.036931916762905637e+00
2.036931916762905637e+00
2.036931916762905637e+00
2.036931916762905637e+00
2.036931916762905637e+00
2.036931916762905637e+00
2.036931916762905637e+00
2.036931916762905637e+00
2.036931916762905637e+00
2.036931916762905637e+00
2.036931916762905637e+00
2.036931916762905637e+00
2.036931916762905637e+00
2.036931916762905637e+00
2.036931916762905637e+00
2.032676041812763845e+00
2.032676041812763845e+00
2.030396470941515652e+00
2.004738108533952623e+00
2.004738108533952623e+00
2.004738108533952623e+00
2.004738108533952623e+00
2.004738108533952623e+00
2.004738108533952623e+00
2.004738108533952623e+00
2.004738108533952623e+00
2.004738108533952623e+00
2.004738108533952623e+00
2.004738108533952623e+00
2.004738108533952623e+00
2.004738108533952623e+00
2.004738108533952623e+00
2.004738108533952623e+00
2.004738108533952623e+00
2.004738108533952623e+00
2.004738108533952623e+00
2.004738108533952623e+00
2.004738108533952623e+00
2.004738108533952623e+00
2.004738108533952623e+00
2.004738108533952623e+00
2.004738108533952623e+00
2.004738108533952623e+00
2.004738108533952623e+00
2.004738108533952623e+00
2.004738108533952623e+00
2.004738108533952623e+00
2.004738108533952623e+00
2.004738108533952623e+00
2.004738108533952623e+00
2.004738108533952623e+00
2.004738108533952623e+00
2.004738108533952623e+00
2.004738108533952623e+00
2.004738108533952623e+00
2.004738108533952623e+00
2.004738108533952623e+00
2.004738108533952623e+00
2.004738108533952623e+00
2.004738108533952623e+00
2.004738108533952623e+00
2.004738108533952623e+00
2.004738108533952623e+00
2.004738108533952623e+00
2.004738108533952623e+00
2.004738108533952623e+00
2.004738108533952623e+00
2.004738108533952623e+00
2.004738108533952623e+00
2.000913165718853914e+00
2.000913165718853914e+00
2.000913165718853914e+00
2.000913165718853914e+00
2.000913165718853914e+00
2.000913165718853914e+00
2.000913165718853914e+00
2.000913165718853914e+00
2.000913165718853914e+00
2.000913165718853914e+00
2.000913165718853914e+00
2.000913165718853914e+00
2.000913165718853914e+00
2.000913165718853914e+00
2.000913165718853914e+00
2.000913165718853914e+00
2.000913165718853914e+00
2.000913165718853914e+00
2.000913165718853914e+00
2.000913165718853914e+00
2.000913165718853914e+00
2.000913165718853914e+00
2.000913165718853914e+00
2.000913165718853914e+00
2.000913165718853914e+00
2.000913165718853914e+00
2.000913165718853914e+00
2.000913165718853914e+00
2.000913165718853914e+00
2.000913165718853914e+00
2.000913165718853914e+00
2.000913165718853914e+00
2.000913165718853914e+00
2.000913165718853914e+00
2.000913165718853914e+00
2.000913165718853914e+00
2.000913165718853914e+00
2.000913165718853914e+00
2.000913165718853914e+00
2.000913165718853914e+00
2.000913165718853914e+00
2.000913165718853914e+00
2.000913165718853914e+00
2.000913165718853914e+00
2.000913165718853914e+00
2.000913165718853914e+00
2.000913165718853914e+00
2.000913165718853914e+00
2.000913165718853914e+00
2.000913165718853914e+00
2.000913165718853914e+00
2.000913165718853914e+00
2.000913165718853914e+00
2.000913165718853914e+00
2.000913165718853914e+00
2.000913165718853914e+00
2.000913165718853914e+00
2.000913165718853914e+00
2.000913165718853914e+00
2.000913165718853914e+00
2.000913165718853914e+00
2.000913165718853914e+00
2.000913165718853914e+00
2.000913165718853914e+00
2.000913165718853914e+00
2.000913165718853914e+00
2.000913165718853914e+00
2.000913165718853914e+00
2.000913165718853914e+00
2.000913165718853914e+00
2.000913165718853914e+00
2.000913165718853914e+00
2.000913165718853914e+00
2.000913165718853914e+00
2.000913165718853914e+00
2.000913165718853914e+00
2.000848015817139114e+00
2.000757835754770397e+00
2.000757835754770397e+00
2.000757835754770397e+00
2.000757835754770397e+00
2.000757835754770397e+00
2.000757835754770397e+00
2.000757835754770397e+00
2.000757835754770397e+00
2.000757835754770397e+00
2.000757835754770397e+00
2.000757835754770397e+00
2.000757835754770397e+00
2.000757835754770397e+00
2.000757835754770397e+00
2.000757835754770397e+00
2.000757835754770397e+00
2.000757835754770397e+00
2.000757835754770397e+00
2.000757835754770397e+00
2.000757835754770397e+00
2.000757835754770397e+00
2.000757835754770397e+00
2.000757835754770397e+00
2.000757835754770397e+00
2.000757835754770397e+00
2.000757835754770397e+00
2.000757835754770397e+00
2.000757835754770397e+00
2.000757835754770397e+00
2.000757835754770397e+00
2.000757835754770397e+00
2.000757835754770397e+00
2.000757835754770397e+00
2.000757835754770397e+00
2.000757835754770397e+00
2.000757835754770397e+00
2.000757835754770397e+00
2.000757835754770397e+00
2.000757835754770397e+00
2.000757835754770397e+00
2.000757835754770397e+00
2.000757835754770397e+00
2.000757835754770397e+00
2.000757835754770397e+00
2.000757835754770397e+00
2.000757835754770397e+00
2.000757835754770397e+00
2.000757835754770397e+00
2.000757835754770397e+00
2.000757835754770397e+00
2.000757835754770397e+00
2.000757835754770397e+00
2.000757835754770397e+00
2.000757835754770397e+00
2.000757835754770397e+00
2.000757835754770397e+00
2.000757835754770397e+00
2.000757835754770397e+00
2.000757835754770397e+00
2.000757835754770397e+00
2.000757835754770397e+00
2.000757835754770397e+00
2.000757835754770397e+00
2.000757835754770397e+00
2.000757835754770397e+00
2.000757835754770397e+00
2.000757835754770397e+00
2.000757835754770397e+00
2.000757835754770397e+00
2.000757835754770397e+00
2.000757835754770397e+00
2.000757835754770397e+00
2.000757835754770397e+00
2.000757835754770397e+00
2.000757835754770397e+00
2.000757835754770397e+00
2.000757835754770397e+00
2.000757835754770397e+00
2.000757835754770397e+00
2.000757835754770397e+00
2.000757835754770397e+00
2.000757835754770397e+00
2.000757835754770397e+00
2.000757835754770397e+00
2.000757835754770397e+00
2.000757835754770397e+00
2.000757835754770397e+00
2.000757835754770397e+00
2.000757835754770397e+00
2.000757835754770397e+00
2.000757835754770397e+00
2.000757835754770397e+00
2.000757835754770397e+00
2.000757835754770397e+00
2.000757835754770397e+00
2.000757835754770397e+00
2.000757835754770397e+00
2.000757835754770397e+00
2.000757835754770397e+00
2.000757835754770397e+00
2.000757835754770397e+00
2.000757835754770397e+00
2.000757835754770397e+00
2.000757835754770397e+00
2.000757835754770397e+00
2.000757835754770397e+00
2.000757835754770397e+00
2.000757835754770397e+00
2.000757835754770397e+00
2.000757835754770397e+00
2.000757835754770397e+00
2.000757835754770397e+00
2.000757835754770397e+00
2.000757835754770397e+00
2.000757835754770397e+00
2.000757835754770397e+00
2.000757835754770397e+00
2.000757835754770397e+00
2.000757835754770397e+00
2.000757835754770397e+00
2.000757835754770397e+00
2.000757835754770397e+00
2.000757835754770397e+00
2.000757835754770397e+00
2.000757835754770397e+00
2.000757835754770397e+00
2.000757835754770397e+00
2.000757835754770397e+00
2.000757835754770397e+00
2.000757835754770397e+00
2.000757835754770397e+00
2.000757835754770397e+00
2.000757835754770397e+00
2.000757835754770397e+00
2.000757835754770397e+00
2.000757835754770397e+00
2.000757835754770397e+00
2.000757835754770397e+00
2.000757835754770397e+00
2.000757835754770397e+00
2.000757835754770397e+00
2.000757835754770397e+00
2.000757835754770397e+00
2.000757835754770397e+00
2.000757835754770397e+00
2.000757835754770397e+00
2.000757835754770397e+00
2.000757835754770397e+00
2.000757835754770397e+00
2.000757835754770397e+00
2.000757835754770397e+00
2.000757835754770397e+00
2.000757835754770397e+00
2.000757835754770397e+00
2.000757835754770397e+00
2.000757835754770397e+00
2.000757835754770397e+00
2.000757835754770397e+00
2.000757835754770397e+00
2.000757835754770397e+00
2.000757835754770397e+00
2.000757835754770397e+00
2.000757835754770397e+00
2.000757835754770397e+00
2.000757835754770397e+00
2.000757835754770397e+00
2.000757835754770397e+00
2.000757835754770397e+00
2.000757835754770397e+00
2.000757835754770397e+00
2.000757835754770397e+00
2.000757835754770397e+00
2.000757835754770397e+00
2.000757835754770397e+00
2.000757835754770397e+00
2.000757835754770397e+00
2.000757835754770397e+00
2.000757835754770397e+00
2.000757835754770397e+00
2.000757835754770397e+00
2.000757835754770397e+00
2.000757835754770397e+00
2.000757835754770397e+00
2.000757835754770397e+00
2.000757835754770397e+00
2.000757835754770397e+00
2.000757835754770397e+00
2.000757835754770397e+00
2.000757835754770397e+00
2.000757835754770397e+00
2.000757835754770397e+00
2.000757835754770397e+00
2.000757835754770397e+00
2.000757835754770397e+00
2.000757835754770397e+00
2.000757835754770397e+00
2.000757835754770397e+00
2.000757835754770397e+00
2.000757835754770397e+00
2.000757835754770397e+00
2.000757835754770397e+00
2.000757835754770397e+00
2.000757835754770397e+00
2.000757835754770397e+00
2.000757835754770397e+00
2.000757835754770397e+00
2.000757835754770397e+00
2.000757835754770397e+00
2.000757835754770397e+00
2.000757835754770397e+00
2.000757835754770397e+00
2.000757835754770397e+00
2.000757835754770397e+00
2.000757835754770397e+00
2.000757835754770397e+00
2.000757835754770397e+00
2.000757835754770397e+00
2.000757835754770397e+00
2.000757835754770397e+00
2.000757835754770397e+00
2.000757835754770397e+00
2.000757835754770397e+00
2.000757835754770397e+00
2.000757835754770397e+00
2.000757835754770397e+00
2.000757835754770397e+00
2.000757835754770397e+00
2.000757835754770397e+00
2.000757835754770397e+00
2.000757835754770397e+00
2.000757835754770397e+00
2.000757835754770397e+00
2.000757835754770397e+00
2.000757835754770397e+00
2.000757835754770397e+00
2.000757835754770397e+00
2.000757835754770397e+00
2.000757835754770397e+00
2.000757835754770397e+00
2.000757835754770397e+00
2.000757835754770397e+00
2.000757835754770397e+00
2.000757835754770397e+00
2.000757835754770397e+00
2.000757835754770397e+00
2.000757835754770397e+00
2.000757835754770397e+00
2.000757835754770397e+00
2.000757835754770397e+00
2.000757835754770397e+00
2.000757835754770397e+00
2.000757835754770397e+00
2.000757835754770397e+00
2.000757835754770397e+00
2.000757835754770397e+00
2.000757835754770397e+00
2.000757835754770397e+00
2.000757835754770397e+00
2.000757835754770397e+00
2.000757835754770397e+00
2.000757835754770397e+00
2.000757835754770397e+00
2.000757835754770397e+00
2.000757835754770397e+00
2.000757835754770397e+00
2.000757835754770397e+00
2.000757835754770397e+00
2.000757835754770397e+00
2.000757835754770397e+00
2.000757835754770397e+00
2.000757835754770397e+00
2.000757835754770397e+00
2.000757835754770397e+00
2.000757835754770397e+00
2.000757835754770397e+00
2.000757835754770397e+00
2.000757835754770397e+00
2.000757835754770397e+00
2.000757835754770397e+00
2.000757835754770397e+00
2.000757835754770397e+00
2.000757835754770397e+00
2.000757835754770397e+00
2.000757835754770397e+00
2.000757835754770397e+00
2.000757835754770397e+00
2.000757835754770397e+00
2.000757835754770397e+00
2.000757835754770397e+00
2.000757835754770397e+00
2.000757835754770397e+00
2.000757835754770397e+00
2.000757835754770397e+00
2.000757835754770397e+00
2.000757835754770397e+00
2.000757835754770397e+00
2.000757835754770397e+00
2.000757835754770397e+00
2.000757835754770397e+00
2.000757835754770397e+00
2.000757835754770397e+00
2.000757835754770397e+00
2.000757835754770397e+00
2.000757835754770397e+00
2.000757835754770397e+00
2.000757835754770397e+00
2.000757835754770397e+00
2.000757835754770397e+00
2.000757835754770397e+00
2.000757835754770397e+00
2.000757835754770397e+00
2.000757835754770397e+00
2.000757835754770397e+00
2.000757835754770397e+00
2.000757835754770397e+00
2.000757835754770397e+00
2.000757835754770397e+00
2.000757835754770397e+00
2.000757835754770397e+00
2.000757835754770397e+00
2.000757835754770397e+00
2.000757835754770397e+00
2.000757835754770397e+00
2.000757835754770397e+00
2.000757835754770397e+00
2.000757835754770397e+00
2.000757835754770397e+00
2.000757835754770397e+00
2.000757835754770397e+00
2.000757835754770397e+00
2.000757835754770397e+00
2.000757835754770397e+00
2.000757835754770397e+00
2.000757835754770397e+00
2.000757835754770397e+00
2.000757835754770397e+00
2.000757835754770397e+00
2.000757835754770397e+00
2.000757835754770397e+00
2.000757835754770397e+00
2.000757835754770397e+00
2.000757835754770397e+00
2.000757835754770397e+00
2.000757835754770397e+00
2.000757835754770397e+00
2.000757835754770397e+00
2.000757835754770397e+00
2.000757835754770397e+00
2.000757835754770397e+00
2.000757835754770397e+00
2.000757835754770397e+00
2.000757835754770397e+00
2.000757835754770397e+00
2.000757835754770397e+00
2.000757835754770397e+00
2.000757835754770397e+00
2.000757835754770397e+00
2.000757835754770397e+00
2.000757835754770397e+00
2.000757835754770397e+00
2.000757835754770397e+00
2.000757835754770397e+00
2.000757835754770397e+00
2.000757835754770397e+00
2.000757835754770397e+00
2.000757835754770397e+00
2.000757835754770397e+00
2.000757835754770397e+00
2.000757835754770397e+00
2.000757835754770397e+00
2.000757835754770397e+00
2.000757835754770397e+00
2.000757835754770397e+00
2.000757835754770397e+00
2.000757835754770397e+00
2.000757835754770397e+00
2.000757835754770397e+00
2.000757835754770397e+00
2.000757835754770397e+00
2.000757835754770397e+00
2.000757835754770397e+00
2.000757835754770397e+00
2.000757835754770397e+00
2.000757835754770397e+00
2.000757835754770397e+00
2.000757835754770397e+00
2.000757835754770397e+00
2.000757835754770397e+00
2.000757835754770397e+00
2.000757835754770397e+00
2.000757835754770397e+00
2.000757835754770397e+00
2.000757835754770397e+00
2.000757835754770397e+00
2.000757835754770397e+00
2.000757835754770397e+00
2.000757835754770397e+00
2.000757835754770397e+00
2.000757835754770397e+00
2.000757835754770397e+00
2.000757835754770397e+00
2.000757835754770397e+00
2.000757835754770397e+00
2.000757835754770397e+00
2.000757835754770397e+00
2.000757835754770397e+00
2.000757835754770397e+00
2.000757835754770397e+00
2.000757835754770397e+00
2.000757835754770397e+00
2.000757835754770397e+00
2.000757835754770397e+00
2.000757835754770397e+00
2.000757835754770397e+00
2.000757835754770397e+00
2.000757835754770397e+00
2.000757835754770397e+00
2.000757835754770397e+00
2.000757835754770397e+00
2.000757835754770397e+00
2.000757835754770397e+00
2.000757835754770397e+00
2.000757835754770397e+00
2.000757835754770397e+00
2.000757835754770397e+00
2.000757835754770397e+00
2.000757835754770397e+00
2.000757835754770397e+00
2.000757835754770397e+00
2.000757835754770397e+00
2.000757835754770397e+00
2.000757835754770397e+00
2.000757835754770397e+00
2.000757835754770397e+00
2.000757835754770397e+00
2.000757835754770397e+00
2.000757835754770397e+00
2.000757835754770397e+00
2.000757835754770397e+00
2.000757835754770397e+00
2.000757835754770397e+00
2.000757835754770397e+00
2.000757835754770397e+00
2.000757835754770397e+00
2.000757835754770397e+00
2.000757835754770397e+00
2.000757835754770397e+00
2.000757835754770397e+00
2.000757835754770397e+00
2.000757835754770397e+00
2.000757835754770397e+00
2.000757835754770397e+00
2.000757835754770397e+00
2.000757835754770397e+00
2.000757835754770397e+00
2.000757835754770397e+00
2.000757835754770397e+00
2.000757835754770397e+00
2.000579134126271974e+00
2.000579134126271974e+00
2.000579134126271974e+00
2.000579134126271974e+00
2.000579134126271974e+00
2.000579134126271974e+00
2.000579134126271974e+00
