6.471206925672542631e+00
4.618959278118981437e+00
4.618959278118981437e+00
4.607293152576458439e+00
4.092045187352495006e+00
4.092045187352495006e+00
4.092045187352495006e+00
4.092045187352495006e+00
4.092045187352495006e+00
4.092045187352495006e+00
4.092045187352495006e+00
4.092045187352495006e+00
4.092045187352495006e+00
4.023792676623046738e+00
3.803694828954134799e+00
3.803694828954134799e+00
3.803694828954134799e+00
3.655217239882539104e+00
3.655217239882539104e+00
3.655217239882539104e+00
3.655217239882539104e+00
3.655217239882539104e+00
3.655217239882539104e+00
3.655217239882539104e+00
3.655217239882539104e+00
3.655217239882539104e+00
3.655217239882539104e+00
3.655217239882539104e+00
3.655217239882539104e+00
3.655217239882539104e+00
3.655217239882539104e+00
3.655217239882539104e+00
3.655217239882539104e+00
3.655217239882539104e+00
3.655217239882539104e+00
3.582559720647757739e+00
3.582559720647757739e+00
3.262869337082364929e+00
3.262869337082364929e+00
3.262869337082364929e+00
3.262869337082364929e+00
3.262869337082364929e+00
3.262869337082364929e+00
3.262869337082364929e+00
3.161649121053837774e+00
3.161649121053837774e+00
3.161649121053837774e+00
3.161649121053837774e+00
3.161649121053837774e+00
3.161649121053837774e+00
3.161649121053837774e+00
3.161649121053837774e+00
3.161649121053837774e+00
3.161649121053837774e+00
3.161649121053837774e+00
3.161649121053837774e+00
3.161649121053837774e+00
3.161649121053837774e+00
3.161649121053837774e+00
3.161649121053837774e+00
2.992854542687986452e+00
2.992854542687986452e+00
2.992854542687986452e+00
2.992854542687986452e+00
2.992854542687986452e+00
2.992854542687986452e+00
2.992854542687986452e+00
2.992854542687986452e+00
2.992854542687986452e+00
2.992854542687986452e+00
2.992854542687986452e+00
2.992854542687986452e+00
2.992854542687986452e+00
2.992854542687986452e+00
2.992854542687986452e+00
2.992854542687986452e+00
2.992854542687986452e+00
2.992854542687986452e+00
2.464857182020499415e+00
2.464857182020499415e+00
2.464857182020499415e+00
2.464857182020499415e+00
2.464857182020499415e+00
2.444695996931631754e+00
2.444695996931631754e+00
2.444695996931631754e+00
2.444695996931631754e+00
2.444695996931631754e+00
2.444695996931631754e+00
2.444695996931631754e+00
2.444695996931631754e+00
2.444695996931631754e+00
2.444695996931631754e+00
2.444695996931631754e+00
2.444695996931631754e+00
2.444695996931631754e+00
2.444695996931631754e+00
2.444695996931631754e+00
2.444695996931631754e+00
2.444695996931631754e+00
2.444695996931631754e+00
2.444695996931631754e+00
2.444695996931631754e+00
2.155215902942269057e+00
2.155215902942269057e+00
2.155215902942269057e+00
2.155215902942269057e+00
2.155215902942269057e+00
2.155215902942269057e+00
2.155215902942269057e+00
2.155215902942269057e+00
2.155215902942269057e+00
2.155215902942269057e+00
2.155215902942269057e+00
2.155215902942269057e+00
2.155215902942269057e+00
2.155215902942269057e+00
2.155215902942269057e+00
2.155215902942269057e+00
2.155215902942269057e+00
2.155215902942269057e+00
2.155215902942269057e+00
2.155215902942269057e+00
2.155215902942269057e+00
2.155215902942269057e+00
2.155215902942269057e+00
2.155215902942269057e+00
2.155215902942269057e+00
2.155215902942269057e+00
2.155215902942269057e+00
2.155215902942269057e+00
2.155215902942269057e+00
2.155215902942269057e+00
2.155215902942269057e+00
2.155215902942269057e+00
2.155215902942269057e+00
2.155215902942269057e+00
2.155215902942269057e+00
2.155215902942269057e+00
2.155215902942269057e+00
2.155215902942269057e+00
2.155215902942269057e+00
2.155215902942269057e+00
2.155215902942269057e+00
2.155215902942269057e+00
2.155215902942269057e+00
2.112067310318848090e+00
2.112067310318848090e+00
2.112067310318848090e+00
2.112067310318848090e+00
2.112067310318848090e+00
2.112067310318848090e+00
2.112067310318848090e+00
2.112067310318848090e+00
2.112067310318848090e+00
2.112067310318848090e+00
2.112067310318848090e+00
2.112067310318848090e+00
2.112067310318848090e+00
2.112067310318848090e+00
2.112067310318848090e+00
2.112067310318848090e+00
2.112067310318848090e+00
2.072010495978480638e+00
2.072010495978480638e+00
2.072010495978480638e+00
2.072010495978480638e+00
2.018556978400076751e+00
2.018556978400076751e+00
2.018556978400076751e+00
2.018556978400076751e+00
2.018556978400076751e+00
2.018556978400076751e+00
2.018556978400076751e+00
2.018556978400076751e+00
2.018556978400076751e+00
2.018556978400076751e+00
2.018556978400076751e+00
2.018556978400076751e+00
2.018556978400076751e+00
2.018556978400076751e+00
2.018556978400076751e+00
2.018556978400076751e+00
2.018556978400076751e+00
2.018556978400076751e+00
2.018556978400076751e+00
2.018556978400076751e+00
2.018556978400076751e+00
2.018556978400076751e+00
2.018556978400076751e+00
2.018556978400076751e+00
2.018556978400076751e+00
2.018556978400076751e+00
2.018556978400076751e+00
2.018556978400076751e+00
2.018556978400076751e+00
2.018556978400076751e+00
2.018556978400076751e+00
2.018556978400076751e+00
2.018556978400076751e+00
2.018556978400076751e+00
2.018556978400076751e+00
2.018556978400076751e+00
2.018556978400076751e+00
2.018556978400076751e+00
2.018556978400076751e+00
2.018556978400076751e+00
2.018556978400076751e+00
2.018556978400076751e+00
2.018556978400076751e+00
2.018556978400076751e+00
2.018556978400076751e+00
2.018556978400076751e+00
2.018556978400076751e+00
2.018556978400076751e+00
2.018556978400076751e+00
2.018556978400076751e+00
2.018556978400076751e+00
2.018556978400076751e+00
2.018556978400076751e+00
2.018556978400076751e+00
2.018556978400076751e+00
2.017092647307902276e+00
2.017092647307902276e+00
2.017092647307902276e+00
2.017092647307902276e+00
2.017092647307902276e+00
2.017092647307902276e+00
2.013629572252938260e+00
2.013629572252938260e+00
2.013629572252938260e+00
2.013629572252938260e+00
2.013629572252938260e+00
2.013629572252938260e+00
2.013629572252938260e+00
2.013629572252938260e+00
2.013629572252938260e+00
2.013629572252938260e+00
2.013629572252938260e+00
2.013629572252938260e+00
2.013629572252938260e+00
2.013629572252938260e+00
2.013629572252938260e+00
2.013629572252938260e+00
2.013629572252938260e+00
2.013629572252938260e+00
2.013629572252938260e+00
2.013629572252938260e+00
2.013629572252938260e+00
2.013629572252938260e+00
2.013629572252938260e+00
2.013629572252938260e+00
2.013629572252938260e+00
2.013629572252938260e+00
2.013629572252938260e+00
2.013629572252938260e+00
2.013629572252938260e+00
2.013629572252938260e+00
2.013629572252938260e+00
2.013629572252938260e+00
2.009317533265385869e+00
2.007013205290566482e+00
2.007013205290566482e+00
2.007013205290566482e+00
2.007013205290566482e+00
2.007013205290566482e+00
2.007013205290566482e+00
2.004561340057744001e+00
2.004561340057744001e+00
2.004561340057744001e+00
2.004561340057744001e+00
2.004561340057744001e+00
2.004561340057744001e+00
2.004561340057744001e+00
2.003418750106661150e+00
2.003083343518068382e+00
2.003083343518068382e+00
2.003083343518068382e+00
2.003083343518068382e+00
2.003083343518068382e+00
2.003083343518068382e+00
2.003083343518068382e+00
2.003083343518068382e+00
2.003083343518068382e+00
2.003083343518068382e+00
2.000836235069279212e+00
2.000836235069279212e+00
2.000836235069279212e+00
2.000836235069279212e+00
2.000836235069279212e+00
2.000836235069279212e+00
2.000836235069279212e+00
2.000836235069279212e+00
2.000836235069279212e+00
2.000836235069279212e+00
2.000836235069279212e+00
2.000375013891633635e+00
2.000375013891633635e+00
2.000375013891633635e+00
2.000375013891633635e+00
2.000375013891633635e+00
2.000375013891633635e+00
2.000375013891633635e+00
2.000375013891633635e+00
2.000375013891633635e+00
2.000375013891633635e+00
2.000375013891633635e+00
2.000375013891633635e+00
2.000375013891633635e+00
2.000375013891633635e+00
2.000375013891633635e+00
2.000375013891633635e+00
2.000375013891633635e+00
2.000375013891633635e+00
2.000375013891633635e+00
2.000375013891633635e+00
2.000375013891633635e+00
2.000375013891633635e+00
2.000375013891633635e+00
2.000375013891633635e+00
2.000375013891633635e+00
2.000375013891633635e+00
2.000375013891633635e+00
2.000375013891633635e+00
2.000375013891633635e+00
2.000375013891633635e+00
2.000375013891633635e+00
2.000375013891633635e+00
2.000375013891633635e+00
2.000375013891633635e+00
2.000375013891633635e+00
2.000375013891633635e+00
2.000375013891633635e+00
2.000375013891633635e+00
2.000375013891633635e+00
2.000375013891633635e+00
2.000375013891633635e+00
2.000375013891633635e+00
2.000375013891633635e+00
2.000375013891633635e+00
2.000375013891633635e+00
2.000375013891633635e+00
2.000375013891633635e+00
2.000375013891633635e+00
2.000375013891633635e+00
2.000375013891633635e+00
2.000375013891633635e+00
2.000375013891633635e+00
2.000375013891633635e+00
2.000375013891633635e+00
2.000375013891633635e+00
2.000375013891633635e+00
2.000375013891633635e+00
2.000375013891633635e+00
2.000375013891633635e+00
2.000375013891633635e+00
2.000375013891633635e+00
2.000375013891633635e+00
2.000375013891633635e+00
2.000375013891633635e+00
2.000375013891633635e+00
2.000375013891633635e+00
2.000375013891633635e+00
2.000375013891633635e+00
2.000375013891633635e+00
2.000375013891633635e+00
2.000375013891633635e+00
2.000375013891633635e+00
2.000375013891633635e+00
2.000375013891633635e+00
2.000375013891633635e+00
2.000375013891633635e+00
2.000375013891633635e+00
2.000375013891633635e+00
2.000375013891633635e+00
2.000375013891633635e+00
2.000375013891633635e+00
2.000375013891633635e+00
2.000375013891633635e+00
2.000375013891633635e+00
2.000375013891633635e+00
2.000375013891633635e+00
2.000375013891633635e+00
2.000375013891633635e+00
2.000375013891633635e+00
2.000375013891633635e+00
2.000375013891633635e+00
2.000375013891633635e+00
2.000375013891633635e+00
2.000375013891633635e+00
2.000375013891633635e+00
2.000375013891633635e+00
2.000375013891633635e+00
2.000375013891633635e+00
2.000375013891633635e+00
2.000375013891633635e+00
2.000375013891633635e+00
2.000375013891633635e+00
2.000375013891633635e+00
2.000375013891633635e+00
2.000375013891633635e+00
2.000375013891633635e+00
2.000375013891633635e+00
2.000375013891633635e+00
2.000375013891633635e+00
2.000375013891633635e+00
2.000375013891633635e+00
2.000375013891633635e+00
2.000375013891633635e+00
2.000375013891633635e+00
2.000375013891633635e+00
2.000375013891633635e+00
2.000375013891633635e+00
2.000375013891633635e+00
2.000375013891633635e+00
2.000375013891633635e+00
2.000375013891633635e+00
2.000375013891633635e+00
2.000375013891633635e+00
2.000375013891633635e+00
2.000375013891633635e+00
2.000375013891633635e+00
2.000375013891633635e+00
2.000375013891633635e+00
2.000375013891633635e+00
2.000375013891633635e+00
2.000375013891633635e+00
2.000375013891633635e+00
2.000375013891633635e+00
2.000375013891633635e+00
2.000375013891633635e+00
2.000375013891633635e+00
2.000375013891633635e+00
2.000375013891633635e+00
2.000375013891633635e+00
2.000375013891633635e+00
2.000375013891633635e+00
2.000375013891633635e+00
2.000375013891633635e+00
2.000375013891633635e+00
2.000375013891633635e+00
2.000375013891633635e+00
2.000375013891633635e+00
2.000375013891633635e+00
2.000375013891633635e+00
2.000375013891633635e+00
2.000375013891633635e+00
2.000375013891633635e+00
2.000375013891633635e+00
2.000375013891633635e+00
2.000375013891633635e+00
2.000375013891633635e+00
2.000375013891633635e+00
2.000375013891633635e+00
2.000375013891633635e+00
2.000375013891633635e+00
2.000375013891633635e+00
2.000375013891633635e+00
2.000375013891633635e+00
2.000375013891633635e+00
2.000375013891633635e+00
2.000375013891633635e+00
2.000375013891633635e+00
2.000375013891633635e+00
2.000375013891633635e+00
2.000375013891633635e+00
2.000375013891633635e+00
2.000375013891633635e+00
2.000375013891633635e+00
2.000375013891633635e+00
2.000375013891633635e+00
2.000375013891633635e+00
2.000375013891633635e+00
2.000375013891633635e+00
2.000375013891633635e+00
2.000375013891633635e+00
2.000375013891633635e+00
2.000375013891633635e+00
2.000375013891633635e+00
2.000375013891633635e+00
2.000375013891633635e+00
2.000375013891633635e+00
2.000375013891633635e+00
2.000375013891633635e+00
2.000375013891633635e+00
2.000375013891633635e+00
2.000375013891633635e+00
2.000375013891633635e+00
2.000375013891633635e+00
2.000375013891633635e+00
2.000375013891633635e+00
2.000375013891633635e+00
2.000375013891633635e+00
2.000375013891633635e+00
2.000375013891633635e+00
2.000375013891633635e+00
2.000375013891633635e+00
2.000375013891633635e+00
2.000375013891633635e+00
2.000375013891633635e+00
2.000375013891633635e+00
2.000375013891633635e+00
2.000375013891633635e+00
2.000375013891633635e+00
2.000375013891633635e+00
2.000375013891633635e+00
2.000375013891633635e+00
2.000375013891633635e+00
2.000375013891633635e+00
2.000375013891633635e+00
2.000375013891633635e+00
2.000375013891633635e+00
2.000375013891633635e+00
2.000375013891633635e+00
2.000375013891633635e+00
2.000375013891633635e+00
2.000375013891633635e+00
2.000375013891633635e+00
2.000375013891633635e+00
2.000375013891633635e+00
2.000375013891633635e+00
2.000375013891633635e+00
2.000375013891633635e+00
2.000375013891633635e+00
2.000375013891633635e+00
2.000375013891633635e+00
2.000375013891633635e+00
2.000375013891633635e+00
2.000375013891633635e+00
2.000375013891633635e+00
2.000375013891633635e+00
2.000375013891633635e+00
2.000375013891633635e+00
2.000375013891633635e+00
2.000375013891633635e+00
2.000375013891633635e+00
2.000375013891633635e+00
2.000375013891633635e+00
2.000375013891633635e+00
2.000375013891633635e+00
2.000375013891633635e+00
2.000375013891633635e+00
2.000375013891633635e+00
2.000375013891633635e+00
2.000375013891633635e+00
2.000375013891633635e+00
2.000375013891633635e+00
2.000375013891633635e+00
2.000375013891633635e+00
2.000375013891633635e+00
2.000375013891633635e+00
2.000375013891633635e+00
2.000375013891633635e+00
2.000375013891633635e+00
2.000375013891633635e+00
2.000375013891633635e+00
2.000375013891633635e+00
2.000375013891633635e+00
2.000375013891633635e+00
2.000375013891633635e+00
2.000375013891633635e+00
2.000375013891633635e+00
2.000375013891633635e+00
2.000375013891633635e+00
2.000375013891633635e+00
2.000375013891633635e+00
2.000375013891633635e+00
2.000375013891633635e+00
2.000375013891633635e+00
2.000375013891633635e+00
2.000375013891633635e+00
2.000375013891633635e+00
2.000375013891633635e+00
2.000375013891633635e+00
2.000375013891633635e+00
2.000375013891633635e+00
2.000375013891633635e+00
2.000375013891633635e+00
2.000375013891633635e+00
2.000375013891633635e+00
2.000375013891633635e+00
2.000375013891633635e+00
2.000375013891633635e+00
2.000375013891633635e+00
2.000375013891633635e+00
2.000375013891633635e+00
2.000375013891633635e+00
2.000375013891633635e+00
2.000375013891633635e+00
2.000375013891633635e+00
2.000375013891633635e+00
2.000375013891633635e+00
2.000375013891633635e+00
2.000375013891633635e+00
2.000375013891633635e+00
2.000375013891633635e+00
2.000375013891633635e+00
2.000375013891633635e+00
2.000375013891633635e+00
2.000375013891633635e+00
2.000375013891633635e+00
2.000375013891633635e+00
2.000375013891633635e+00
2.000375013891633635e+00
2.000375013891633635e+00
2.000375013891633635e+00
2.000375013891633635e+00
2.000375013891633635e+00
2.000375013891633635e+00
2.000375013891633635e+00
2.000375013891633635e+00
2.000375013891633635e+00
2.000375013891633635e+00
2.000375013891633635e+00
2.000375013891633635e+00
2.000375013891633635e+00
2.000375013891633635e+00
2.000375013891633635e+00
2.000375013891633635e+00
2.000375013891633635e+00
2.000375013891633635e+00
2.000375013891633635e+00
2.000375013891633635e+00
2.000375013891633635e+00
2.000375013891633635e+00
2.000375013891633635e+00
2.000375013891633635e+00
2.000375013891633635e+00
2.000375013891633635e+00
2.000375013891633635e+00
2.000375013891633635e+00
2.000375013891633635e+00
2.000375013891633635e+00
2.000375013891633635e+00
2.000375013891633635e+00
2.000375013891633635e+00
2.000375013891633635e+00
2.000375013891633635e+00
2.000375013891633635e+00
2.000375013891633635e+00
2.000375013891633635e+00
2.000375013891633635e+00
2.000375013891633635e+00
2.000375013891633635e+00
2.000375013891633635e+00
2.000375013891633635e+00
2.000375013891633635e+00
2.000375013891633635e+00
2.000375013891633635e+00
2.000375013891633635e+00
2.000375013891633635e+00
2.000375013891633635e+00
2.000375013891633635e+00
2.000375013891633635e+00
2.000375013891633635e+00
2.000375013891633635e+00
2.000375013891633635e+00
2.000375013891633635e+00
2.000375013891633635e+00
2.000375013891633635e+00
2.000375013891633635e+00
2.000375013891633635e+00
2.000375013891633635e+00
2.000375013891633635e+00
2.000375013891633635e+00
2.000375013891633635e+00
2.000375013891633635e+00
2.000375013891633635e+00
2.000375013891633635e+00
2.000375013891633635e+00
2.000375013891633635e+00
2.000375013891633635e+00
2.000375013891633635e+00
2.000375013891633635e+00
2.000375013891633635e+00
2.000375013891633635e+00
2.000375013891633635e+00
2.000375013891633635e+00
2.000375013891633635e+00
2.000375013891633635e+00
2.000375013891633635e+00
2.000375013891633635e+00
2.000357410214868459e+00
2.000357410214868459e+00
2.000357410214868459e+00
2.000357410214868459e+00
2.000357410214868459e+00
2.000357410214868459e+00
