5.342414237467528082e+00
5.342414237467528082e+00
5.113353612734766962e+00
5.113353612734766962e+00
4.176772551217537988e+00
4.176772551217537988e+00
4.176772551217537988e+00
4.176772551217537988e+00
4.176772551217537988e+00
4.176772551217537988e+00
4.176772551217537988e+00
4.009325095856305587e+00
4.009325095856305587e+00
4.009325095856305587e+00
4.009325095856305587e+00
4.009325095856305587e+00
4.009325095856305587e+00
4.009325095856305587e+00
4.009325095856305587e+00
4.009325095856305587e+00
4.009325095856305587e+00
4.009325095856305587e+00
3.963956138475129176e+00
3.963956138475129176e+00
3.919470757519403659e+00
3.919470757519403659e+00
3.839595579856467822e+00
3.839595579856467822e+00
3.839595579856467822e+00
3.839595579856467822e+00
3.839595579856467822e+00
3.839595579856467822e+00
3.839595579856467822e+00
3.839595579856467822e+00
3.839595579856467822e+00
3.839595579856467822e+00
3.839595579856467822e+00
3.839595579856467822e+00
3.839595579856467822e+00
3.839595579856467822e+00
3.839595579856467822e+00
3.839595579856467822e+00
3.367313299342185928e+00
3.367313299342185928e+00
3.367313299342185928e+00
3.367313299342185928e+00
3.367313299342185928e+00
3.042319757187942564e+00
3.042319757187942564e+00
3.042319757187942564e+00
3.042319757187942564e+00
3.042319757187942564e+00
3.042319757187942564e+00
3.042319757187942564e+00
3.042319757187942564e+00
3.002476062042976679e+00
3.002476062042976679e+00
3.002476062042976679e+00
3.002476062042976679e+00
3.002476062042976679e+00
3.002476062042976679e+00
3.002476062042976679e+00
3.002476062042976679e+00
3.002476062042976679e+00
3.002476062042976679e+00
2.866544134063689242e+00
2.866544134063689242e+00
2.866544134063689242e+00
2.866544134063689242e+00
2.866544134063689242e+00
2.204681501170110636e+00
2.204681501170110636e+00
2.204681501170110636e+00
2.204681501170110636e+00
2.204681501170110636e+00
2.204681501170110636e+00
2.204681501170110636e+00
2.204681501170110636e+00
2.204681501170110636e+00
2.204681501170110636e+00
2.204681501170110636e+00
2.204681501170110636e+00
2.204681501170110636e+00
2.204681501170110636e+00
2.204681501170110636e+00
2.204681501170110636e+00
2.204681501170110636e+00
2.204681501170110636e+00
2.204681501170110636e+00
2.204681501170110636e+00
2.204681501170110636e+00
2.204681501170110636e+00
2.204681501170110636e+00
2.204681501170110636e+00
2.204681501170110636e+00
2.204681501170110636e+00
2.204681501170110636e+00
2.204681501170110636e+00
2.204681501170110636e+00
2.204681501170110636e+00
2.204681501170110636e+00
2.204681501170110636e+00
2.204681501170110636e+00
2.204681501170110636e+00
2.204681501170110636e+00
2.204681501170110636e+00
2.204681501170110636e+00
2.204681501170110636e+00
2.204681501170110636e+00
2.204681501170110636e+00
2.204681501170110636e+00
2.204681501170110636e+00
2.204681501170110636e+00
2.204681501170110636e+00
2.204681501170110636e+00
2.204681501170110636e+00
2.204681501170110636e+00
2.204681501170110636e+00
2.204681501170110636e+00
2.204681501170110636e+00
2.204681501170110636e+00
2.204681501170110636e+00
2.204681501170110636e+00
2.204681501170110636e+00
2.204681501170110636e+00
2.204681501170110636e+00
2.204681501170110636e+00
2.204681501170110636e+00
2.204681501170110636e+00
2.204681501170110636e+00
2.204681501170110636e+00
2.204681501170110636e+00
2.204681501170110636e+00
2.204681501170110636e+00
2.204681501170110636e+00
2.204681501170110636e+00
2.204681501170110636e+00
2.204681501170110636e+00
2.204681501170110636e+00
2.204681501170110636e+00
2.204681501170110636e+00
2.204681501170110636e+00
2.204681501170110636e+00
2.204681501170110636e+00
2.204681501170110636e+00
2.204681501170110636e+00
2.204681501170110636e+00
2.204681501170110636e+00
2.204681501170110636e+00
2.204681501170110636e+00
2.204681501170110636e+00
2.105774367466435759e+00
2.105774367466435759e+00
2.105774367466435759e+00
2.105774367466435759e+00
2.105774367466435759e+00
2.105774367466435759e+00
2.105774367466435759e+00
2.105774367466435759e+00
2.105774367466435759e+00
2.105774367466435759e+00
2.105774367466435759e+00
2.105774367466435759e+00
2.105774367466435759e+00
2.105774367466435759e+00
2.105774367466435759e+00
2.105774367466435759e+00
2.105774367466435759e+00
2.105774367466435759e+00
2.094280116665094393e+00
2.094280116665094393e+00
2.094280116665094393e+00
2.094280116665094393e+00
2.094280116665094393e+00
2.094280116665094393e+00
2.094280116665094393e+00
2.094280116665094393e+00
2.094280116665094393e+00
2.094280116665094393e+00
2.094280116665094393e+00
2.094280116665094393e+00
2.094280116665094393e+00
2.094280116665094393e+00
2.094280116665094393e+00
2.094280116665094393e+00
2.094280116665094393e+00
2.094280116665094393e+00
2.094280116665094393e+00
2.094280116665094393e+00
2.094280116665094393e+00
2.094280116665094393e+00
2.094280116665094393e+00
2.094280116665094393e+00
2.094280116665094393e+00
2.094280116665094393e+00
2.094280116665094393e+00
2.094280116665094393e+00
2.094280116665094393e+00
2.094280116665094393e+00
2.094280116665094393e+00
2.094280116665094393e+00
2.094280116665094393e+00
2.094280116665094393e+00
2.094280116665094393e+00
2.094280116665094393e+00
2.094280116665094393e+00
2.094280116665094393e+00
2.094280116665094393e+00
2.025855719018808898e+00
2.025855719018808898e+00
2.025855719018808898e+00
2.025855719018808898e+00
2.025855719018808898e+00
2.025855719018808898e+00
2.025855719018808898e+00
2.025855719018808898e+00
2.025855719018808898e+00
2.025855719018808898e+00
2.025855719018808898e+00
2.025855719018808898e+00
2.025855719018808898e+00
2.025855719018808898e+00
2.025855719018808898e+00
2.025855719018808898e+00
2.025855719018808898e+00
2.025855719018808898e+00
2.025855719018808898e+00
2.025855719018808898e+00
2.025855719018808898e+00
2.025855719018808898e+00
2.025855719018808898e+00
2.025855719018808898e+00
2.025855719018808898e+00
2.025855719018808898e+00
2.025855719018808898e+00
2.025855719018808898e+00
2.025855719018808898e+00
2.025855719018808898e+00
2.025855719018808898e+00
2.025855719018808898e+00
2.025855719018808898e+00
2.025855719018808898e+00
2.025855719018808898e+00
2.025855719018808898e+00
2.025855719018808898e+00
2.025855719018808898e+00
2.025855719018808898e+00
2.011346777630759419e+00
2.011346777630759419e+00
2.011346777630759419e+00
2.011346777630759419e+00
2.011346777630759419e+00
2.011346777630759419e+00
2.011346777630759419e+00
2.011346777630759419e+00
2.011346777630759419e+00
2.011346777630759419e+00
2.011346777630759419e+00
2.011346777630759419e+00
2.011346777630759419e+00
2.011346777630759419e+00
2.011346777630759419e+00
2.011346777630759419e+00
2.011346777630759419e+00
2.011346777630759419e+00
2.011346777630759419e+00
2.011346777630759419e+00
2.011346777630759419e+00
2.011346777630759419e+00
2.011346777630759419e+00
2.010168890101423411e+00
2.010168890101423411e+00
2.010168890101423411e+00
2.010168890101423411e+00
2.010168890101423411e+00
2.010168890101423411e+00
2.010168890101423411e+00
2.010168890101423411e+00
2.010168890101423411e+00
2.010168890101423411e+00
2.010168890101423411e+00
2.010168890101423411e+00
2.010168890101423411e+00
2.010168890101423411e+00
2.010168890101423411e+00
2.010168890101423411e+00
2.010168890101423411e+00
2.010168890101423411e+00
2.010168890101423411e+00
2.010168890101423411e+00
2.010168890101423411e+00
2.010168890101423411e+00
2.010168890101423411e+00
2.010168890101423411e+00
2.010168890101423411e+00
2.010168890101423411e+00
2.006049943469127239e+00
2.006049943469127239e+00
2.006049943469127239e+00
2.006049943469127239e+00
2.006049943469127239e+00
2.006049943469127239e+00
2.006049943469127239e+00
2.006049943469127239e+00
2.006049943469127239e+00
2.003915042239673205e+00
2.003915042239673205e+00
2.003915042239673205e+00
2.003915042239673205e+00
2.003915042239673205e+00
2.003915042239673205e+00
2.003915042239673205e+00
2.003915042239673205e+00
2.003915042239673205e+00
2.003915042239673205e+00
2.003915042239673205e+00
2.003915042239673205e+00
2.003915042239673205e+00
2.003915042239673205e+00
2.003915042239673205e+00
2.003915042239673205e+00
2.003915042239673205e+00
2.003915042239673205e+00
2.003915042239673205e+00
2.003915042239673205e+00
2.003915042239673205e+00
2.003915042239673205e+00
2.003915042239673205e+00
2.003915042239673205e+00
2.003915042239673205e+00
2.003915042239673205e+00
2.003915042239673205e+00
2.003080083247647192e+00
2.003080083247647192e+00
2.003080083247647192e+00
2.003080083247647192e+00
2.003080083247647192e+00
2.003080083247647192e+00
2.003080083247647192e+00
2.003080083247647192e+00
2.002704358680901464e+00
2.002704358680901464e+00
2.002704358680901464e+00
2.002704358680901464e+00
2.002124965021567782e+00
2.002124965021567782e+00
2.002124965021567782e+00
2.002124965021567782e+00
2.001448704371201259e+00
2.001448704371201259e+00
2.001448704371201259e+00
2.001448704371201259e+00
2.001448704371201259e+00
2.001448704371201259e+00
2.000350911547110755e+00
2.000350911547110755e+00
2.000350911547110755e+00
2.000350911547110755e+00
2.000350911547110755e+00
2.000350911547110755e+00
2.000350911547110755e+00
2.000350911547110755e+00
2.000350911547110755e+00
2.000350911547110755e+00
2.000350911547110755e+00
2.000350911547110755e+00
2.000350911547110755e+00
2.000350911547110755e+00
2.000350911547110755e+00
2.000350911547110755e+00
2.000350911547110755e+00
2.000350911547110755e+00
2.000350911547110755e+00
2.000350911547110755e+00
2.000350911547110755e+00
2.000350911547110755e+00
2.000350911547110755e+00
2.000350911547110755e+00
2.000350911547110755e+00
2.000350911547110755e+00
2.000350911547110755e+00
2.000350911547110755e+00
2.000350911547110755e+00
2.000350911547110755e+00
2.000350911547110755e+00
2.000350911547110755e+00
2.000350911547110755e+00
2.000350911547110755e+00
2.000350911547110755e+00
2.000350911547110755e+00
2.000350911547110755e+00
2.000350911547110755e+00
2.000350911547110755e+00
2.000350911547110755e+00
2.000350911547110755e+00
2.000350911547110755e+00
2.000350911547110755e+00
2.000350911547110755e+00
2.000350911547110755e+00
2.000350911547110755e+00
2.000350911547110755e+00
2.000350911547110755e+00
2.000350911547110755e+00
2.000350911547110755e+00
2.000350911547110755e+00
2.000350911547110755e+00
2.000350911547110755e+00
2.000350911547110755e+00
2.000350911547110755e+00
2.000350911547110755e+00
2.000350911547110755e+00
2.000350911547110755e+00
2.000350911547110755e+00
2.000350911547110755e+00
2.000350911547110755e+00
2.000350911547110755e+00
2.000350911547110755e+00
2.000350911547110755e+00
2.000350911547110755e+00
2.000350911547110755e+00
2.000350911547110755e+00
2.000350911547110755e+00
2.000350911547110755e+00
2.000350911547110755e+00
2.000350911547110755e+00
2.000350911547110755e+00
2.000350911547110755e+00
2.000350911547110755e+00
2.000350911547110755e+00
2.000350911547110755e+00
2.000350911547110755e+00
2.000350911547110755e+00
2.000350911547110755e+00
2.000350911547110755e+00
2.000350911547110755e+00
2.000350911547110755e+00
2.000350911547110755e+00
2.000350911547110755e+00
2.000350911547110755e+00
2.000350911547110755e+00
2.000350911547110755e+00
2.000350911547110755e+00
2.000350911547110755e+00
2.000350911547110755e+00
2.000350911547110755e+00
2.000350911547110755e+00
2.000350911547110755e+00
2.000350911547110755e+00
2.000350911547110755e+00
2.000350911547110755e+00
2.000350911547110755e+00
2.000350911547110755e+00
2.000350911547110755e+00
2.000350911547110755e+00
2.000350911547110755e+00
2.000350911547110755e+00
2.000350911547110755e+00
2.000350911547110755e+00
2.000350911547110755e+00
2.000350911547110755e+00
2.000350911547110755e+00
2.000350911547110755e+00
2.000350911547110755e+00
2.000350911547110755e+00
2.000350911547110755e+00
2.000350911547110755e+00
2.000350911547110755e+00
2.000350911547110755e+00
2.000350911547110755e+00
2.000350911547110755e+00
2.000350911547110755e+00
2.000350911547110755e+00
2.000350911547110755e+00
2.000350911547110755e+00
2.000350911547110755e+00
2.000350911547110755e+00
2.000350911547110755e+00
2.000350911547110755e+00
2.000350911547110755e+00
2.000350911547110755e+00
2.000350911547110755e+00
2.000350911547110755e+00
2.000350911547110755e+00
2.000350911547110755e+00
2.000350911547110755e+00
2.000350911547110755e+00
2.000350911547110755e+00
2.000350911547110755e+00
2.000350911547110755e+00
2.000350911547110755e+00
2.000350911547110755e+00
2.000350911547110755e+00
2.000350911547110755e+00
2.000350911547110755e+00
2.000350911547110755e+00
2.000350911547110755e+00
2.000350911547110755e+00
2.000350911547110755e+00
2.000350911547110755e+00
2.000350911547110755e+00
2.000350911547110755e+00
2.000350911547110755e+00
2.000350911547110755e+00
2.000350911547110755e+00
2.000350911547110755e+00
2.000350911547110755e+00
2.000350911547110755e+00
2.000350911547110755e+00
2.000350911547110755e+00
2.000350911547110755e+00
2.000350911547110755e+00
2.000350911547110755e+00
2.000350911547110755e+00
2.000350911547110755e+00
2.000350911547110755e+00
2.000350911547110755e+00
2.000350911547110755e+00
2.000350911547110755e+00
2.000350911547110755e+00
2.000350911547110755e+00
2.000350911547110755e+00
2.000350911547110755e+00
2.000350911547110755e+00
2.000350911547110755e+00
2.000350911547110755e+00
2.000350911547110755e+00
2.000350911547110755e+00
2.000350911547110755e+00
2.000350911547110755e+00
2.000350911547110755e+00
2.000350911547110755e+00
2.000350911547110755e+00
2.000350911547110755e+00
2.000350911547110755e+00
2.000350911547110755e+00
2.000350911547110755e+00
2.000350911547110755e+00
2.000350911547110755e+00
2.000350911547110755e+00
2.000350911547110755e+00
2.000350911547110755e+00
2.000350911547110755e+00
2.000350911547110755e+00
2.000350911547110755e+00
2.000350911547110755e+00
2.000350911547110755e+00
2.000350911547110755e+00
2.000350911547110755e+00
2.000350911547110755e+00
2.000350911547110755e+00
2.000350911547110755e+00
2.000350911547110755e+00
2.000350911547110755e+00
2.000350911547110755e+00
2.000350911547110755e+00
2.000350911547110755e+00
2.000350911547110755e+00
2.000350911547110755e+00
2.000350911547110755e+00
2.000350911547110755e+00
2.000350911547110755e+00
2.000350911547110755e+00
2.000350911547110755e+00
2.000350911547110755e+00
2.000350911547110755e+00
2.000350911547110755e+00
2.000350911547110755e+00
2.000350911547110755e+00
2.000350911547110755e+00
2.000350911547110755e+00
2.000350911547110755e+00
2.000350911547110755e+00
2.000350911547110755e+00
2.000350911547110755e+00
2.000350911547110755e+00
2.000350911547110755e+00
2.000350911547110755e+00
2.000350911547110755e+00
2.000350911547110755e+00
2.000350911547110755e+00
2.000350911547110755e+00
2.000350911547110755e+00
2.000350911547110755e+00
2.000350911547110755e+00
2.000350911547110755e+00
2.000350911547110755e+00
2.000350911547110755e+00
2.000350911547110755e+00
2.000350911547110755e+00
2.000350911547110755e+00
2.000350911547110755e+00
2.000350911547110755e+00
2.000350911547110755e+00
2.000350911547110755e+00
2.000350911547110755e+00
2.000350911547110755e+00
2.000350911547110755e+00
2.000350911547110755e+00
2.000350911547110755e+00
2.000350911547110755e+00
2.000350911547110755e+00
2.000350911547110755e+00
2.000350911547110755e+00
2.000350911547110755e+00
2.000350911547110755e+00
2.000350911547110755e+00
2.000350911547110755e+00
2.000350911547110755e+00
2.000350911547110755e+00
2.000350911547110755e+00
2.000350911547110755e+00
2.000350911547110755e+00
2.000350911547110755e+00
2.000350911547110755e+00
2.000350911547110755e+00
2.000350911547110755e+00
2.000350911547110755e+00
2.000350911547110755e+00
2.000350911547110755e+00
2.000350911547110755e+00
2.000350911547110755e+00
2.000350911547110755e+00
2.000350911547110755e+00
2.000350911547110755e+00
2.000350911547110755e+00
2.000350911547110755e+00
2.000350911547110755e+00
2.000350911547110755e+00
2.000350911547110755e+00
2.000350911547110755e+00
2.000350911547110755e+00
2.000350911547110755e+00
2.000350911547110755e+00
2.000350911547110755e+00
2.000350911547110755e+00
2.000350911547110755e+00
2.000350911547110755e+00
2.000350911547110755e+00
2.000350911547110755e+00
2.000350911547110755e+00
2.000350911547110755e+00
2.000350911547110755e+00
2.000350911547110755e+00
2.000350911547110755e+00
2.000350911547110755e+00
2.000350911547110755e+00
2.000350911547110755e+00
2.000350911547110755e+00
2.000350911547110755e+00
2.000350911547110755e+00
2.000350911547110755e+00
2.000350911547110755e+00
2.000350911547110755e+00
2.000350911547110755e+00
2.000350911547110755e+00
2.000350911547110755e+00
2.000350911547110755e+00
2.000350911547110755e+00
2.000350911547110755e+00
2.000350911547110755e+00
2.000350911547110755e+00
2.000350911547110755e+00
2.000350911547110755e+00
2.000350911547110755e+00
2.000350911547110755e+00
2.000350911547110755e+00
2.000350911547110755e+00
2.000350911547110755e+00
2.000350911547110755e+00
2.000350911547110755e+00
2.000350911547110755e+00
2.000350911547110755e+00
2.000350911547110755e+00
2.000350911547110755e+00
2.000350911547110755e+00
2.000350911547110755e+00
2.000350911547110755e+00
2.000350911547110755e+00
2.000350911547110755e+00
2.000350911547110755e+00
2.000350911547110755e+00
2.000350911547110755e+00
2.000350911547110755e+00
2.000350911547110755e+00
2.000350911547110755e+00
2.000350911547110755e+00
2.000350911547110755e+00
2.000350911547110755e+00
2.000350911547110755e+00
2.000350911547110755e+00
2.000350911547110755e+00
2.000350911547110755e+00
2.000350911547110755e+00
2.000350911547110755e+00
2.000350911547110755e+00
2.000350911547110755e+00
2.000350911547110755e+00
2.000350911547110755e+00
2.000350911547110755e+00
2.000350911547110755e+00
2.000350911547110755e+00
2.000350911547110755e+00
2.000350911547110755e+00
2.000350911547110755e+00
2.000350911547110755e+00
2.000350911547110755e+00
2.000350911547110755e+00
2.000350911547110755e+00
2.000350911547110755e+00
2.000350911547110755e+00
2.000350911547110755e+00
2.000350911547110755e+00
2.000350911547110755e+00
2.000350911547110755e+00
2.000350911547110755e+00
2.000350911547110755e+00
2.000350911547110755e+00
2.000350911547110755e+00
2.000350911547110755e+00
2.000350911547110755e+00
2.000350911547110755e+00
2.000350911547110755e+00
2.000258860571566100e+00
2.000258860571566100e+00
