4.301918568048565206e+00
4.301918568048565206e+00
4.000294026155603255e+00
4.000294026155603255e+00
4.000294026155603255e+00
4.000294026155603255e+00
4.000294026155603255e+00
4.000294026155603255e+00
4.000294026155603255e+00
4.000294026155603255e+00
4.000294026155603255e+00
4.000294026155603255e+00
4.000294026155603255e+00
4.000294026155603255e+00
4.000294026155603255e+00
4.000294026155603255e+00
4.000294026155603255e+00
4.000294026155603255e+00
4.000294026155603255e+00
4.000294026155603255e+00
4.000294026155603255e+00
4.000294026155603255e+00
4.000294026155603255e+00
4.000294026155603255e+00
4.000294026155603255e+00
4.000294026155603255e+00
4.000294026155603255e+00
4.000294026155603255e+00
4.000294026155603255e+00
4.000294026155603255e+00
4.000294026155603255e+00
4.000294026155603255e+00
4.000294026155603255e+00
4.000294026155603255e+00
4.000294026155603255e+00
4.000294026155603255e+00
4.000294026155603255e+00
4.000294026155603255e+00
4.000294026155603255e+00
4.000294026155603255e+00
4.000294026155603255e+00
4.000294026155603255e+00
4.000294026155603255e+00
4.000294026155603255e+00
4.000294026155603255e+00
4.000294026155603255e+00
4.000294026155603255e+00
4.000294026155603255e+00
4.000294026155603255e+00
4.000294026155603255e+00
4.000294026155603255e+00
4.000294026155603255e+00
4.000294026155603255e+00
4.000294026155603255e+00
4.000294026155603255e+00
4.000294026155603255e+00
4.000294026155603255e+00
4.000294026155603255e+00
4.000294026155603255e+00
4.000294026155603255e+00
4.000294026155603255e+00
4.000294026155603255e+00
4.000294026155603255e+00
4.000294026155603255e+00
4.000294026155603255e+00
4.000294026155603255e+00
4.000294026155603255e+00
4.000294026155603255e+00
4.000294026155603255e+00
4.000294026155603255e+00
4.000294026155603255e+00
4.000294026155603255e+00
4.000294026155603255e+00
4.000294026155603255e+00
4.000294026155603255e+00
4.000294026155603255e+00
4.000294026155603255e+00
4.000294026155603255e+00
4.000294026155603255e+00
4.000294026155603255e+00
4.000294026155603255e+00
4.000294026155603255e+00
4.000294026155603255e+00
4.000294026155603255e+00
4.000294026155603255e+00
4.000294026155603255e+00
4.000294026155603255e+00
4.000294026155603255e+00
4.000294026155603255e+00
4.000294026155603255e+00
4.000294026155603255e+00
4.000294026155603255e+00
4.000294026155603255e+00
4.000294026155603255e+00
4.000294026155603255e+00
4.000294026155603255e+00
4.000294026155603255e+00
4.000294026155603255e+00
4.000294026155603255e+00
4.000294026155603255e+00
4.000294026155603255e+00
4.000294026155603255e+00
4.000294026155603255e+00
4.000294026155603255e+00
4.000294026155603255e+00
4.000294026155603255e+00
4.000294026155603255e+00
4.000294026155603255e+00
4.000294026155603255e+00
4.000294026155603255e+00
4.000294026155603255e+00
4.000294026155603255e+00
4.000294026155603255e+00
4.000294026155603255e+00
4.000294026155603255e+00
4.000294026155603255e+00
4.000294026155603255e+00
4.000294026155603255e+00
4.000294026155603255e+00
4.000294026155603255e+00
4.000294026155603255e+00
4.000294026155603255e+00
4.000294026155603255e+00
4.000294026155603255e+00
4.000294026155603255e+00
4.000294026155603255e+00
4.000294026155603255e+00
4.000294026155603255e+00
4.000294026155603255e+00
4.000294026155603255e+00
4.000294026155603255e+00
4.000294026155603255e+00
4.000294026155603255e+00
4.000294026155603255e+00
4.000294026155603255e+00
4.000294026155603255e+00
4.000294026155603255e+00
4.000294026155603255e+00
4.000294026155603255e+00
4.000294026155603255e+00
4.000294026155603255e+00
4.000294026155603255e+00
