4.640000000000000568e+00
4.640000000000000568e+00
4.640000000000000568e+00
4.640000000000000568e+00
4.640000000000000568e+00
4.640000000000000568e+00
4.202381090007272668e+00
4.202381090007272668e+00
4.202381090007272668e+00
4.202381090007272668e+00
4.202381090007272668e+00
4.202381090007272668e+00
4.202381090007272668e+00
4.202381090007272668e+00
4.202381090007272668e+00
4.202381090007272668e+00
4.202381090007272668e+00
4.001342333992470301e+00
4.001342333992470301e+00
4.001342333992470301e+00
4.001342333992470301e+00
4.001342333992470301e+00
4.001342333992470301e+00
4.001342333992470301e+00
4.001342333992470301e+00
4.001342333992470301e+00
4.001342333992470301e+00
4.001342333992470301e+00
4.001342333992470301e+00
4.001342333992470301e+00
4.001342333992470301e+00
4.001342333992470301e+00
4.001342333992470301e+00
4.001342333992470301e+00
4.001342333992470301e+00
4.001342333992470301e+00
4.001342333992470301e+00
4.001342333992470301e+00
4.001342333992470301e+00
4.001342333992470301e+00
4.001342333992470301e+00
4.001342333992470301e+00
4.001342333992470301e+00
4.001342333992470301e+00
4.001342333992470301e+00
4.001342333992470301e+00
4.001342333992470301e+00
4.001342333992470301e+00
4.001342333992470301e+00
4.001342333992470301e+00
4.001342333992470301e+00
4.001342333992470301e+00
4.001342333992470301e+00
4.001342333992470301e+00
4.001342333992470301e+00
4.001342333992470301e+00
4.001342333992470301e+00
4.001342333992470301e+00
4.001342333992470301e+00
4.001342333992470301e+00
4.001342333992470301e+00
4.001342333992470301e+00
4.001342333992470301e+00
4.001342333992470301e+00
4.001342333992470301e+00
4.001342333992470301e+00
4.001342333992470301e+00
4.001342333992470301e+00
4.001342333992470301e+00
4.001342333992470301e+00
4.001342333992470301e+00
4.001342333992470301e+00
4.001342333992470301e+00
4.001342333992470301e+00
4.001342333992470301e+00
4.001342333992470301e+00
4.001342333992470301e+00
4.001342333992470301e+00
4.001342333992470301e+00
4.001342333992470301e+00
4.000320629752677881e+00
4.000320629752677881e+00
4.000320629752677881e+00
4.000204472166177361e+00
4.000204472166177361e+00
4.000204472166177361e+00
4.000204472166177361e+00
4.000204472166177361e+00
4.000204472166177361e+00
4.000204472166177361e+00
4.000204472166177361e+00
4.000204472166177361e+00
4.000204472166177361e+00
4.000204472166177361e+00
4.000204472166177361e+00
4.000204472166177361e+00
4.000204472166177361e+00
4.000204472166177361e+00
4.000204472166177361e+00
4.000204472166177361e+00
4.000204472166177361e+00
4.000204472166177361e+00
4.000204472166177361e+00
4.000204472166177361e+00
4.000204472166177361e+00
4.000204472166177361e+00
4.000204472166177361e+00
4.000204472166177361e+00
4.000204472166177361e+00
4.000204472166177361e+00
4.000204472166177361e+00
4.000204472166177361e+00
4.000204472166177361e+00
4.000204472166177361e+00
4.000204472166177361e+00
4.000204472166177361e+00
4.000204472166177361e+00
4.000204472166177361e+00
4.000204472166177361e+00
4.000204472166177361e+00
4.000204472166177361e+00
4.000204472166177361e+00
4.000204472166177361e+00
4.000204472166177361e+00
4.000204472166177361e+00
4.000204472166177361e+00
4.000204472166177361e+00
4.000204472166177361e+00
4.000204472166177361e+00
4.000204472166177361e+00
4.000204472166177361e+00
4.000204472166177361e+00
4.000204472166177361e+00
4.000204472166177361e+00
4.000204472166177361e+00
4.000204472166177361e+00
4.000204472166177361e+00
4.000204472166177361e+00
4.000204472166177361e+00
4.000204472166177361e+00
4.000204472166177361e+00
4.000204472166177361e+00
4.000204472166177361e+00
4.000204472166177361e+00
