-2.619000000000000000e+03
-2.619000000000000000e+03
-2.619000000000000000e+03
-2.619000000000000000e+03
-2.619000000000000000e+03
-2.619000000000000000e+03
-2.619000000000000000e+03
-2.619000000000000000e+03
-2.619000000000000000e+03
-2.619000000000000000e+03
-2.619000000000000000e+03
-2.619000000000000000e+03
-2.619000000000000000e+03
-2.619000000000000000e+03
-2.619000000000000000e+03
-2.619000000000000000e+03
-2.619000000000000000e+03
-2.619000000000000000e+03
-2.619000000000000000e+03
-2.619000000000000000e+03
-2.619000000000000000e+03
-2.619000000000000000e+03
-2.619000000000000000e+03
-2.619000000000000000e+03
-2.619000000000000000e+03
-2.619000000000000000e+03
-2.619000000000000000e+03
-2.619000000000000000e+03
-2.619000000000000000e+03
-2.619000000000000000e+03
-2.619000000000000000e+03
-2.619000000000000000e+03
-2.619000000000000000e+03
-2.619000000000000000e+03
-2.619000000000000000e+03
-2.619000000000000000e+03
-2.619000000000000000e+03
-2.619000000000000000e+03
-2.619000000000000000e+03
-2.619000000000000000e+03
-2.619000000000000000e+03
-2.619000000000000000e+03
-2.619000000000000000e+03
-2.619000000000000000e+03
-2.619000000000000000e+03
-2.619000000000000000e+03
-2.619000000000000000e+03
-2.619000000000000000e+03
-2.619000000000000000e+03
-2.619000000000000000e+03
-2.619000000000000000e+03
-2.619000000000000000e+03
-2.619000000000000000e+03
-2.619000000000000000e+03
-2.619000000000000000e+03
-2.619000000000000000e+03
-2.619000000000000000e+03
-2.619000000000000000e+03
