-1.777748314543274499e-17
-1.777748314543274499e-17
-1.777748314543274499e-17
-1.777748314543274499e-17
-1.777748314543274499e-17
-1.777748314543274499e-17
-1.777748314543274499e-17
-1.777748314543274499e-17
-1.777748314543274499e-17
-1.777748314543274499e-17
-1.983973618239637117e-17
-1.983973618239637117e-17
-1.983973618239637117e-17
-1.983973618239637117e-17
-1.983973618239637117e-17
-1.983973618239637117e-17
-1.983973618239637117e-17
-1.983973618239637117e-17
-1.983973618239637117e-17
-1.983973618239637117e-17
-1.983973618239637117e-17
-1.983973618239637117e-17
-1.983973618239637117e-17
-1.983973618239637117e-17
-1.983973618239637117e-17
-1.983973618239637117e-17
-1.983973618239637117e-17
-1.983973618239637117e-17
-1.983973618239637117e-17
-1.983973618239637117e-17
-1.983973618239637117e-17
-1.983973618239637117e-17
-2.555294546329195779e-17
-2.555294546329195779e-17
-2.555294546329195779e-17
-2.555294546329195779e-17
-2.555294546329195779e-17
-2.555294546329195779e-17
-2.555294546329195779e-17
-2.555294546329195779e-17
-2.555294546329195779e-17
-2.555294546329195779e-17
-2.555294546329195779e-17
-2.555294546329195779e-17
-2.555294546329195779e-17
-2.555294546329195779e-17
-2.555294546329195779e-17
-2.555294546329195779e-17
-2.555294546329195779e-17
-2.555294546329195779e-17
-2.555294546329195779e-17
-2.638544718590965237e-17
-2.638544718590965237e-17
-2.638544718590965237e-17
-2.638544718590965237e-17
-2.638544718590965237e-17
-2.638544718590965237e-17
-2.638544718590965237e-17
-2.953216125562386484e-17
-2.953216125562386484e-17
-2.953216125562386484e-17
-3.038221172170979014e-17
-3.038221172170979014e-17
-3.038221172170979014e-17
-3.038221172170979014e-17
-3.038221172170979014e-17
-3.038221172170979014e-17
-3.038221172170979014e-17
-3.038221172170979014e-17
-3.038221172170979014e-17
-3.038221172170979014e-17
-3.038221172170979014e-17
-3.038221172170979014e-17
-3.038221172170979014e-17
-3.038221172170979014e-17
-3.038221172170979014e-17
-3.038221172170979014e-17
-3.210088506246187201e-17
-3.210088506246187201e-17
-3.210088506246187201e-17
-3.210088506246187201e-17
-3.210088506246187201e-17
-3.210088506246187201e-17
-3.210088506246187201e-17
-3.210088506246187201e-17
-3.210088506246187201e-17
-3.210088506246187201e-17
-3.210088506246187201e-17
-3.210088506246187201e-17
-3.210088506246187201e-17
-3.210088506246187201e-17
-3.210088506246187201e-17
-3.210088506246187201e-17
-3.210088506246187201e-17
-3.210088506246187201e-17
-3.210088506246187201e-17
-3.210088506246187201e-17
-3.210088506246187201e-17
-3.210088506246187201e-17
-3.210088506246187201e-17
-3.210088506246187201e-17
-3.210088506246187201e-17
-3.210088506246187201e-17
-3.210088506246187201e-17
-3.210088506246187201e-17
-3.210088506246187201e-17
-3.210088506246187201e-17
-3.210088506246187201e-17
-3.210088506246187201e-17
-3.210088506246187201e-17
-3.210088506246187201e-17
-3.210088506246187201e-17
-3.210088506246187201e-17
-3.210088506246187201e-17
-3.210088506246187201e-17
-3.210088506246187201e-17
-3.210088506246187201e-17
-3.210088506246187201e-17
-3.210088506246187201e-17
-3.210088506246187201e-17
-3.210088506246187201e-17
-3.210088506246187201e-17
-3.210088506246187201e-17
-3.225955344709291187e-17
-3.225955344709291187e-17
-3.225955344709291187e-17
-3.225955344709291187e-17
-3.225955344709291187e-17
-3.225955344709291187e-17
-3.225955344709291187e-17
-3.225955344709291187e-17
-3.225955344709291187e-17
-3.225955344709291187e-17
-3.225955344709291187e-17
-3.225955344709291187e-17
-3.225955344709291187e-17
-3.225955344709291187e-17
-3.225955344709291187e-17
-3.225955344709291187e-17
-3.225955344709291187e-17
-3.225955344709291187e-17
-3.226208531865880951e-17
-3.226208531865880951e-17
-3.226208531865880951e-17
-3.226208531865880951e-17
-3.226208531865880951e-17
-3.226208531865880951e-17
-3.226208531865880951e-17
-3.226208531865880951e-17
-3.226208531865880951e-17
-3.226208531865880951e-17
-3.226208531865880951e-17
-3.226208531865880951e-17
-3.226208531865880951e-17
-3.226208531865880951e-17
-3.226208531865880951e-17
-3.226208531865880951e-17
-3.226208531865880951e-17
-3.226208531865880951e-17
-3.226208531865880951e-17
-3.226208531865880951e-17
-3.226208531865880951e-17
-3.226208531865880951e-17
-3.226680822437009658e-17
-3.226680822437009658e-17
-3.226680822437009658e-17
-3.226680822437009658e-17
-3.226680822437009658e-17
-3.226680822437009658e-17
-3.226680822437009658e-17
-3.226680822437009658e-17
-3.226680822437009658e-17
-3.226680822437009658e-17
-3.226680822437009658e-17
-3.226680822437009658e-17
-3.226680822437009658e-17
-3.226680822437009658e-17
-3.226680822437009658e-17
-3.226680822437009658e-17
-3.226680822437009658e-17
-3.226680822437009658e-17
-3.226680822437009658e-17
-3.226680822437009658e-17
-3.226680822437009658e-17
-3.226680822437009658e-17
-3.226680822437009658e-17
-3.226680822437009658e-17
-3.226680822437009658e-17
-3.226755501052018857e-17
-3.226755501052018857e-17
-3.226755501052018857e-17
-3.226755501052018857e-17
-3.226755501052018857e-17
-3.226779611725771075e-17
-3.226779611725771075e-17
-3.226779611725771075e-17
-3.226779611725771075e-17
-3.226779611725771075e-17
-3.226779611725771075e-17
-3.226779611725771075e-17
-3.226779611725771075e-17
-3.226779611725771075e-17
-3.226779611725771075e-17
-3.226779611725771075e-17
-3.226779611725771075e-17
-3.226779611725771075e-17
-3.226779611725771075e-17
-3.226779611725771075e-17
-3.226779611725771075e-17
-3.226779611725771075e-17
-3.226779611725771075e-17
-3.226779611725771075e-17
-3.226779611725771075e-17
-3.226779611725771075e-17
-3.226779611725771075e-17
-3.226779611725771075e-17
-3.226779611725771075e-17
-3.226779611725771075e-17
-3.226942309981051645e-17
-3.226942309981051645e-17
-3.226942309981051645e-17
-3.226942309981051645e-17
-3.226942309981051645e-17
-3.226942309981051645e-17
-3.226942309981051645e-17
-3.226942309981051645e-17
-3.226942309981051645e-17
-3.226942309981051645e-17
-3.226942309981051645e-17
-3.226955846721001571e-17
-3.226955846721001571e-17
-3.226955846721001571e-17
-3.226955846721001571e-17
-3.226955846721001571e-17
-3.226955846721001571e-17
-3.226955846721001571e-17
-3.226955846721001571e-17
-3.226955846721001571e-17
-3.226955846721001571e-17
-3.226955846721001571e-17
-3.226955846721001571e-17
-3.226955846721001571e-17
-3.226955846721001571e-17
-3.226955846721001571e-17
-3.226955846721001571e-17
-3.226955846721001571e-17
-3.226955846721001571e-17
-3.226955846721001571e-17
-3.226955846721001571e-17
-3.226955846721001571e-17
-3.226955846721001571e-17
-3.226955846721001571e-17
-3.226955846721001571e-17
-3.226955846721001571e-17
-3.226955846721001571e-17
-3.226955846721001571e-17
-3.226955846721001571e-17
-3.226955846721001571e-17
-3.226955846721001571e-17
-3.226955846721001571e-17
-3.226955846721001571e-17
-3.226955846721001571e-17
-3.226955846721001571e-17
-3.226955846721001571e-17
-3.226955846721001571e-17
-3.226955846721001571e-17
-3.226955846721001571e-17
-3.227007480744685889e-17
-3.227007480744685889e-17
-3.227007480744685889e-17
-3.227007480744685889e-17
-3.227007480744685889e-17
-3.227007480744685889e-17
-3.227007480744685889e-17
-3.227007480744685889e-17
-3.227007480744685889e-17
-3.227007480744685889e-17
-3.227007480744685889e-17
-3.227007480744685889e-17
-3.227007480744685889e-17
-3.227007480744685889e-17
-3.227007480744685889e-17
-3.227007480744685889e-17
-3.227007480744685889e-17
-3.227007480744685889e-17
-3.227007480744685889e-17
-3.227007480744685889e-17
-3.227007480744685889e-17
-3.227007480744685889e-17
-3.227007480744685889e-17
-3.227007480744685889e-17
-3.227007480744685889e-17
-3.227007480744685889e-17
-3.227007480744685889e-17
-3.227007480744685889e-17
-3.227007480744685889e-17
-3.227007480744685889e-17
-3.227007480744685889e-17
-3.227007480744685889e-17
-3.227007480744685889e-17
-3.227007480744685889e-17
-3.227007480744685889e-17
-3.227007480744685889e-17
-3.227007480744685889e-17
-3.227007480744685889e-17
-3.227007480744685889e-17
-3.227007480744685889e-17
-3.227007480744685889e-17
-3.227007480744685889e-17
-3.227007480744685889e-17
-3.227020839087364696e-17
-3.227020839087364696e-17
-3.227020839087364696e-17
-3.227020839087364696e-17
-3.227020839087364696e-17
-3.227020839087364696e-17
-3.227020839087364696e-17
-3.227020839087364696e-17
-3.227020839087364696e-17
-3.227020839087364696e-17
-3.227037798909714308e-17
-3.227037798909714308e-17
-3.227037798909714308e-17
-3.227042175238443712e-17
-3.227042175238443712e-17
-3.227042175238443712e-17
-3.227042175238443712e-17
-3.227042175238443712e-17
-3.227042175238443712e-17
-3.227042175238443712e-17
-3.227042175238443712e-17
-3.227042175238443712e-17
-3.227042175238443712e-17
-3.227042175238443712e-17
-3.227042175238443712e-17
-3.227042175238443712e-17
-3.227042175238443712e-17
-3.227042175238443712e-17
-3.227042175238443712e-17
-3.227042175238443712e-17
-3.227042175238443712e-17
-3.227042175238443712e-17
-3.227042175238443712e-17
-3.227042175238443712e-17
-3.227042175238443712e-17
-3.227042175238443712e-17
-3.227042175238443712e-17
-3.227042175238443712e-17
-3.227042175238443712e-17
-3.227042175238443712e-17
-3.227042175238443712e-17
-3.227042175238443712e-17
-3.227044291497275935e-17
-3.227044291497275935e-17
-3.227044291497275935e-17
-3.227044291497275935e-17
-3.227044291497275935e-17
-3.227044291497275935e-17
-3.227044291497275935e-17
-3.227044291497275935e-17
-3.227044291497275935e-17
-3.227044291497275935e-17
-3.227044291497275935e-17
-3.227044291497275935e-17
-3.227044291497275935e-17
-3.227044291497275935e-17
-3.227044291497275935e-17
-3.227045889369540415e-17
-3.227045889369540415e-17
-3.227045889369540415e-17
-3.227048609074001224e-17
-3.227048609074001224e-17
-3.227048609074001224e-17
-3.227048609074001224e-17
-3.227048609074001224e-17
-3.227049215871770350e-17
-3.227049215871770350e-17
-3.227049215871770350e-17
-3.227049215871770350e-17
-3.227049215871770350e-17
-3.227049215871770350e-17
-3.227049215871770350e-17
-3.227049215871770350e-17
-3.227049215871770350e-17
-3.227049215871770350e-17
-3.227049215871770350e-17
-3.227049215871770350e-17
-3.227049215871770350e-17
-3.227049215871770350e-17
-3.227049215871770350e-17
-3.227049215871770350e-17
-3.227049215871770350e-17
-3.227049215871770350e-17
-3.227049215871770350e-17
-3.227049215871770350e-17
-3.227049215871770350e-17
-3.227049215871770350e-17
-3.227049215871770350e-17
-3.227049215871770350e-17
-3.227049215871770350e-17
-3.227049215871770350e-17
-3.227049215871770350e-17
-3.227049215871770350e-17
-3.227049215871770350e-17
-3.227049215871770350e-17
-3.227049215871770350e-17
-3.227049215871770350e-17
-3.227049215871770350e-17
-3.227049215871770350e-17
-3.227049215871770350e-17
-3.227049215871770350e-17
-3.227049215871770350e-17
-3.227049215871770350e-17
-3.227049215871770350e-17
-3.227049215871770350e-17
-3.227049215871770350e-17
-3.227049215871770350e-17
-3.227049215871770350e-17
-3.227049215871770350e-17
-3.227049882353368280e-17
-3.227049882353368280e-17
-3.227049882353368280e-17
-3.227049882353368280e-17
-3.227049882353368280e-17
-3.227049882353368280e-17
-3.227049882353368280e-17
-3.227049882353368280e-17
-3.227049882353368280e-17
-3.227049882353368280e-17
-3.227049882353368280e-17
-3.227049882353368280e-17
-3.227049882353368280e-17
-3.227049882353368280e-17
-3.227049882353368280e-17
-3.227049882353368280e-17
-3.227049882353368280e-17
-3.227049882353368280e-17
-3.227049882353368280e-17
-3.227049882353368280e-17
-3.227049882353368280e-17
-3.227049882353368280e-17
-3.227049882353368280e-17
-3.227049882353368280e-17
-3.227049882353368280e-17
-3.227049882353368280e-17
-3.227049882353368280e-17
-3.227049882353368280e-17
-3.227049882353368280e-17
-3.227049882353368280e-17
-3.227049882353368280e-17
-3.227049882353368280e-17
-3.227049882353368280e-17
-3.227049882353368280e-17
-3.227049882353368280e-17
-3.227049882353368280e-17
-3.227049882353368280e-17
-3.227049882353368280e-17
-3.227049882353368280e-17
-3.227049882353368280e-17
-3.227049882353368280e-17
-3.227049882353368280e-17
-3.227049882353368280e-17
-3.227049882353368280e-17
-3.227049882353368280e-17
-3.227049882353368280e-17
-3.227049882353368280e-17
-3.227049882353368280e-17
-3.227049882353368280e-17
-3.227049882353368280e-17
-3.227049882353368280e-17
-3.227049882353368280e-17
-3.227049882353368280e-17
-3.227049882353368280e-17
-3.227049882353368280e-17
-3.227049882353368280e-17
-3.227049882353368280e-17
-3.227049882353368280e-17
-3.227049882353368280e-17
-3.227049882353368280e-17
-3.227049882353368280e-17
-3.227049882353368280e-17
-3.227049882353368280e-17
-3.227049882353368280e-17
-3.227049882353368280e-17
-3.227049882353368280e-17
-3.227049882353368280e-17
-3.227049882353368280e-17
-3.227049882353368280e-17
-3.227049882353368280e-17
-3.227049882353368280e-17
-3.227049882353368280e-17
-3.227049882353368280e-17
-3.227049882353368280e-17
-3.227049882353368280e-17
-3.227049882353368280e-17
-3.227049882353368280e-17
-3.227049882353368280e-17
-3.227049882353368280e-17
-3.227049882353368280e-17
-3.227049882353368280e-17
-3.227049882353368280e-17
-3.227049882353368280e-17
-3.227049882353368280e-17
-3.227049882353368280e-17
-3.227049882353368280e-17
-3.227049882353368280e-17
-3.227049882353368280e-17
-3.227049882353368280e-17
-3.227049882353368280e-17
-3.227049882353368280e-17
-3.227049882353368280e-17
-3.227049882353368280e-17
-3.227049882353368280e-17
-3.227049882353368280e-17
-3.227049882353368280e-17
-3.227049886892949710e-17
-3.227049886892949710e-17
-3.227049886892949710e-17
-3.227049886892949710e-17
-3.227049886892949710e-17
-3.227049886892949710e-17
-3.227049886892949710e-17
-3.227049886892949710e-17
-3.227049886892949710e-17
-3.227049886892949710e-17
-3.227049886892949710e-17
-3.227049886892949710e-17
-3.227049886892949710e-17
-3.227049886892949710e-17
-3.227049886892949710e-17
-3.227049886892949710e-17
-3.227049886892949710e-17
-3.227049886892949710e-17
-3.227049886892949710e-17
-3.227049886892949710e-17
-3.227049886892949710e-17
-3.227049886892949710e-17
-3.227049886892949710e-17
-3.227049886892949710e-17
-3.227049886892949710e-17
-3.227049886892949710e-17
-3.227049886909432589e-17
-3.227049886909432589e-17
-3.227049886909432589e-17
-3.227049886909432589e-17
-3.227049886909432589e-17
-3.227049886909432589e-17
-3.227049886909432589e-17
-3.227049886909432589e-17
-3.227049886909432589e-17
-3.227049886909432589e-17
-3.227049886909432589e-17
-3.227049886909432589e-17
-3.227049886909432589e-17
-3.227049886909432589e-17
-3.227049886909432589e-17
-3.227049886909432589e-17
-3.227049886909432589e-17
-3.227049886909432589e-17
-3.227049886909432589e-17
-3.227049886909432589e-17
-3.227049886909432589e-17
-3.227049886909432589e-17
-3.227049886909432589e-17
-3.227049886909432589e-17
-3.227049886961210830e-17
-3.227049886961210830e-17
-3.227049886961210830e-17
-3.227049886961210830e-17
-3.227049886961210830e-17
-3.227049886961210830e-17
-3.227049886961210830e-17
-3.227049886961210830e-17
-3.227049886961210830e-17
-3.227049886961210830e-17
-3.227049886961210830e-17
-3.227049886961210830e-17
-3.227049886961210830e-17
-3.227049886961210830e-17
-3.227049886961210830e-17
-3.227049886961210830e-17
-3.227049886961210830e-17
-3.227049886961210830e-17
-3.227049886961210830e-17
-3.227049886961210830e-17
-3.227049886961210830e-17
-3.227049886961210830e-17
-3.227049886961210830e-17
-3.227049886961210830e-17
-3.227049886961210830e-17
-3.227049886961210830e-17
-3.227049886961210830e-17
-3.227049886961210830e-17
-3.227049886961210830e-17
-3.227049886961210830e-17
-3.227049886961210830e-17
-3.227049886961210830e-17
-3.227049886961210830e-17
-3.227049886961210830e-17
-3.227049886961210830e-17
-3.227049886961210830e-17
-3.227049886961210830e-17
-3.227049886961210830e-17
-3.227049886961210830e-17
-3.227049886961210830e-17
-3.227049886961210830e-17
-3.227049886961210830e-17
-3.227049886961210830e-17
-3.227049886961210830e-17
-3.227049886961210830e-17
-3.227049886961210830e-17
-3.227049886961210830e-17
-3.227049886961210830e-17
-3.227049886961210830e-17
-3.227049886961210830e-17
-3.227049886961210830e-17
-3.227049886961210830e-17
-3.227049886961210830e-17
-3.227049886961210830e-17
-3.227049886961210830e-17
-3.227049886961210830e-17
-3.227049886961210830e-17
-3.227049886961210830e-17
-3.227049886961210830e-17
-3.227049886961210830e-17
-3.227049886961210830e-17
-3.227049886961210830e-17
-3.227049886961210830e-17
-3.227049886961210830e-17
-3.227049886961210830e-17
-3.227049886961210830e-17
-3.227049886961210830e-17
-3.227049886961210830e-17
-3.227049886961210830e-17
-3.227049886961210830e-17
-3.227049886961210830e-17
-3.227049886961210830e-17
-3.227049886961210830e-17
-3.227049886961210830e-17
-3.227049886961210830e-17
-3.227049886961210830e-17
-3.227049886961210830e-17
-3.227049886961210830e-17
-3.227049886961210830e-17
-3.227049886961210830e-17
-3.227049886961210830e-17
-3.227049886961210830e-17
-3.227049886961210830e-17
-3.227049886961210830e-17
-3.227049886961210830e-17
-3.227049886961210830e-17
-3.227049886961210830e-17
-3.227049886961210830e-17
-3.227049886961210830e-17
-3.227049886961210830e-17
-3.227049886961210830e-17
-3.227049886961210830e-17
-3.227049886961210830e-17
-3.227049886961210830e-17
-3.227049886961210830e-17
-3.227049886961210830e-17
-3.227049886961210830e-17
-3.227049886961210830e-17
-3.227049886961210830e-17
-3.227049886961210830e-17
-3.227049886961210830e-17
-3.227049886961210830e-17
-3.227049886961210830e-17
-3.227049886961210830e-17
-3.227049886961210830e-17
-3.227049886961210830e-17
-3.227049887022173754e-17
-3.227049887022173754e-17
-3.227049887022173754e-17
-3.227049887022173754e-17
-3.227049887022173754e-17
-3.227049887022173754e-17
-3.227049887022173754e-17
-3.227049887022173754e-17
-3.227049887022173754e-17
-3.227049887022173754e-17
-3.227049887022173754e-17
-3.227049887022173754e-17
-3.227049887022173754e-17
-3.227049887225865036e-17
-3.227049887225865036e-17
-3.227049887225865036e-17
-3.227049887225865036e-17
-3.227049887242748508e-17
-3.227049887242748508e-17
-3.227049887252055834e-17
-3.227049887252055834e-17
-3.227049887253089981e-17
-3.227049887253089981e-17
-3.227049887253089981e-17
-3.227049887253089981e-17
-3.227049887253089981e-17
-3.227049887253089981e-17
-3.227049887253089981e-17
-3.227049887289336291e-17
-3.227049887289336291e-17
-3.227049887289336291e-17
-3.227049887289336291e-17
-3.227049887289336291e-17
-3.227049887289336291e-17
-3.227049887289336291e-17
-3.227049887289336291e-17
-3.227049887289336291e-17
-3.227049887289336291e-17
-3.227049887289336291e-17
-3.227049887289336291e-17
-3.227049887289336291e-17
-3.227049887289336291e-17
-3.227049887289336291e-17
-3.227049887289336291e-17
-3.227049887289336291e-17
-3.227049887289336291e-17
-3.227049887289336291e-17
-3.227049887289336291e-17
-3.227049887289336291e-17
-3.227049887289336291e-17
-3.227049887289336291e-17
-3.227049887289336291e-17
-3.227049887289336291e-17
-3.227049887289336291e-17
-3.227049887289336291e-17
-3.227049887289336291e-17
-3.227049887289336291e-17
-3.227049887289336291e-17
-3.227049887289336291e-17
-3.227049887289336291e-17
-3.227049887289336291e-17
-3.227049887289336291e-17
-3.227049887289336291e-17
-3.227049887289336291e-17
-3.227049887289336291e-17
-3.227049887289336291e-17
-3.227049887289336291e-17
-3.227049887289336291e-17
-3.227049887289336291e-17
-3.227049887289336291e-17
-3.227049887289336291e-17
-3.227049887289336291e-17
-3.227049887289336291e-17
-3.227049887289336291e-17
-3.227049887289336291e-17
-3.227049887289336291e-17
-3.227049887301696139e-17
-3.227049887301696139e-17
-3.227049887301696139e-17
-3.227049887301696139e-17
-3.227049887301696139e-17
-3.227049887301696139e-17
-3.227049887301696139e-17
-3.227049887301696139e-17
-3.227049887301696139e-17
-3.227049887301696139e-17
-3.227049887308964137e-17
-3.227049887308964137e-17
-3.227049887308964137e-17
-3.227049887308964137e-17
-3.227049887308964137e-17
-3.227049887308964137e-17
-3.227049887308964137e-17
-3.227049887308964137e-17
-3.227049887308964137e-17
-3.227049887308964137e-17
-3.227049887308964137e-17
-3.227049887308964137e-17
-3.227049887308964137e-17
-3.227049887308964137e-17
-3.227049887308964137e-17
-3.227049887308964137e-17
-3.227049887308964137e-17
-3.227049887308964137e-17
-3.227049887308964137e-17
-3.227049887308964137e-17
-3.227049887308964137e-17
-3.227049887308964137e-17
-3.227049887308964137e-17
-3.227049887308964137e-17
-3.227049887308964137e-17
-3.227049887308964137e-17
-3.227049887308964137e-17
-3.227049887308964137e-17
-3.227049887308964137e-17
-3.227049887308964137e-17
-3.227049887308964137e-17
-3.227049887308964137e-17
-3.227049887308964137e-17
-3.227049887308964137e-17
-3.227049887308964137e-17
-3.227049887308964137e-17
-3.227049887308964137e-17
-3.227049887308964137e-17
-3.227049887308964137e-17
-3.227049887308964137e-17
-3.227049887308964137e-17
-3.227049887308964137e-17
-3.227049887308964137e-17
-3.227049887308964137e-17
-3.227049887308964137e-17
-3.227049887308964137e-17
-3.227049887308964137e-17
-3.227049887308964137e-17
-3.227049887308964137e-17
-3.227049887308964137e-17
-3.227049887308964137e-17
-3.227049887308964137e-17
-3.227049887308964137e-17
-3.227049887308964137e-17
-3.227049887308964137e-17
-3.227049887308964137e-17
-3.227049887308964137e-17
-3.227049887308964137e-17
-3.227049887308964137e-17
-3.227049887308964137e-17
-3.227049887308964137e-17
-3.227049887308964137e-17
-3.227049887308964137e-17
-3.227049887308964137e-17
-3.227049887308964137e-17
-3.227049887308964137e-17
-3.227049887308964137e-17
-3.227049887308964137e-17
-3.227049887308964137e-17
-3.227049887308964137e-17
-3.227049887308964137e-17
-3.227049887308964137e-17
-3.227049887308964137e-17
-3.227049887308964137e-17
-3.227049887308964137e-17
-3.227049887308964137e-17
-3.227049887308964137e-17
-3.227049887308964137e-17
-3.227049887308964137e-17
-3.227049887308964137e-17
-3.227049887308964137e-17
-3.227049887308964137e-17
-3.227049887308964137e-17
-3.227049887308964137e-17
-3.227049887308964137e-17
-3.227049887308964137e-17
-3.227049887308964137e-17
-3.227049887308964137e-17
-3.227049887308964137e-17
-3.227049887308964137e-17
-3.227049887308964137e-17
-3.227049887308964137e-17
-3.227049887308964137e-17
-3.227049887308964137e-17
-3.227049887308964137e-17
-3.227049887308964137e-17
-3.227049887308964137e-17
-3.227049887308964137e-17
-3.227049887308964137e-17
-3.227049887308964137e-17
-3.227049887308964137e-17
-3.227049887308964137e-17
-3.227049887308964137e-17
-3.227049887308964137e-17
-3.227049887308964137e-17
-3.227049887308964137e-17
-3.227049887308964137e-17
-3.227049887308964137e-17
-3.227049887308964137e-17
-3.227049887309444849e-17
-3.227049887309444849e-17
-3.227049887309444849e-17
-3.227049887309444849e-17
-3.227049887309444849e-17
-3.227049887309444849e-17
-3.227049887309444849e-17
-3.227049887309444849e-17
-3.227049887309444849e-17
-3.227049887309444849e-17
-3.227049887309444849e-17
-3.227049887309444849e-17
-3.227049887310547405e-17
-3.227049887310547405e-17
-3.227049887310547405e-17
-3.227049887310547405e-17
-3.227049887310547405e-17
-3.227049887310547405e-17
-3.227049887310547405e-17
-3.227049887310547405e-17
-3.227049887310547405e-17
-3.227049887310547405e-17
-3.227049887310547405e-17
-3.227049887310547405e-17
-3.227049887310547405e-17
-3.227049887310547405e-17
-3.227049887310547405e-17
-3.227049887310547405e-17
-3.227049887310547405e-17
-3.227049887310547405e-17
-3.227049887310547405e-17
-3.227049887310547405e-17
-3.227049887310547405e-17
-3.227049887310547405e-17
-3.227049887310547405e-17
-3.227049887310547405e-17
-3.227049887310547405e-17
-3.227049887310547405e-17
-3.227049887310547405e-17
-3.227049887310547405e-17
-3.227049887310547405e-17
-3.227049887310547405e-17
-3.227049887310547405e-17
-3.227049887310547405e-17
-3.227049887310547405e-17
-3.227049887310547405e-17
-3.227049887310547405e-17
-3.227049887310547405e-17
-3.227049887310547405e-17
-3.227049887310547405e-17
-3.227049887310547405e-17
-3.227049887310547405e-17
-3.227049887310547405e-17
-3.227049887310547405e-17
-3.227049887310547405e-17
-3.227049887310547405e-17
-3.227049887310547405e-17
-3.227049887310547405e-17
-3.227049887310547405e-17
-3.227049887310547405e-17
-3.227049887310547405e-17
-3.227049887310547405e-17
-3.227049887310547405e-17
-3.227049887310547405e-17
-3.227049887310547405e-17
-3.227049887310547405e-17
-3.227049887310547405e-17
-3.227049887310547405e-17
-3.227049887310547405e-17
-3.227049887310547405e-17
-3.227049887310547405e-17
-3.227049887310547405e-17
-3.227049887310547405e-17
-3.227049887310547405e-17
-3.227049887310547405e-17
-3.227049887310547405e-17
-3.227049887310547405e-17
-3.227049887310547405e-17
-3.227049887310547405e-17
-3.227049887310547405e-17
-3.227049887310547405e-17
-3.227049887310547405e-17
-3.227049887310547405e-17
-3.227049887310547405e-17
-3.227049887310547405e-17
-3.227049887310547405e-17
-3.227049887310547405e-17
-3.227049887310547405e-17
-3.227049887310547405e-17
-3.227049887310547405e-17
-3.227049887310547405e-17
-3.227049887310547405e-17
-3.227049887310547405e-17
-3.227049887310547405e-17
-3.227049887310547405e-17
-3.227049887310547405e-17
-3.227049887310547405e-17
-3.227049887310547405e-17
-3.227049887310547405e-17
-3.227049887310547405e-17
-3.227049887310547405e-17
-3.227049887310547405e-17
-3.227049887310547405e-17
-3.227049887310547405e-17
-3.227049887310547405e-17
-3.227049887310547405e-17
-3.227049887310547405e-17
-3.227049887310547405e-17
-3.227049887310547405e-17
-3.227049887310547405e-17
-3.227049887310547405e-17
-3.227049887310547405e-17
-3.227049887310547405e-17
-3.227049887310627524e-17
-3.227049887310627524e-17
-3.227049887310627524e-17
-3.227049887310627524e-17
-3.227049887310627524e-17
-3.227049887310627524e-17
-3.227049887310627524e-17
-3.227049887310627524e-17
-3.227049887310627524e-17
-3.227049887310627524e-17
-3.227049887310627524e-17
-3.227049887310627524e-17
-3.227049887310627524e-17
-3.227049887310627524e-17
-3.227049887310627524e-17
-3.227049887310627524e-17
-3.227049887310627524e-17
-3.227049887310627524e-17
-3.227049887310627524e-17
-3.227049887310627524e-17
-3.227049887310627524e-17
-3.227049887310627524e-17
-3.227049887310627524e-17
-3.227049887310627524e-17
-3.227049887310627524e-17
-3.227049887310627524e-17
-3.227049887310627524e-17
-3.227049887310627524e-17
-3.227049887310627524e-17
-3.227049887310627524e-17
-3.227049887310627524e-17
-3.227049887310627524e-17
-3.227049887310627524e-17
-3.227049887310627524e-17
-3.227049887310627524e-17
-3.227049887310627524e-17
-3.227049887310627524e-17
-3.227049887310627524e-17
-3.227049887310627524e-17
-3.227049887310627524e-17
-3.227049887310627524e-17
-3.227049887310627524e-17
-3.227049887310627524e-17
-3.227049887310627524e-17
-3.227049887310627524e-17
-3.227049887310627524e-17
-3.227049887310627524e-17
-3.227049887310627524e-17
-3.227049887310627524e-17
-3.227049887310627524e-17
-3.227049887310627524e-17
-3.227049887310627524e-17
-3.227049887310627524e-17
-3.227049887310627524e-17
-3.227049887310627524e-17
-3.227049887310627524e-17
-3.227049887310627524e-17
-3.227049887310627524e-17
-3.227049887310627524e-17
-3.227049887310627524e-17
-3.227049887310627524e-17
-3.227049887310627524e-17
-3.227049887310627524e-17
-3.227049887310627524e-17
-3.227049887310627524e-17
-3.227049887310627524e-17
-3.227049887310627524e-17
-3.227049887310627524e-17
-3.227049887310637385e-17
-3.227049887310637385e-17
-3.227049887310637385e-17
-3.227049887310637385e-17
-3.227049887310637385e-17
-3.227049887310637385e-17
-3.227049887310637385e-17
-3.227049887310637385e-17
-3.227049887310637385e-17
-3.227049887310637385e-17
-3.227049887310637385e-17
-3.227049887310637385e-17
-3.227049887310637385e-17
-3.227049887310637385e-17
-3.227049887310637385e-17
-3.227049887310637385e-17
-3.227049887310637385e-17
-3.227049887310637385e-17
-3.227049887310637385e-17
-3.227049887310637385e-17
-3.227049887310637385e-17
-3.227049887310647862e-17
-3.227049887310647862e-17
-3.227049887310647862e-17
-3.227049887310647862e-17
-3.227049887310647862e-17
-3.227049887310647862e-17
-3.227049887310647862e-17
-3.227049887310647862e-17
-3.227049887310647862e-17
-3.227049887310647862e-17
-3.227049887310647862e-17
-3.227049887310647862e-17
-3.227049887310647862e-17
-3.227049887310647862e-17
-3.227049887310647862e-17
-3.227049887310647862e-17
-3.227049887310647862e-17
-3.227049887310647862e-17
-3.227049887310647862e-17
-3.227049887310647862e-17
-3.227049887310647862e-17
-3.227049887310647862e-17
-3.227049887310647862e-17
-3.227049887310647862e-17
-3.227049887310647862e-17
-3.227049887310647862e-17
-3.227049887310647862e-17
-3.227049887310647862e-17
-3.227049887310647862e-17
-3.227049887310647862e-17
-3.227049887310647862e-17
-3.227049887310647862e-17
-3.227049887310647862e-17
-3.227049887310647862e-17
-3.227049887310647862e-17
-3.227049887310647862e-17
-3.227049887310647862e-17
-3.227049887310647862e-17
-3.227049887310647862e-17
-3.227049887310647862e-17
-3.227049887310647862e-17
-3.227049887310647862e-17
-3.227049887310647862e-17
-3.227049887310647862e-17
-3.227049887310647862e-17
-3.227049887310647862e-17
-3.227049887310647862e-17
-3.227049887310647862e-17
-3.227049887310647862e-17
-3.227049887310647862e-17
-3.227049887310647862e-17
-3.227049887310647862e-17
-3.227049887310647862e-17
-3.227049887310647862e-17
-3.227049887310647862e-17
-3.227049887310647862e-17
-3.227049887310647862e-17
-3.227049887310647862e-17
-3.227049887310647862e-17
-3.227049887310647862e-17
-3.227049887310647862e-17
-3.227049887310647862e-17
-3.227049887310647862e-17
-3.227049887310647862e-17
-3.227049887310647862e-17
-3.227049887310647862e-17
-3.227049887310647862e-17
-3.227049887310647862e-17
-3.227049887310647862e-17
-3.227049887310647862e-17
-3.227049887310647862e-17
-3.227049887310647862e-17
-3.227049887310647862e-17
-3.227049887310647862e-17
-3.227049887310647862e-17
-3.227049887310647862e-17
-3.227049887310647862e-17
-3.227049887310647862e-17
-3.227049887310647862e-17
-3.227049887310647862e-17
-3.227049887310647862e-17
-3.227049887310647862e-17
-3.227049887310647862e-17
-3.227049887310647862e-17
-3.227049887310647862e-17
-3.227049887310647862e-17
-3.227049887310647862e-17
-3.227049887310647862e-17
-3.227049887310647862e-17
-3.227049887310647862e-17
-3.227049887310647862e-17
-3.227049887310647862e-17
-3.227049887310647862e-17
-3.227049887310647862e-17
-3.227049887310647862e-17
-3.227049887310649094e-17
-3.227049887310649094e-17
-3.227049887310649094e-17
-3.227049887310649094e-17
-3.227049887310649094e-17
-3.227049887310649094e-17
-3.227049887310649094e-17
-3.227049887310649094e-17
-3.227049887310649094e-17
-3.227049887310649094e-17
-3.227049887310649094e-17
-3.227049887310649094e-17
-3.227049887310649094e-17
-3.227049887310649094e-17
-3.227049887310649094e-17
-3.227049887310649094e-17
-3.227049887310649094e-17
-3.227049887310649094e-17
-3.227049887310649094e-17
-3.227049887310649094e-17
-3.227049887310649710e-17
-3.227049887310649710e-17
-3.227049887310649710e-17
-3.227049887310649710e-17
-3.227049887310649710e-17
-3.227049887310649710e-17
-3.227049887310649710e-17
-3.227049887310649710e-17
-3.227049887310649710e-17
-3.227049887310649710e-17
-3.227049887310649710e-17
-3.227049887310649710e-17
-3.227049887310649710e-17
-3.227049887310649710e-17
-3.227049887310649710e-17
-3.227049887310649710e-17
-3.227049887310649710e-17
-3.227049887310649710e-17
-3.227049887310649710e-17
-3.227049887310649710e-17
-3.227049887310649710e-17
-3.227049887310649710e-17
-3.227049887310649710e-17
-3.227049887310649710e-17
-3.227049887310649710e-17
-3.227049887310649710e-17
-3.227049887310649710e-17
-3.227049887310649710e-17
-3.227049887310649710e-17
-3.227049887310649710e-17
-3.227049887310649710e-17
-3.227049887310649710e-17
-3.227049887310649710e-17
-3.227049887310649710e-17
-3.227049887310649710e-17
-3.227049887310649710e-17
-3.227049887310649710e-17
-3.227049887310649710e-17
-3.227049887310649710e-17
-3.227049887310649710e-17
-3.227049887310649710e-17
-3.227049887310649710e-17
-3.227049887310649710e-17
-3.227049887310649710e-17
