5.788198977730532076e-17
4.690665210556620653e-17
1.228299131655872610e-18
1.004114475767023033e-18
1.004114475767023033e-18
1.004114475767023033e-18
1.004114475767023033e-18
1.004114475767023033e-18
-1.643200887329997796e-17
-1.643200887329997796e-17
-1.643200887329997796e-17
-1.643200887329997796e-17
-1.643200887329997796e-17
-1.643200887329997796e-17
-1.643200887329997796e-17
-1.643200887329997796e-17
-1.643200887329997796e-17
-1.643200887329997796e-17
-1.643200887329997796e-17
-1.643200887329997796e-17
-1.643200887329997796e-17
-1.643200887329997796e-17
-1.643200887329997796e-17
-1.643200887329997796e-17
-1.936548426877537131e-17
-1.936548426877537131e-17
-3.142080130648369630e-17
-3.142080130648369630e-17
-3.142080130648369630e-17
-3.142080130648369630e-17
-3.142080130648369630e-17
-3.142080130648369630e-17
-3.142080130648369630e-17
-3.142080130648369630e-17
-3.142080130648369630e-17
-3.142080130648369630e-17
-3.142080130648369630e-17
-3.142080130648369630e-17
-3.142080130648369630e-17
-3.142080130648369630e-17
-3.142080130648369630e-17
-3.142080130648369630e-17
-3.142080130648369630e-17
-3.142080130648369630e-17
-3.142080130648369630e-17
-3.142080130648369630e-17
-3.142080130648369630e-17
-3.142080130648369630e-17
-3.142080130648369630e-17
-3.142080130648369630e-17
-3.142080130648369630e-17
-3.142080130648369630e-17
-3.196609843141124952e-17
-3.196609843141124952e-17
-3.196609843141124952e-17
-3.196609843141124952e-17
-3.196609843141124952e-17
-3.196609843141124952e-17
-3.196609843141124952e-17
-3.196609843141124952e-17
-3.196609843141124952e-17
-3.196609843141124952e-17
-3.196609843141124952e-17
-3.196609843141124952e-17
-3.196609843141124952e-17
-3.196609843141124952e-17
-3.210200681293813340e-17
-3.210200681293813340e-17
-3.210200681293813340e-17
-3.210200681293813340e-17
-3.210200681293813340e-17
-3.210200681293813340e-17
-3.210200681293813340e-17
-3.210200681293813340e-17
-3.210200681293813340e-17
-3.210200681293813340e-17
-3.210200681293813340e-17
-3.210200681293813340e-17
-3.210200681293813340e-17
-3.210200681293813340e-17
-3.210200681293813340e-17
-3.210200681293813340e-17
-3.210200681293813340e-17
-3.210200681293813340e-17
-3.210200681293813340e-17
-3.210200681293813340e-17
-3.210200681293813340e-17
-3.210200681293813340e-17
-3.210200681293813340e-17
-3.210200681293813340e-17
-3.210200681293813340e-17
-3.210200681293813340e-17
-3.210200681293813340e-17
-3.210200681293813340e-17
-3.210200681293813340e-17
-3.210200681293813340e-17
-3.210200681293813340e-17
-3.210200681293813340e-17
-3.210200681293813340e-17
-3.210200681293813340e-17
-3.210200681293813340e-17
-3.210200681293813340e-17
-3.210200681293813340e-17
-3.210200681293813340e-17
-3.210200681293813340e-17
-3.210200681293813340e-17
-3.210200681293813340e-17
-3.210200681293813340e-17
-3.210200681293813340e-17
-3.225399422017732884e-17
-3.225399422017732884e-17
-3.225399422017732884e-17
-3.225399422017732884e-17
-3.225399422017732884e-17
-3.225399422017732884e-17
-3.225399422017732884e-17
-3.225399422017732884e-17
-3.225399422017732884e-17
-3.225399422017732884e-17
-3.225399422017732884e-17
-3.225399422017732884e-17
-3.225399422017732884e-17
-3.225399422017732884e-17
-3.225399422017732884e-17
-3.225399422017732884e-17
-3.225399422017732884e-17
-3.225399422017732884e-17
-3.225399422017732884e-17
-3.225399422017732884e-17
-3.225399422017732884e-17
-3.225399422017732884e-17
-3.225399422017732884e-17
-3.226330104336535205e-17
-3.226330104336535205e-17
-3.226330104336535205e-17
-3.226330104336535205e-17
-3.226330104336535205e-17
-3.226330104336535205e-17
-3.226330104336535205e-17
-3.226330104336535205e-17
-3.226330104336535205e-17
-3.226330104336535205e-17
-3.226330104336535205e-17
-3.226330104336535205e-17
-3.226330104336535205e-17
-3.226330104336535205e-17
-3.226330104336535205e-17
-3.226330104336535205e-17
-3.226330104336535205e-17
-3.226330104336535205e-17
-3.226330104336535205e-17
-3.226330104336535205e-17
-3.226330104336535205e-17
-3.226330104336535205e-17
-3.226330104336535205e-17
-3.226330104336535205e-17
-3.226330104336535205e-17
-3.226330104336535205e-17
-3.226330104336535205e-17
-3.226330104336535205e-17
-3.226330104336535205e-17
-3.226330104336535205e-17
-3.226330104336535205e-17
-3.226330104336535205e-17
-3.226330104336535205e-17
-3.226330104336535205e-17
-3.226330104336535205e-17
-3.226330104336535205e-17
-3.226330104336535205e-17
-3.226330104336535205e-17
-3.226330104336535205e-17
-3.226330104336535205e-17
-3.226330104336535205e-17
-3.226400876869732102e-17
-3.226400876869732102e-17
-3.226400876869732102e-17
-3.226400876869732102e-17
-3.226400876869732102e-17
-3.226400876869732102e-17
-3.226400876869732102e-17
-3.226400876869732102e-17
-3.226400876869732102e-17
-3.226400876869732102e-17
-3.226400876869732102e-17
-3.226400876869732102e-17
-3.226400876869732102e-17
-3.226400876869732102e-17
-3.226400876869732102e-17
-3.226486352959154701e-17
-3.226486352959154701e-17
-3.226486352959154701e-17
-3.226486352959154701e-17
-3.226486352959154701e-17
-3.226486352959154701e-17
-3.226486352959154701e-17
-3.226486352959154701e-17
-3.226486352959154701e-17
-3.226486352959154701e-17
-3.226486352959154701e-17
-3.226486352959154701e-17
-3.226486352959154701e-17
-3.226486352959154701e-17
-3.226486352959154701e-17
-3.226486352959154701e-17
-3.226486352959154701e-17
-3.226486352959154701e-17
-3.226486352959154701e-17
-3.226486352959154701e-17
-3.226486352959154701e-17
-3.226486352959154701e-17
-3.226493121745649146e-17
-3.226493121745649146e-17
-3.226493121745649146e-17
-3.226849894192472214e-17
-3.226849894192472214e-17
-3.226849894192472214e-17
-3.226849894192472214e-17
-3.226849894192472214e-17
-3.226849894192472214e-17
-3.226849894192472214e-17
-3.226849894192472214e-17
-3.226849894192472214e-17
-3.226849894192472214e-17
-3.226849894192472214e-17
-3.226868469147317923e-17
-3.226868469147317923e-17
-3.226868469147317923e-17
-3.226868469147317923e-17
-3.226868469147317923e-17
-3.226868469147317923e-17
-3.226868469147317923e-17
-3.226868469147317923e-17
-3.226868469147317923e-17
-3.226868469147317923e-17
-3.226868469147317923e-17
-3.226868469147317923e-17
-3.226868469147317923e-17
-3.226868469147317923e-17
-3.226868469147317923e-17
-3.226868469147317923e-17
-3.226868469147317923e-17
-3.226868469147317923e-17
-3.226868469147317923e-17
-3.226868469147317923e-17
-3.227020208874966993e-17
-3.227020208874966993e-17
-3.227020208874966993e-17
-3.227020208874966993e-17
-3.227020208874966993e-17
-3.227020208874966993e-17
-3.227020208874966993e-17
-3.227020208874966993e-17
-3.227020208874966993e-17
-3.227020208874966993e-17
-3.227020208874966993e-17
-3.227020208874966993e-17
-3.227020208874966993e-17
-3.227022378188020018e-17
-3.227022378188020018e-17
-3.227022378188020018e-17
-3.227022378188020018e-17
-3.227022378188020018e-17
-3.227022378188020018e-17
-3.227027434038104100e-17
-3.227027434038104100e-17
-3.227046871321737624e-17
-3.227046871321737624e-17
-3.227046871321737624e-17
-3.227046871321737624e-17
-3.227046871321737624e-17
-3.227046871321737624e-17
-3.227046871321737624e-17
-3.227046871321737624e-17
-3.227046871321737624e-17
-3.227046871321737624e-17
-3.227046871321737624e-17
-3.227046871321737624e-17
-3.227046871321737624e-17
-3.227046871321737624e-17
-3.227046871321737624e-17
-3.227046871321737624e-17
-3.227046871321737624e-17
-3.227046871321737624e-17
-3.227046871321737624e-17
-3.227046871321737624e-17
-3.227046871321737624e-17
-3.227046871321737624e-17
-3.227046871321737624e-17
-3.227046871321737624e-17
-3.227046871321737624e-17
-3.227046871321737624e-17
-3.227046871321737624e-17
-3.227046871321737624e-17
-3.227046871321737624e-17
-3.227046871321737624e-17
-3.227046871321737624e-17
-3.227048972790943967e-17
-3.227048972790943967e-17
-3.227048972790943967e-17
-3.227048972790943967e-17
-3.227048972790943967e-17
-3.227048972790943967e-17
-3.227048972790943967e-17
-3.227048972790943967e-17
-3.227048972790943967e-17
-3.227048972790943967e-17
-3.227048972790943967e-17
-3.227048972790943967e-17
-3.227048972790943967e-17
-3.227048972790943967e-17
-3.227048972790943967e-17
-3.227048972790943967e-17
-3.227048972790943967e-17
-3.227048972790943967e-17
-3.227048972790943967e-17
-3.227048972790943967e-17
-3.227048972790943967e-17
-3.227048972790943967e-17
-3.227048972790943967e-17
-3.227048972790943967e-17
-3.227048972790943967e-17
-3.227048972790943967e-17
-3.227048972790943967e-17
-3.227048972790943967e-17
-3.227048972790943967e-17
-3.227048972790943967e-17
-3.227048972790943967e-17
-3.227048972790943967e-17
-3.227048972790943967e-17
-3.227048972790943967e-17
-3.227048972790943967e-17
-3.227048972790943967e-17
-3.227048972790943967e-17
-3.227048972790943967e-17
-3.227048972790943967e-17
-3.227048972790943967e-17
-3.227048972790943967e-17
-3.227048972790943967e-17
-3.227048972790943967e-17
-3.227048972790943967e-17
-3.227048972790943967e-17
-3.227048972790943967e-17
-3.227048972790943967e-17
-3.227048972790943967e-17
-3.227048972790943967e-17
-3.227048972790943967e-17
-3.227048972790943967e-17
-3.227048972790943967e-17
-3.227048972790943967e-17
-3.227048972790943967e-17
-3.227048972790943967e-17
-3.227048972790943967e-17
-3.227048972790943967e-17
-3.227048972790943967e-17
-3.227048972790943967e-17
-3.227048972790943967e-17
-3.227048972790943967e-17
-3.227048972790943967e-17
-3.227048972790943967e-17
-3.227048972790943967e-17
-3.227048972790943967e-17
-3.227048972790943967e-17
-3.227048972790943967e-17
-3.227048972790943967e-17
-3.227048972790943967e-17
-3.227048972790943967e-17
-3.227048972790943967e-17
-3.227048972790943967e-17
-3.227048972790943967e-17
-3.227048972790943967e-17
-3.227048972790943967e-17
-3.227048972790943967e-17
-3.227048972790943967e-17
-3.227048972790943967e-17
-3.227048972790943967e-17
-3.227049084634588624e-17
-3.227049084634588624e-17
-3.227049084634588624e-17
-3.227049084634588624e-17
-3.227049084634588624e-17
-3.227049084634588624e-17
-3.227049084634588624e-17
-3.227049084634588624e-17
-3.227049084634588624e-17
-3.227049084634588624e-17
-3.227049084634588624e-17
-3.227049084634588624e-17
-3.227049084634588624e-17
-3.227049084634588624e-17
-3.227049084634588624e-17
-3.227049084634588624e-17
-3.227049084634588624e-17
-3.227049084634588624e-17
-3.227049084634588624e-17
-3.227049084634588624e-17
-3.227049084634588624e-17
-3.227049084634588624e-17
-3.227049084634588624e-17
-3.227049084634588624e-17
-3.227049084634588624e-17
-3.227049084634588624e-17
-3.227049084634588624e-17
-3.227049084634588624e-17
-3.227049084634588624e-17
-3.227049084634588624e-17
-3.227049084634588624e-17
-3.227049263544046174e-17
-3.227049263544046174e-17
-3.227049263544046174e-17
-3.227049263544046174e-17
-3.227049263544046174e-17
-3.227049263544046174e-17
-3.227049263544046174e-17
-3.227049263544046174e-17
-3.227049263544046174e-17
-3.227049263544046174e-17
-3.227049263544046174e-17
-3.227049263544046174e-17
-3.227049645974868699e-17
-3.227049645974868699e-17
-3.227049645974868699e-17
-3.227049645974868699e-17
-3.227049645974868699e-17
-3.227049645974868699e-17
-3.227049645974868699e-17
-3.227049645974868699e-17
-3.227049645974868699e-17
-3.227049645974868699e-17
-3.227049645974868699e-17
-3.227049645974868699e-17
-3.227049645974868699e-17
-3.227049645974868699e-17
-3.227049645974868699e-17
-3.227049645974868699e-17
-3.227049645974868699e-17
-3.227049645974868699e-17
-3.227049645974868699e-17
-3.227049645974868699e-17
-3.227049645974868699e-17
-3.227049645974868699e-17
-3.227049645974868699e-17
-3.227049645974868699e-17
-3.227049645974868699e-17
-3.227049645974868699e-17
-3.227049645974868699e-17
-3.227049645974868699e-17
-3.227049645974868699e-17
-3.227049645974868699e-17
-3.227049645974868699e-17
-3.227049645974868699e-17
-3.227049645974868699e-17
-3.227049645974868699e-17
-3.227049645974868699e-17
-3.227049645974868699e-17
-3.227049645974868699e-17
-3.227049645974868699e-17
-3.227049645974868699e-17
-3.227049645974868699e-17
-3.227049645974868699e-17
-3.227049645974868699e-17
-3.227049645974868699e-17
-3.227049645974868699e-17
-3.227049693824018847e-17
-3.227049693824018847e-17
-3.227049693824018847e-17
-3.227049693824018847e-17
-3.227049693824018847e-17
-3.227049693824018847e-17
-3.227049693824018847e-17
-3.227049693824018847e-17
-3.227049693824018847e-17
-3.227049693824018847e-17
-3.227049709484720347e-17
-3.227049709484720347e-17
-3.227049709484720347e-17
-3.227049709484720347e-17
-3.227049709484720347e-17
-3.227049709484720347e-17
-3.227049709484720347e-17
-3.227049709484720347e-17
-3.227049709484720347e-17
-3.227049709484720347e-17
-3.227049709484720347e-17
-3.227049709484720347e-17
-3.227049709484720347e-17
-3.227049709484720347e-17
-3.227049709484720347e-17
-3.227049709484720347e-17
-3.227049709484720347e-17
-3.227049709484720347e-17
-3.227049709484720347e-17
-3.227049709484720347e-17
-3.227049709484720347e-17
-3.227049833280947549e-17
-3.227049833280947549e-17
-3.227049833280947549e-17
-3.227049833280947549e-17
-3.227049833280947549e-17
-3.227049833280947549e-17
-3.227049833280947549e-17
-3.227049833280947549e-17
-3.227049833280947549e-17
-3.227049833280947549e-17
-3.227049833280947549e-17
-3.227049833280947549e-17
-3.227049833280947549e-17
-3.227049833280947549e-17
-3.227049833280947549e-17
-3.227049833280947549e-17
-3.227049833280947549e-17
-3.227049833280947549e-17
-3.227049833280947549e-17
-3.227049833280947549e-17
-3.227049833280947549e-17
-3.227049833280947549e-17
-3.227049833280947549e-17
-3.227049833280947549e-17
-3.227049833280947549e-17
-3.227049833280947549e-17
-3.227049833280947549e-17
-3.227049833280947549e-17
-3.227049833280947549e-17
-3.227049833280947549e-17
-3.227049833280947549e-17
-3.227049833280947549e-17
-3.227049833280947549e-17
-3.227049833280947549e-17
-3.227049833280947549e-17
-3.227049833280947549e-17
-3.227049833280947549e-17
-3.227049833280947549e-17
-3.227049833280947549e-17
-3.227049880578459593e-17
-3.227049880578459593e-17
-3.227049880578459593e-17
-3.227049880578459593e-17
-3.227049880578459593e-17
-3.227049880578459593e-17
-3.227049880578459593e-17
-3.227049880578459593e-17
-3.227049880578459593e-17
-3.227049880578459593e-17
-3.227049880578459593e-17
-3.227049880578459593e-17
-3.227049880578459593e-17
-3.227049880578459593e-17
-3.227049880578459593e-17
-3.227049880578459593e-17
-3.227049880578459593e-17
-3.227049880578459593e-17
-3.227049880578459593e-17
-3.227049880578459593e-17
-3.227049880578459593e-17
-3.227049880578459593e-17
-3.227049880578459593e-17
-3.227049880578459593e-17
-3.227049880578459593e-17
-3.227049880578459593e-17
-3.227049880578459593e-17
-3.227049880578459593e-17
-3.227049880578459593e-17
-3.227049880578459593e-17
-3.227049880578459593e-17
-3.227049880578459593e-17
-3.227049880578459593e-17
-3.227049880578459593e-17
-3.227049880578459593e-17
-3.227049880578459593e-17
-3.227049880578459593e-17
-3.227049880578459593e-17
-3.227049880578459593e-17
-3.227049880578459593e-17
-3.227049880578459593e-17
-3.227049880578459593e-17
-3.227049880578459593e-17
-3.227049880578459593e-17
-3.227049880578459593e-17
-3.227049880578459593e-17
-3.227049880578459593e-17
-3.227049880578459593e-17
-3.227049880578459593e-17
-3.227049880578459593e-17
-3.227049880578459593e-17
-3.227049880578459593e-17
-3.227049880578459593e-17
-3.227049880578459593e-17
-3.227049880578459593e-17
-3.227049880578459593e-17
-3.227049880578459593e-17
-3.227049880578459593e-17
-3.227049880578459593e-17
-3.227049880578459593e-17
-3.227049880578459593e-17
-3.227049880578459593e-17
-3.227049880578459593e-17
-3.227049880578459593e-17
-3.227049880578459593e-17
-3.227049880578459593e-17
-3.227049880578459593e-17
-3.227049880578459593e-17
-3.227049880578459593e-17
-3.227049880578459593e-17
-3.227049880578459593e-17
-3.227049880578459593e-17
-3.227049880578459593e-17
-3.227049880578459593e-17
-3.227049880578459593e-17
-3.227049880578459593e-17
-3.227049880578459593e-17
-3.227049880578459593e-17
-3.227049880578459593e-17
-3.227049880578459593e-17
-3.227049880578459593e-17
-3.227049880578459593e-17
-3.227049880578459593e-17
-3.227049880578459593e-17
-3.227049880578459593e-17
-3.227049880578459593e-17
-3.227049880578459593e-17
-3.227049880578459593e-17
-3.227049880578459593e-17
-3.227049880578459593e-17
-3.227049880578459593e-17
-3.227049880578459593e-17
-3.227049880578459593e-17
-3.227049880578459593e-17
-3.227049880578459593e-17
-3.227049880578459593e-17
-3.227049880578459593e-17
-3.227049880578459593e-17
-3.227049880578459593e-17
-3.227049880578459593e-17
-3.227049880578459593e-17
-3.227049880578459593e-17
-3.227049880578459593e-17
-3.227049880578459593e-17
-3.227049880578459593e-17
-3.227049880578459593e-17
-3.227049880578459593e-17
-3.227049880578459593e-17
-3.227049880578459593e-17
-3.227049880578459593e-17
-3.227049880578459593e-17
-3.227049880578459593e-17
-3.227049880578459593e-17
-3.227049880578459593e-17
-3.227049880578459593e-17
-3.227049880578459593e-17
-3.227049880578459593e-17
-3.227049880578459593e-17
-3.227049880578459593e-17
-3.227049880578459593e-17
-3.227049880578459593e-17
-3.227049880578459593e-17
-3.227049880578459593e-17
-3.227049880578459593e-17
-3.227049880578459593e-17
-3.227049880578459593e-17
-3.227049880578459593e-17
-3.227049880578459593e-17
-3.227049880578459593e-17
-3.227049880578459593e-17
-3.227049880578459593e-17
-3.227049885138322144e-17
-3.227049885138322144e-17
-3.227049885240563448e-17
-3.227049885240563448e-17
-3.227049885240563448e-17
-3.227049885240563448e-17
-3.227049885240563448e-17
-3.227049885240563448e-17
-3.227049885240563448e-17
-3.227049885240563448e-17
-3.227049885240563448e-17
-3.227049885240563448e-17
-3.227049885240563448e-17
-3.227049885240563448e-17
-3.227049885240563448e-17
-3.227049885240563448e-17
-3.227049885240563448e-17
-3.227049885240563448e-17
-3.227049885240563448e-17
-3.227049885240563448e-17
-3.227049885240563448e-17
-3.227049885240563448e-17
-3.227049885240563448e-17
-3.227049885240563448e-17
-3.227049885240563448e-17
-3.227049885240563448e-17
-3.227049885240563448e-17
-3.227049885240563448e-17
-3.227049885240563448e-17
-3.227049885240563448e-17
-3.227049885240563448e-17
-3.227049885240563448e-17
-3.227049885240563448e-17
-3.227049886960526740e-17
-3.227049886960526740e-17
-3.227049886960526740e-17
-3.227049886960526740e-17
-3.227049886960526740e-17
-3.227049886960526740e-17
-3.227049886960526740e-17
-3.227049886960526740e-17
-3.227049886960526740e-17
-3.227049886960526740e-17
-3.227049886960526740e-17
-3.227049886960526740e-17
-3.227049886960526740e-17
-3.227049886960526740e-17
-3.227049886960526740e-17
-3.227049886960526740e-17
-3.227049886960526740e-17
-3.227049886960526740e-17
-3.227049886960526740e-17
-3.227049886960526740e-17
-3.227049886960526740e-17
-3.227049886960526740e-17
-3.227049886960526740e-17
-3.227049886960526740e-17
-3.227049886960526740e-17
-3.227049886960526740e-17
-3.227049886960526740e-17
-3.227049886960526740e-17
-3.227049886960526740e-17
-3.227049886960526740e-17
-3.227049886960526740e-17
-3.227049886960526740e-17
-3.227049886960526740e-17
-3.227049886960526740e-17
-3.227049886960526740e-17
-3.227049887137385657e-17
-3.227049887137385657e-17
-3.227049887137385657e-17
-3.227049887137385657e-17
-3.227049887137385657e-17
-3.227049887137385657e-17
-3.227049887137385657e-17
-3.227049887137385657e-17
-3.227049887137385657e-17
-3.227049887137385657e-17
-3.227049887137385657e-17
-3.227049887137385657e-17
-3.227049887137385657e-17
-3.227049887137385657e-17
-3.227049887137385657e-17
-3.227049887137385657e-17
-3.227049887137385657e-17
-3.227049887137385657e-17
-3.227049887137385657e-17
-3.227049887137385657e-17
-3.227049887137385657e-17
-3.227049887137385657e-17
-3.227049887137385657e-17
-3.227049887137385657e-17
-3.227049887137385657e-17
-3.227049887137385657e-17
-3.227049887137385657e-17
-3.227049887137385657e-17
-3.227049887137385657e-17
-3.227049887137385657e-17
-3.227049887137385657e-17
-3.227049887137385657e-17
-3.227049887137385657e-17
-3.227049887137385657e-17
-3.227049887137385657e-17
-3.227049887137385657e-17
-3.227049887137385657e-17
-3.227049887171671524e-17
-3.227049887171671524e-17
-3.227049887171671524e-17
-3.227049887171671524e-17
-3.227049887171671524e-17
-3.227049887171671524e-17
-3.227049887171671524e-17
-3.227049887171671524e-17
-3.227049887195032284e-17
-3.227049887195032284e-17
-3.227049887195032284e-17
-3.227049887195032284e-17
-3.227049887195032284e-17
-3.227049887195032284e-17
-3.227049887195032284e-17
-3.227049887195032284e-17
-3.227049887209831438e-17
-3.227049887209831438e-17
-3.227049887209831438e-17
-3.227049887255675966e-17
-3.227049887255675966e-17
-3.227049887255675966e-17
-3.227049887274728806e-17
-3.227049887274728806e-17
-3.227049887274728806e-17
-3.227049887274728806e-17
-3.227049887274728806e-17
-3.227049887274728806e-17
-3.227049887279478611e-17
-3.227049887279478611e-17
-3.227049887279478611e-17
-3.227049887279478611e-17
-3.227049887279478611e-17
-3.227049887279478611e-17
-3.227049887279478611e-17
-3.227049887279478611e-17
-3.227049887279478611e-17
-3.227049887279478611e-17
-3.227049887279478611e-17
-3.227049887279478611e-17
-3.227049887279478611e-17
-3.227049887279478611e-17
-3.227049887279478611e-17
-3.227049887279478611e-17
-3.227049887279478611e-17
-3.227049887279478611e-17
-3.227049887279478611e-17
-3.227049887279478611e-17
-3.227049887279478611e-17
-3.227049887279478611e-17
-3.227049887279478611e-17
-3.227049887279478611e-17
-3.227049887279478611e-17
-3.227049887279478611e-17
-3.227049887279478611e-17
-3.227049887279478611e-17
-3.227049887279478611e-17
-3.227049887279478611e-17
-3.227049887279478611e-17
-3.227049887279478611e-17
-3.227049887279478611e-17
-3.227049887279478611e-17
-3.227049887279478611e-17
-3.227049887279478611e-17
-3.227049887279478611e-17
-3.227049887279478611e-17
-3.227049887279478611e-17
-3.227049887279478611e-17
-3.227049887279478611e-17
-3.227049887279478611e-17
-3.227049887279478611e-17
-3.227049887279478611e-17
-3.227049887279478611e-17
-3.227049887301336221e-17
-3.227049887301336221e-17
-3.227049887301336221e-17
-3.227049887301336221e-17
-3.227049887301336221e-17
-3.227049887301336221e-17
-3.227049887301336221e-17
-3.227049887301336221e-17
-3.227049887307394427e-17
-3.227049887307394427e-17
-3.227049887307394427e-17
-3.227049887307394427e-17
-3.227049887307394427e-17
-3.227049887307394427e-17
-3.227049887307394427e-17
-3.227049887307394427e-17
-3.227049887307394427e-17
-3.227049887307394427e-17
-3.227049887307394427e-17
-3.227049887307394427e-17
-3.227049887307394427e-17
-3.227049887307394427e-17
-3.227049887307394427e-17
-3.227049887307394427e-17
-3.227049887307394427e-17
-3.227049887307394427e-17
-3.227049887307394427e-17
-3.227049887307394427e-17
-3.227049887307394427e-17
-3.227049887308842110e-17
-3.227049887308842110e-17
-3.227049887308842110e-17
-3.227049887308842110e-17
-3.227049887308842110e-17
-3.227049887308842110e-17
-3.227049887308842110e-17
-3.227049887308842110e-17
-3.227049887308842110e-17
-3.227049887308842110e-17
-3.227049887308842110e-17
-3.227049887308842110e-17
-3.227049887308842110e-17
-3.227049887308842110e-17
-3.227049887308842110e-17
-3.227049887308842110e-17
-3.227049887308842110e-17
-3.227049887308842110e-17
-3.227049887308842110e-17
-3.227049887308842110e-17
-3.227049887308842110e-17
-3.227049887308842110e-17
-3.227049887308842110e-17
-3.227049887308842110e-17
-3.227049887308842110e-17
-3.227049887308842110e-17
-3.227049887308842110e-17
-3.227049887308842110e-17
-3.227049887308842110e-17
-3.227049887308842110e-17
-3.227049887308842110e-17
-3.227049887308842110e-17
-3.227049887308842110e-17
-3.227049887308842110e-17
-3.227049887308842110e-17
-3.227049887308842110e-17
-3.227049887308842110e-17
-3.227049887308842110e-17
-3.227049887308842110e-17
-3.227049887308842110e-17
-3.227049887308842110e-17
-3.227049887308842110e-17
-3.227049887308842110e-17
-3.227049887308842110e-17
-3.227049887308842110e-17
-3.227049887308842110e-17
-3.227049887308842110e-17
-3.227049887308842110e-17
-3.227049887308842110e-17
-3.227049887308842110e-17
-3.227049887308842110e-17
-3.227049887308842110e-17
-3.227049887308842110e-17
-3.227049887309575504e-17
-3.227049887309575504e-17
-3.227049887309575504e-17
-3.227049887309575504e-17
-3.227049887309575504e-17
-3.227049887309575504e-17
-3.227049887309575504e-17
-3.227049887309575504e-17
-3.227049887309575504e-17
-3.227049887309575504e-17
-3.227049887309575504e-17
-3.227049887309575504e-17
-3.227049887309575504e-17
-3.227049887309575504e-17
-3.227049887309575504e-17
-3.227049887309575504e-17
-3.227049887309575504e-17
-3.227049887309575504e-17
-3.227049887309575504e-17
-3.227049887309575504e-17
-3.227049887309575504e-17
-3.227049887309575504e-17
-3.227049887309575504e-17
-3.227049887309575504e-17
-3.227049887309575504e-17
-3.227049887309575504e-17
-3.227049887309575504e-17
-3.227049887309575504e-17
-3.227049887309575504e-17
-3.227049887309575504e-17
-3.227049887309575504e-17
-3.227049887309575504e-17
-3.227049887309575504e-17
-3.227049887309575504e-17
-3.227049887309575504e-17
-3.227049887309575504e-17
-3.227049887309575504e-17
-3.227049887309575504e-17
-3.227049887309809697e-17
-3.227049887309809697e-17
-3.227049887309809697e-17
-3.227049887309809697e-17
-3.227049887309809697e-17
-3.227049887309809697e-17
-3.227049887309809697e-17
-3.227049887309809697e-17
-3.227049887309809697e-17
-3.227049887309809697e-17
-3.227049887310223849e-17
-3.227049887310223849e-17
-3.227049887310223849e-17
-3.227049887310223849e-17
-3.227049887310223849e-17
-3.227049887310223849e-17
-3.227049887310223849e-17
-3.227049887310223849e-17
-3.227049887310546172e-17
-3.227049887310546172e-17
-3.227049887310546172e-17
-3.227049887310546172e-17
-3.227049887310546172e-17
-3.227049887310546172e-17
-3.227049887310546172e-17
-3.227049887310568359e-17
-3.227049887310568359e-17
-3.227049887310568359e-17
-3.227049887310568359e-17
-3.227049887310568359e-17
-3.227049887310568359e-17
-3.227049887310568359e-17
-3.227049887310568359e-17
-3.227049887310568359e-17
-3.227049887310568359e-17
-3.227049887310568359e-17
-3.227049887310568359e-17
-3.227049887310568359e-17
-3.227049887310568359e-17
-3.227049887310568359e-17
-3.227049887310568359e-17
-3.227049887310568359e-17
-3.227049887310568359e-17
-3.227049887310568359e-17
-3.227049887310568359e-17
-3.227049887310568359e-17
-3.227049887310568359e-17
-3.227049887310568359e-17
-3.227049887310568359e-17
-3.227049887310568359e-17
-3.227049887310568359e-17
-3.227049887310568359e-17
-3.227049887310568359e-17
-3.227049887310568359e-17
-3.227049887310568359e-17
-3.227049887310568359e-17
-3.227049887310568359e-17
-3.227049887310568359e-17
-3.227049887310568359e-17
-3.227049887310568359e-17
-3.227049887310568359e-17
-3.227049887310568359e-17
-3.227049887310568359e-17
-3.227049887310568359e-17
-3.227049887310568359e-17
-3.227049887310568359e-17
-3.227049887310568359e-17
-3.227049887310568359e-17
-3.227049887310571441e-17
-3.227049887310571441e-17
-3.227049887310571441e-17
-3.227049887310571441e-17
-3.227049887310571441e-17
-3.227049887310571441e-17
-3.227049887310571441e-17
-3.227049887310571441e-17
-3.227049887310571441e-17
-3.227049887310571441e-17
-3.227049887310571441e-17
-3.227049887310571441e-17
-3.227049887310571441e-17
-3.227049887310571441e-17
-3.227049887310571441e-17
-3.227049887310571441e-17
-3.227049887310571441e-17
-3.227049887310571441e-17
-3.227049887310571441e-17
-3.227049887310571441e-17
-3.227049887310571441e-17
-3.227049887310571441e-17
-3.227049887310571441e-17
-3.227049887310571441e-17
-3.227049887310615198e-17
-3.227049887310615198e-17
-3.227049887310615198e-17
-3.227049887310615198e-17
-3.227049887310615198e-17
-3.227049887310620744e-17
-3.227049887310620744e-17
-3.227049887310620744e-17
-3.227049887310620744e-17
-3.227049887310620744e-17
-3.227049887310620744e-17
-3.227049887310620744e-17
-3.227049887310620744e-17
-3.227049887310620744e-17
-3.227049887310620744e-17
-3.227049887310620744e-17
-3.227049887310620744e-17
-3.227049887310620744e-17
-3.227049887310620744e-17
-3.227049887310620744e-17
-3.227049887310620744e-17
-3.227049887310620744e-17
-3.227049887310620744e-17
-3.227049887310620744e-17
-3.227049887310620744e-17
-3.227049887310620744e-17
-3.227049887310620744e-17
-3.227049887310620744e-17
-3.227049887310620744e-17
-3.227049887310620744e-17
-3.227049887310620744e-17
-3.227049887310620744e-17
-3.227049887310620744e-17
-3.227049887310620744e-17
-3.227049887310620744e-17
-3.227049887310620744e-17
-3.227049887310620744e-17
-3.227049887310638617e-17
-3.227049887310638617e-17
-3.227049887310638617e-17
-3.227049887310638617e-17
-3.227049887310638617e-17
-3.227049887310638617e-17
-3.227049887310638617e-17
-3.227049887310638617e-17
-3.227049887310638617e-17
-3.227049887310638617e-17
-3.227049887310638617e-17
-3.227049887310638617e-17
-3.227049887310638617e-17
-3.227049887310638617e-17
-3.227049887310638617e-17
-3.227049887310638617e-17
-3.227049887310638617e-17
-3.227049887310638617e-17
-3.227049887310647245e-17
-3.227049887310647245e-17
-3.227049887310647245e-17
-3.227049887310647245e-17
-3.227049887310647245e-17
-3.227049887310647245e-17
-3.227049887310647245e-17
-3.227049887310647245e-17
-3.227049887310647245e-17
-3.227049887310647245e-17
-3.227049887310647245e-17
-3.227049887310647245e-17
-3.227049887310647245e-17
-3.227049887310647245e-17
-3.227049887310647245e-17
-3.227049887310647245e-17
-3.227049887310647245e-17
-3.227049887310647245e-17
-3.227049887310647245e-17
-3.227049887310647245e-17
-3.227049887310647245e-17
-3.227049887310647245e-17
-3.227049887310647245e-17
-3.227049887310647245e-17
-3.227049887310647245e-17
-3.227049887310647245e-17
-3.227049887310647245e-17
-3.227049887310647245e-17
-3.227049887310647245e-17
-3.227049887310647245e-17
-3.227049887310647245e-17
-3.227049887310647245e-17
-3.227049887310647245e-17
-3.227049887310647245e-17
-3.227049887310647245e-17
-3.227049887310647245e-17
-3.227049887310647245e-17
-3.227049887310647245e-17
-3.227049887310647245e-17
-3.227049887310647862e-17
-3.227049887310647862e-17
-3.227049887310647862e-17
-3.227049887310647862e-17
-3.227049887310647862e-17
-3.227049887310647862e-17
-3.227049887310647862e-17
-3.227049887310647862e-17
-3.227049887310647862e-17
-3.227049887310647862e-17
-3.227049887310647862e-17
-3.227049887310647862e-17
-3.227049887310647862e-17
-3.227049887310647862e-17
-3.227049887310647862e-17
-3.227049887310647862e-17
-3.227049887310647862e-17
-3.227049887310647862e-17
-3.227049887310647862e-17
-3.227049887310647862e-17
-3.227049887310647862e-17
-3.227049887310647862e-17
-3.227049887310647862e-17
-3.227049887310647862e-17
-3.227049887310647862e-17
-3.227049887310647862e-17
-3.227049887310647862e-17
-3.227049887310647862e-17
-3.227049887310647862e-17
-3.227049887310647862e-17
-3.227049887310647862e-17
-3.227049887310647862e-17
-3.227049887310647862e-17
-3.227049887310647862e-17
-3.227049887310647862e-17
-3.227049887310647862e-17
-3.227049887310647862e-17
-3.227049887310647862e-17
-3.227049887310647862e-17
-3.227049887310647862e-17
-3.227049887310648478e-17
-3.227049887310648478e-17
-3.227049887310648478e-17
-3.227049887310648478e-17
-3.227049887310648478e-17
-3.227049887310648478e-17
-3.227049887310649710e-17
-3.227049887310649710e-17
-3.227049887310649710e-17
-3.227049887310649710e-17
-3.227049887310649710e-17
-3.227049887310649710e-17
-3.227049887310649710e-17
-3.227049887310649710e-17
-3.227049887310649710e-17
-3.227049887310649710e-17
-3.227049887310649710e-17
-3.227049887310649710e-17
-3.227049887310649710e-17
-3.227049887310649710e-17
-3.227049887310649710e-17
-3.227049887310649710e-17
-3.227049887310649710e-17
-3.227049887310649710e-17
-3.227049887310649710e-17
-3.227049887310649710e-17
-3.227049887310649710e-17
-3.227049887310649710e-17
-3.227049887310649710e-17
-3.227049887310649710e-17
-3.227049887310649710e-17
-3.227049887310649710e-17
-3.227049887310649710e-17
-3.227049887310649710e-17
-3.227049887310649710e-17
-3.227049887310649710e-17
-3.227049887310649710e-17
-3.227049887310649710e-17
-3.227049887310649710e-17
-3.227049887310649710e-17
-3.227049887310649710e-17
-3.227049887310649710e-17
-3.227049887310649710e-17
-3.227049887310649710e-17
-3.227049887310649710e-17
-3.227049887310649710e-17
-3.227049887310649710e-17
-3.227049887310649710e-17
-3.227049887310649710e-17
-3.227049887310649710e-17
-3.227049887310649710e-17
-3.227049887310649710e-17
-3.227049887310649710e-17
-3.227049887310649710e-17
-3.227049887310649710e-17
-3.227049887310649710e-17
-3.227049887310649710e-17
-3.227049887310649710e-17
-3.227049887310649710e-17
-3.227049887310649710e-17
-3.227049887310649710e-17
-3.227049887310649710e-17
-3.227049887310649710e-17
-3.227049887310649710e-17
