7.725184568153839531e-19
-9.070375450373550774e-19
-3.170659871467108998e-17
-3.170659871467108998e-17
-3.170659871467108998e-17
-3.170659871467108998e-17
-3.170659871467108998e-17
-3.170659871467108998e-17
-3.170659871467108998e-17
-3.170659871467108998e-17
-3.170659871467108998e-17
-3.170659871467108998e-17
-3.170659871467108998e-17
-3.170659871467108998e-17
-3.170659871467108998e-17
-3.170659871467108998e-17
-3.170659871467108998e-17
-3.170659871467108998e-17
-3.170659871467108998e-17
-3.170659871467108998e-17
-3.170659871467108998e-17
-3.170659871467108998e-17
-3.170659871467108998e-17
-3.170659871467108998e-17
-3.170659871467108998e-17
-3.170659871467108998e-17
-3.170659871467108998e-17
-3.170659871467108998e-17
-3.170659871467108998e-17
-3.170659871467108998e-17
-3.170659871467108998e-17
-3.170659871467108998e-17
-3.189804721235343109e-17
-3.189804721235343109e-17
-3.189804721235343109e-17
-3.189804721235343109e-17
-3.214825603140681146e-17
-3.214825603140681146e-17
-3.214825603140681146e-17
-3.214825603140681146e-17
-3.214825603140681146e-17
-3.214825603140681146e-17
-3.214825603140681146e-17
-3.214825603140681146e-17
-3.214825603140681146e-17
-3.214825603140681146e-17
-3.214825603140681146e-17
-3.214825603140681146e-17
-3.214825603140681146e-17
-3.214825603140681146e-17
-3.214825603140681146e-17
-3.214825603140681146e-17
-3.214825603140681146e-17
-3.214825603140681146e-17
-3.214825603140681146e-17
-3.214825603140681146e-17
-3.214825603140681146e-17
-3.214825603140681146e-17
-3.214825603140681146e-17
-3.214825603140681146e-17
-3.214825603140681146e-17
-3.214825603140681146e-17
-3.214825603140681146e-17
-3.214825603140681146e-17
-3.214825603140681146e-17
-3.214825603140681146e-17
-3.214825603140681146e-17
-3.214825603140681146e-17
-3.214825603140681146e-17
-3.214825603140681146e-17
-3.214825603140681146e-17
-3.214825603140681146e-17
-3.214825603140681146e-17
-3.214825603140681146e-17
-3.214825603140681146e-17
-3.214825603140681146e-17
-3.214825603140681146e-17
-3.214825603140681146e-17
-3.214825603140681146e-17
-3.214825603140681146e-17
-3.214825603140681146e-17
-3.214825603140681146e-17
-3.214825603140681146e-17
-3.214825603140681146e-17
-3.214825603140681146e-17
-3.214825603140681146e-17
-3.214825603140681146e-17
-3.214825603140681146e-17
-3.214825603140681146e-17
-3.214825603140681146e-17
-3.214825603140681146e-17
-3.214825603140681146e-17
-3.214825603140681146e-17
-3.214825603140681146e-17
-3.214825603140681146e-17
-3.214825603140681146e-17
-3.214825603140681146e-17
-3.214825603140681146e-17
-3.214825603140681146e-17
-3.214825603140681146e-17
-3.214825603140681146e-17
-3.214825603140681146e-17
-3.214825603140681146e-17
-3.214825603140681146e-17
-3.214825603140681146e-17
-3.214825603140681146e-17
-3.218722243029809914e-17
-3.218722243029809914e-17
-3.218722243029809914e-17
-3.218722243029809914e-17
-3.218722243029809914e-17
-3.218722243029809914e-17
-3.218722243029809914e-17
-3.218722243029809914e-17
-3.218722243029809914e-17
-3.218722243029809914e-17
-3.218722243029809914e-17
-3.218722243029809914e-17
-3.218722243029809914e-17
-3.218722243029809914e-17
-3.218722243029809914e-17
-3.218722243029809914e-17
-3.218722243029809914e-17
-3.218722243029809914e-17
-3.226707455959498166e-17
-3.226707455959498166e-17
-3.226707455959498166e-17
-3.226707455959498166e-17
-3.226707455959498166e-17
-3.226707455959498166e-17
-3.226707455959498166e-17
-3.226707455959498166e-17
-3.226707455959498166e-17
-3.226707455959498166e-17
-3.226707455959498166e-17
-3.226707455959498166e-17
-3.226707455959498166e-17
-3.226707455959498166e-17
-3.226707455959498166e-17
-3.226707455959498166e-17
-3.226716518820702384e-17
-3.226716518820702384e-17
-3.226716518820702384e-17
-3.226716518820702384e-17
-3.226716518820702384e-17
-3.226716518820702384e-17
-3.226716518820702384e-17
-3.226716518820702384e-17
-3.226716518820702384e-17
-3.226716518820702384e-17
-3.226716518820702384e-17
-3.226716518820702384e-17
-3.226716518820702384e-17
-3.226716518820702384e-17
-3.226716518820702384e-17
-3.226716518820702384e-17
-3.226716518820702384e-17
-3.226716518820702384e-17
-3.226716518820702384e-17
-3.226716518820702384e-17
-3.226716518820702384e-17
-3.226716518820702384e-17
-3.226716518820702384e-17
-3.226716518820702384e-17
-3.226716518820702384e-17
-3.226716518820702384e-17
-3.226716518820702384e-17
-3.226716518820702384e-17
-3.226716518820702384e-17
-3.226716518820702384e-17
-3.226716518820702384e-17
-3.226716518820702384e-17
-3.226716518820702384e-17
-3.226716518820702384e-17
-3.226716518820702384e-17
-3.226716518820702384e-17
-3.226716518820702384e-17
-3.226716518820702384e-17
-3.226716518820702384e-17
-3.226905039886522842e-17
-3.226905039886522842e-17
-3.226905039886522842e-17
-3.226905039886522842e-17
-3.226905039886522842e-17
-3.226905039886522842e-17
-3.226905039886522842e-17
-3.226905039886522842e-17
-3.226905039886522842e-17
-3.226905039886522842e-17
-3.226905039886522842e-17
-3.226905039886522842e-17
-3.226905039886522842e-17
-3.226905039886522842e-17
-3.226905039886522842e-17
-3.226905039886522842e-17
-3.226905039886522842e-17
-3.226905039886522842e-17
-3.226905039886522842e-17
-3.226905039886522842e-17
-3.226905039886522842e-17
-3.226905039886522842e-17
-3.226905039886522842e-17
-3.226905039886522842e-17
-3.226905039886522842e-17
-3.226905039886522842e-17
-3.226905039886522842e-17
-3.226905039886522842e-17
-3.226905039886522842e-17
-3.226905039886522842e-17
-3.226905039886522842e-17
-3.226905039886522842e-17
-3.226905039886522842e-17
-3.227007032199376048e-17
-3.227007032199376048e-17
-3.227007032199376048e-17
-3.227007032199376048e-17
-3.227007032199376048e-17
-3.227007032199376048e-17
-3.227007032199376048e-17
-3.227007032199376048e-17
-3.227007032199376048e-17
-3.227007032199376048e-17
-3.227007032199376048e-17
-3.227007032199376048e-17
-3.227007032199376048e-17
-3.227007032199376048e-17
-3.227007032199376048e-17
-3.227007032199376048e-17
-3.227007032199376048e-17
-3.227007032199376048e-17
-3.227007032199376048e-17
-3.227007032199376048e-17
-3.227007032199376048e-17
-3.227007032199376048e-17
-3.227007032199376048e-17
-3.227007032199376048e-17
-3.227007032199376048e-17
-3.227007032199376048e-17
-3.227007032199376048e-17
-3.227007032199376048e-17
-3.227007032199376048e-17
-3.227009989606249647e-17
-3.227009989606249647e-17
-3.227009989606249647e-17
-3.227009989606249647e-17
-3.227009989606249647e-17
-3.227009989606249647e-17
-3.227009989606249647e-17
-3.227009989606249647e-17
-3.227009989606249647e-17
-3.227009989606249647e-17
-3.227033324652677749e-17
-3.227033324652677749e-17
-3.227033324652677749e-17
-3.227033324652677749e-17
-3.227033324652677749e-17
-3.227033324652677749e-17
-3.227033324652677749e-17
-3.227033324652677749e-17
-3.227033324652677749e-17
-3.227033324652677749e-17
-3.227033324652677749e-17
-3.227033324652677749e-17
-3.227033324652677749e-17
-3.227033324652677749e-17
-3.227033324652677749e-17
-3.227033324652677749e-17
-3.227033324652677749e-17
-3.227042135072037036e-17
-3.227042135072037036e-17
-3.227042135072037036e-17
-3.227042135072037036e-17
-3.227042135072037036e-17
-3.227042135072037036e-17
-3.227042135072037036e-17
-3.227042135072037036e-17
-3.227042135072037036e-17
-3.227042135072037036e-17
-3.227042135072037036e-17
-3.227042135072037036e-17
-3.227042135072037036e-17
-3.227042135072037036e-17
-3.227042135072037036e-17
-3.227042135072037036e-17
-3.227042135072037036e-17
-3.227042135072037036e-17
-3.227042135072037036e-17
-3.227042135072037036e-17
-3.227042135072037036e-17
-3.227042135072037036e-17
-3.227042135072037036e-17
-3.227042135072037036e-17
-3.227042135072037036e-17
-3.227042135072037036e-17
-3.227042135072037036e-17
-3.227042135072037036e-17
-3.227042135072037036e-17
-3.227042135072037036e-17
-3.227042135072037036e-17
-3.227042135072037036e-17
-3.227042135072037036e-17
-3.227042135072037036e-17
-3.227042135072037036e-17
-3.227042269653298747e-17
-3.227042269653298747e-17
-3.227042269653298747e-17
-3.227042269653298747e-17
-3.227042269653298747e-17
-3.227042269653298747e-17
-3.227042269653298747e-17
-3.227047377270084026e-17
-3.227047377270084026e-17
-3.227047377270084026e-17
-3.227047377270084026e-17
-3.227047377270084026e-17
-3.227047377270084026e-17
-3.227047377270084026e-17
-3.227047377270084026e-17
-3.227047377270084026e-17
-3.227047377270084026e-17
-3.227047377270084026e-17
-3.227047377270084026e-17
-3.227047377270084026e-17
-3.227047377270084026e-17
-3.227047377270084026e-17
-3.227047377270084026e-17
-3.227047377270084026e-17
-3.227047377270084026e-17
-3.227047377270084026e-17
-3.227047377270084026e-17
-3.227047377270084026e-17
-3.227047377270084026e-17
-3.227047377270084026e-17
-3.227047377270084026e-17
-3.227047377270084026e-17
-3.227047377270084026e-17
-3.227047377270084026e-17
-3.227047377270084026e-17
-3.227047377270084026e-17
-3.227047377270084026e-17
-3.227047377270084026e-17
-3.227047377270084026e-17
-3.227047377270084026e-17
-3.227047377270084026e-17
-3.227047377270084026e-17
-3.227047377270084026e-17
-3.227048687239819215e-17
-3.227048687239819215e-17
-3.227048687239819215e-17
-3.227048687239819215e-17
-3.227048687239819215e-17
-3.227048687239819215e-17
-3.227048687239819215e-17
-3.227048687239819215e-17
-3.227048687239819215e-17
-3.227048687239819215e-17
-3.227048687239819215e-17
-3.227048687239819215e-17
-3.227048687239819215e-17
-3.227048687239819215e-17
-3.227048687239819215e-17
-3.227048687239819215e-17
-3.227048687239819215e-17
-3.227048687239819215e-17
-3.227048687239819215e-17
-3.227048687239819215e-17
-3.227048687239819215e-17
-3.227048687239819215e-17
-3.227048687239819215e-17
-3.227048687239819215e-17
-3.227048687239819215e-17
-3.227048687239819215e-17
-3.227048687239819215e-17
-3.227048687239819215e-17
-3.227048687239819215e-17
-3.227048687239819215e-17
-3.227048687239819215e-17
-3.227048687239819215e-17
-3.227048687239819215e-17
-3.227048687239819215e-17
-3.227048687239819215e-17
-3.227048687239819215e-17
-3.227048687239819215e-17
-3.227048687239819215e-17
-3.227048687239819215e-17
-3.227048687239819215e-17
-3.227048687239819215e-17
-3.227048687239819215e-17
-3.227049632471063907e-17
-3.227049632471063907e-17
-3.227049632471063907e-17
-3.227049632471063907e-17
-3.227049632471063907e-17
-3.227049632471063907e-17
-3.227049632471063907e-17
-3.227049632471063907e-17
-3.227049632471063907e-17
-3.227049632471063907e-17
-3.227049632471063907e-17
-3.227049632471063907e-17
-3.227049632471063907e-17
-3.227049632471063907e-17
-3.227049632471063907e-17
-3.227049632471063907e-17
-3.227049632471063907e-17
-3.227049632471063907e-17
-3.227049632471063907e-17
-3.227049632471063907e-17
-3.227049632471063907e-17
-3.227049632471063907e-17
-3.227049632471063907e-17
-3.227049632471063907e-17
-3.227049632471063907e-17
-3.227049632471063907e-17
-3.227049632471063907e-17
-3.227049632471063907e-17
-3.227049632471063907e-17
-3.227049632471063907e-17
-3.227049632471063907e-17
-3.227049632471063907e-17
-3.227049632471063907e-17
-3.227049632471063907e-17
-3.227049632471063907e-17
-3.227049632471063907e-17
-3.227049632471063907e-17
-3.227049632471063907e-17
-3.227049632471063907e-17
-3.227049632471063907e-17
-3.227049632471063907e-17
-3.227049632471063907e-17
-3.227049632471063907e-17
-3.227049632471063907e-17
-3.227049632471063907e-17
-3.227049632471063907e-17
-3.227049632471063907e-17
-3.227049632471063907e-17
-3.227049632471063907e-17
-3.227049632471063907e-17
-3.227049632471063907e-17
-3.227049632471063907e-17
-3.227049805922087170e-17
-3.227049805922087170e-17
-3.227049805922087170e-17
-3.227049805922087170e-17
-3.227049805922087170e-17
-3.227049805922087170e-17
-3.227049805922087170e-17
-3.227049805922087170e-17
-3.227049805922087170e-17
-3.227049805922087170e-17
-3.227049805922087170e-17
-3.227049805922087170e-17
-3.227049805922087170e-17
-3.227049805922087170e-17
-3.227049805922087170e-17
-3.227049805922087170e-17
-3.227049805922087170e-17
-3.227049805922087170e-17
-3.227049845884332329e-17
-3.227049845884332329e-17
-3.227049845884332329e-17
-3.227049845884332329e-17
-3.227049845884332329e-17
-3.227049845884332329e-17
-3.227049845884332329e-17
-3.227049845884332329e-17
-3.227049845884332329e-17
-3.227049845884332329e-17
-3.227049845884332329e-17
-3.227049845884332329e-17
-3.227049845884332329e-17
-3.227049846958842233e-17
-3.227049846958842233e-17
-3.227049846958842233e-17
-3.227049846958842233e-17
-3.227049846958842233e-17
-3.227049846958842233e-17
-3.227049846958842233e-17
-3.227049846958842233e-17
-3.227049846958842233e-17
-3.227049846958842233e-17
-3.227049846958842233e-17
-3.227049846958842233e-17
-3.227049846958842233e-17
-3.227049846958842233e-17
-3.227049846958842233e-17
-3.227049846958842233e-17
-3.227049846958842233e-17
-3.227049846958842233e-17
-3.227049846958842233e-17
-3.227049846958842233e-17
-3.227049846958842233e-17
-3.227049846958842233e-17
-3.227049846958842233e-17
-3.227049846958842233e-17
-3.227049846958842233e-17
-3.227049846958842233e-17
-3.227049846958842233e-17
-3.227049846958842233e-17
-3.227049846958842233e-17
-3.227049846958842233e-17
-3.227049846958842233e-17
-3.227049846958842233e-17
-3.227049846958842233e-17
-3.227049846958842233e-17
-3.227049846958842233e-17
-3.227049846958842233e-17
-3.227049846958842233e-17
-3.227049846958842233e-17
-3.227049846958842233e-17
-3.227049846958842233e-17
-3.227049846958842233e-17
-3.227049846958842233e-17
-3.227049846958842233e-17
-3.227049846958842233e-17
-3.227049846958842233e-17
-3.227049846958842233e-17
-3.227049846958842233e-17
-3.227049846958842233e-17
-3.227049846958842233e-17
-3.227049846958842233e-17
-3.227049846958842233e-17
-3.227049846958842233e-17
-3.227049846958842233e-17
-3.227049846958842233e-17
-3.227049846958842233e-17
-3.227049846958842233e-17
-3.227049846958842233e-17
-3.227049846958842233e-17
-3.227049846958842233e-17
-3.227049885745597129e-17
-3.227049885745597129e-17
-3.227049885745597129e-17
-3.227049885745597129e-17
-3.227049885745597129e-17
-3.227049885745597129e-17
-3.227049885745597129e-17
-3.227049885745597129e-17
-3.227049885745597129e-17
-3.227049885745597129e-17
-3.227049885745597129e-17
-3.227049885745597129e-17
-3.227049885745597129e-17
-3.227049885745597129e-17
-3.227049885745597129e-17
-3.227049885745597129e-17
-3.227049885745597129e-17
-3.227049885745597129e-17
-3.227049885745597129e-17
-3.227049885745597129e-17
-3.227049885745597129e-17
-3.227049885745597129e-17
-3.227049885745597129e-17
-3.227049885745597129e-17
-3.227049885745597129e-17
-3.227049885745597129e-17
-3.227049885745597129e-17
-3.227049885745597129e-17
-3.227049885745597129e-17
-3.227049885745597129e-17
-3.227049885745597129e-17
-3.227049885745597129e-17
-3.227049885745597129e-17
-3.227049885745597129e-17
-3.227049885745597129e-17
-3.227049885745597129e-17
-3.227049885745597129e-17
-3.227049885745597129e-17
-3.227049885745597129e-17
-3.227049885745597129e-17
-3.227049885745597129e-17
-3.227049885745597129e-17
-3.227049885745597129e-17
-3.227049885745597129e-17
-3.227049885745597129e-17
-3.227049885745597129e-17
-3.227049885745597129e-17
-3.227049885745597129e-17
-3.227049885745597129e-17
-3.227049885745597129e-17
-3.227049885745597129e-17
-3.227049885745597129e-17
-3.227049885745597129e-17
-3.227049885745597129e-17
-3.227049885745597129e-17
-3.227049885745597129e-17
-3.227049885745597129e-17
-3.227049885745597129e-17
-3.227049885745597129e-17
-3.227049885745597129e-17
-3.227049885745597129e-17
-3.227049885745597129e-17
-3.227049885745597129e-17
-3.227049885745597129e-17
-3.227049885745597129e-17
-3.227049885745597129e-17
-3.227049885745597129e-17
-3.227049885745597129e-17
-3.227049885745597129e-17
-3.227049885745597129e-17
-3.227049885745597129e-17
-3.227049885745597129e-17
-3.227049885745597129e-17
-3.227049885745597129e-17
-3.227049886918615423e-17
-3.227049886918615423e-17
-3.227049886918615423e-17
-3.227049886918615423e-17
-3.227049886918615423e-17
-3.227049886918615423e-17
-3.227049886918615423e-17
-3.227049886918615423e-17
-3.227049886918615423e-17
-3.227049886918615423e-17
-3.227049886918615423e-17
-3.227049886918615423e-17
-3.227049886918615423e-17
-3.227049886918615423e-17
-3.227049886918615423e-17
-3.227049886918615423e-17
-3.227049886918615423e-17
-3.227049886918615423e-17
-3.227049887148814279e-17
-3.227049887148814279e-17
-3.227049887148814279e-17
-3.227049887148814279e-17
-3.227049887148814279e-17
-3.227049887148814279e-17
-3.227049887148814279e-17
-3.227049887148814279e-17
-3.227049887148814279e-17
-3.227049887148814279e-17
-3.227049887148814279e-17
-3.227049887148814279e-17
-3.227049887148814279e-17
-3.227049887148814279e-17
-3.227049887148814279e-17
-3.227049887148814279e-17
-3.227049887148814279e-17
-3.227049887148814279e-17
-3.227049887148814279e-17
-3.227049887148814279e-17
-3.227049887148814279e-17
-3.227049887148814279e-17
-3.227049887148814279e-17
-3.227049887148814279e-17
-3.227049887148814279e-17
-3.227049887148814279e-17
-3.227049887148814279e-17
-3.227049887148814279e-17
-3.227049887148814279e-17
-3.227049887148814279e-17
-3.227049887148814279e-17
-3.227049887148814279e-17
-3.227049887148814279e-17
-3.227049887148814279e-17
-3.227049887148814279e-17
-3.227049887148814279e-17
-3.227049887148814279e-17
-3.227049887148814279e-17
-3.227049887148814279e-17
-3.227049887148814279e-17
-3.227049887148814279e-17
-3.227049887148814279e-17
-3.227049887148814279e-17
-3.227049887148814279e-17
-3.227049887148814279e-17
-3.227049887148814279e-17
-3.227049887148814279e-17
-3.227049887148814279e-17
-3.227049887148814279e-17
-3.227049887148814279e-17
-3.227049887148814279e-17
-3.227049887148814279e-17
-3.227049887148814279e-17
-3.227049887148814279e-17
-3.227049887148814279e-17
-3.227049887148814279e-17
-3.227049887148814279e-17
-3.227049887148814279e-17
-3.227049887148814279e-17
-3.227049887148814279e-17
-3.227049887148814279e-17
-3.227049887148814279e-17
-3.227049887148814279e-17
-3.227049887148814279e-17
-3.227049887148814279e-17
-3.227049887148814279e-17
-3.227049887148814279e-17
-3.227049887148814279e-17
-3.227049887148814279e-17
-3.227049887148814279e-17
-3.227049887244232553e-17
-3.227049887244232553e-17
-3.227049887244232553e-17
-3.227049887244232553e-17
-3.227049887244232553e-17
-3.227049887244232553e-17
-3.227049887244232553e-17
-3.227049887244232553e-17
-3.227049887244232553e-17
-3.227049887244232553e-17
-3.227049887244232553e-17
-3.227049887244232553e-17
-3.227049887244232553e-17
-3.227049887244232553e-17
-3.227049887244232553e-17
-3.227049887244232553e-17
-3.227049887244232553e-17
-3.227049887244232553e-17
-3.227049887244232553e-17
-3.227049887244232553e-17
-3.227049887244232553e-17
-3.227049887244232553e-17
-3.227049887244232553e-17
-3.227049887244232553e-17
-3.227049887244232553e-17
-3.227049887244232553e-17
-3.227049887244232553e-17
-3.227049887244232553e-17
-3.227049887244232553e-17
-3.227049887244232553e-17
-3.227049887244232553e-17
-3.227049887244232553e-17
-3.227049887244232553e-17
-3.227049887244232553e-17
-3.227049887244232553e-17
-3.227049887245589640e-17
-3.227049887245589640e-17
-3.227049887245589640e-17
-3.227049887245589640e-17
-3.227049887245589640e-17
-3.227049887245589640e-17
-3.227049887245589640e-17
-3.227049887245589640e-17
-3.227049887245589640e-17
-3.227049887245589640e-17
-3.227049887245589640e-17
-3.227049887245589640e-17
-3.227049887245589640e-17
-3.227049887245589640e-17
-3.227049887245589640e-17
-3.227049887245589640e-17
-3.227049887253024038e-17
-3.227049887270797444e-17
-3.227049887270797444e-17
-3.227049887270797444e-17
-3.227049887270797444e-17
-3.227049887270797444e-17
-3.227049887270797444e-17
-3.227049887283862336e-17
-3.227049887283862336e-17
-3.227049887283862336e-17
-3.227049887283862336e-17
-3.227049887283862336e-17
-3.227049887283862336e-17
-3.227049887283862336e-17
-3.227049887283862336e-17
-3.227049887283862336e-17
-3.227049887283862336e-17
-3.227049887283862336e-17
-3.227049887283862336e-17
-3.227049887283862336e-17
-3.227049887292808512e-17
-3.227049887292808512e-17
-3.227049887292808512e-17
-3.227049887292808512e-17
-3.227049887292808512e-17
-3.227049887292808512e-17
-3.227049887292808512e-17
-3.227049887292808512e-17
-3.227049887292808512e-17
-3.227049887292808512e-17
-3.227049887292808512e-17
-3.227049887292808512e-17
-3.227049887292808512e-17
-3.227049887292808512e-17
-3.227049887292808512e-17
-3.227049887292808512e-17
-3.227049887292808512e-17
-3.227049887292808512e-17
-3.227049887292808512e-17
-3.227049887292808512e-17
-3.227049887292808512e-17
-3.227049887292808512e-17
-3.227049887292808512e-17
-3.227049887292808512e-17
-3.227049887293153638e-17
-3.227049887293153638e-17
-3.227049887293153638e-17
-3.227049887293153638e-17
-3.227049887293153638e-17
-3.227049887306506342e-17
-3.227049887306506342e-17
-3.227049887306506342e-17
-3.227049887306506342e-17
-3.227049887306506342e-17
-3.227049887306506342e-17
-3.227049887306506342e-17
-3.227049887306506342e-17
-3.227049887306506342e-17
-3.227049887306506342e-17
-3.227049887306506342e-17
-3.227049887306506342e-17
-3.227049887306506342e-17
-3.227049887306506342e-17
-3.227049887306506342e-17
-3.227049887306506342e-17
-3.227049887306506342e-17
-3.227049887306506342e-17
-3.227049887306506342e-17
-3.227049887306506342e-17
-3.227049887306506342e-17
-3.227049887306506342e-17
-3.227049887306506342e-17
-3.227049887306506342e-17
-3.227049887306506342e-17
-3.227049887306506342e-17
-3.227049887306506342e-17
-3.227049887306506342e-17
-3.227049887306506342e-17
-3.227049887306506342e-17
-3.227049887306506342e-17
-3.227049887306506342e-17
-3.227049887306506342e-17
-3.227049887306506342e-17
-3.227049887306506342e-17
-3.227049887310066693e-17
-3.227049887310066693e-17
-3.227049887310066693e-17
-3.227049887310066693e-17
-3.227049887310066693e-17
-3.227049887310066693e-17
-3.227049887310066693e-17
-3.227049887310066693e-17
-3.227049887310066693e-17
-3.227049887310066693e-17
-3.227049887310066693e-17
-3.227049887310066693e-17
-3.227049887310066693e-17
-3.227049887310066693e-17
-3.227049887310066693e-17
-3.227049887310066693e-17
-3.227049887310066693e-17
-3.227049887310066693e-17
-3.227049887310066693e-17
-3.227049887310066693e-17
-3.227049887310066693e-17
-3.227049887310066693e-17
-3.227049887310066693e-17
-3.227049887310066693e-17
-3.227049887310066693e-17
-3.227049887310066693e-17
-3.227049887310066693e-17
-3.227049887310066693e-17
-3.227049887310066693e-17
-3.227049887310066693e-17
-3.227049887310066693e-17
-3.227049887310066693e-17
-3.227049887310066693e-17
-3.227049887310066693e-17
-3.227049887310066693e-17
-3.227049887310066693e-17
-3.227049887310066693e-17
-3.227049887310066693e-17
-3.227049887310066693e-17
-3.227049887310066693e-17
-3.227049887310066693e-17
-3.227049887310066693e-17
-3.227049887310066693e-17
-3.227049887310066693e-17
-3.227049887310066693e-17
-3.227049887310066693e-17
-3.227049887310066693e-17
-3.227049887310066693e-17
-3.227049887310066693e-17
-3.227049887310066693e-17
-3.227049887310066693e-17
-3.227049887310066693e-17
-3.227049887310066693e-17
-3.227049887310066693e-17
-3.227049887310066693e-17
-3.227049887310066693e-17
-3.227049887310066693e-17
-3.227049887310066693e-17
-3.227049887310066693e-17
-3.227049887310066693e-17
-3.227049887310066693e-17
-3.227049887310066693e-17
-3.227049887310066693e-17
-3.227049887310066693e-17
-3.227049887310618279e-17
-3.227049887310618279e-17
-3.227049887310618279e-17
-3.227049887310618279e-17
-3.227049887310618279e-17
-3.227049887310618279e-17
-3.227049887310618279e-17
-3.227049887310618279e-17
-3.227049887310618279e-17
-3.227049887310618279e-17
-3.227049887310618279e-17
-3.227049887310618279e-17
-3.227049887310618279e-17
-3.227049887310618279e-17
-3.227049887310618279e-17
-3.227049887310618279e-17
-3.227049887310618279e-17
-3.227049887310618279e-17
-3.227049887310618279e-17
-3.227049887310618279e-17
-3.227049887310618279e-17
-3.227049887310618279e-17
-3.227049887310618279e-17
-3.227049887310618279e-17
-3.227049887310618279e-17
-3.227049887310618279e-17
-3.227049887310618279e-17
-3.227049887310618279e-17
-3.227049887310618279e-17
-3.227049887310618279e-17
-3.227049887310618279e-17
-3.227049887310618279e-17
-3.227049887310618279e-17
-3.227049887310618279e-17
-3.227049887310618279e-17
-3.227049887310618279e-17
-3.227049887310618279e-17
-3.227049887310618279e-17
-3.227049887310618279e-17
-3.227049887310618279e-17
-3.227049887310618279e-17
-3.227049887310618279e-17
-3.227049887310618279e-17
-3.227049887310618279e-17
-3.227049887310618279e-17
-3.227049887310618279e-17
-3.227049887310618279e-17
-3.227049887310618279e-17
-3.227049887310618279e-17
-3.227049887310618279e-17
-3.227049887310618279e-17
-3.227049887310618279e-17
-3.227049887310618279e-17
-3.227049887310618279e-17
-3.227049887310618279e-17
-3.227049887310618279e-17
-3.227049887310618279e-17
-3.227049887310618279e-17
-3.227049887310618279e-17
-3.227049887310618279e-17
-3.227049887310618279e-17
-3.227049887310618279e-17
-3.227049887310618279e-17
-3.227049887310618279e-17
-3.227049887310618279e-17
-3.227049887310618279e-17
-3.227049887310618279e-17
-3.227049887310618279e-17
-3.227049887310618279e-17
-3.227049887310618279e-17
-3.227049887310618279e-17
-3.227049887310618279e-17
-3.227049887310618279e-17
-3.227049887310618279e-17
-3.227049887310618279e-17
-3.227049887310618279e-17
-3.227049887310618279e-17
-3.227049887310618279e-17
-3.227049887310618279e-17
-3.227049887310618279e-17
-3.227049887310618279e-17
-3.227049887310618279e-17
-3.227049887310618279e-17
-3.227049887310618279e-17
-3.227049887310618279e-17
-3.227049887310618279e-17
-3.227049887310618279e-17
-3.227049887310618279e-17
-3.227049887310618279e-17
-3.227049887310618279e-17
-3.227049887310618279e-17
-3.227049887310618279e-17
-3.227049887310618279e-17
-3.227049887310618279e-17
-3.227049887310618279e-17
-3.227049887310631222e-17
-3.227049887310631222e-17
-3.227049887310631222e-17
-3.227049887310631222e-17
-3.227049887310631222e-17
-3.227049887310631222e-17
-3.227049887310631222e-17
-3.227049887310631222e-17
-3.227049887310631222e-17
-3.227049887310631222e-17
-3.227049887310631222e-17
-3.227049887310631222e-17
-3.227049887310631222e-17
-3.227049887310631222e-17
-3.227049887310631222e-17
-3.227049887310631222e-17
-3.227049887310631222e-17
-3.227049887310631222e-17
-3.227049887310631222e-17
-3.227049887310631222e-17
-3.227049887310631222e-17
-3.227049887310631222e-17
-3.227049887310631222e-17
-3.227049887310631222e-17
-3.227049887310649710e-17
-3.227049887310649710e-17
-3.227049887310649710e-17
-3.227049887310649710e-17
-3.227049887310649710e-17
-3.227049887310649710e-17
-3.227049887310649710e-17
-3.227049887310649710e-17
-3.227049887310649710e-17
-3.227049887310649710e-17
-3.227049887310649710e-17
-3.227049887310649710e-17
-3.227049887310649710e-17
-3.227049887310649710e-17
-3.227049887310649710e-17
-3.227049887310649710e-17
-3.227049887310649710e-17
-3.227049887310649710e-17
-3.227049887310649710e-17
-3.227049887310649710e-17
-3.227049887310649710e-17
-3.227049887310649710e-17
-3.227049887310649710e-17
-3.227049887310649710e-17
-3.227049887310649710e-17
-3.227049887310649710e-17
-3.227049887310649710e-17
-3.227049887310649710e-17
-3.227049887310649710e-17
-3.227049887310649710e-17
-3.227049887310649710e-17
-3.227049887310649710e-17
-3.227049887310649710e-17
-3.227049887310649710e-17
-3.227049887310649710e-17
-3.227049887310649710e-17
-3.227049887310649710e-17
-3.227049887310649710e-17
-3.227049887310649710e-17
-3.227049887310649710e-17
-3.227049887310649710e-17
-3.227049887310649710e-17
-3.227049887310649710e-17
-3.227049887310649710e-17
-3.227049887310649710e-17
-3.227049887310649710e-17
-3.227049887310649710e-17
-3.227049887310649710e-17
-3.227049887310649710e-17
-3.227049887310649710e-17
-3.227049887310649710e-17
-3.227049887310649710e-17
-3.227049887310649710e-17
-3.227049887310649710e-17
-3.227049887310649710e-17
-3.227049887310649710e-17
-3.227049887310649710e-17
-3.227049887310649710e-17
-3.227049887310649710e-17
-3.227049887310649710e-17
-3.227049887310649710e-17
-3.227049887310649710e-17
-3.227049887310649710e-17
-3.227049887310649710e-17
-3.227049887310649710e-17
-3.227049887310649710e-17
-3.227049887310649710e-17
-3.227049887310649710e-17
-3.227049887310649710e-17
-3.227049887310649710e-17
-3.227049887310649710e-17
-3.227049887310649710e-17
-3.227049887310649710e-17
-3.227049887310649710e-17
-3.227049887310649710e-17
-3.227049887310649710e-17
-3.227049887310649710e-17
-3.227049887310649710e-17
-3.227049887310649710e-17
-3.227049887310649710e-17
-3.227049887310649710e-17
-3.227049887310649710e-17
-3.227049887310649710e-17
-3.227049887310649710e-17
-3.227049887310649710e-17
-3.227049887310649710e-17
-3.227049887310649710e-17
-3.227049887310649710e-17
-3.227049887310649710e-17
-3.227049887310649710e-17
-3.227049887310649710e-17
-3.227049887310649710e-17
-3.227049887310649710e-17
-3.227049887310649710e-17
-3.227049887310649710e-17
-3.227049887310649710e-17
-3.227049887310649710e-17
-3.227049887310649710e-17
-3.227049887310649710e-17
-3.227049887310649710e-17
-3.227049887310649710e-17
-3.227049887310649710e-17
-3.227049887310649710e-17
-3.227049887310649710e-17
-3.227049887310649710e-17
-3.227049887310649710e-17
-3.227049887310649710e-17
-3.227049887310649710e-17
-3.227049887310649710e-17
-3.227049887310649710e-17
-3.227049887310649710e-17
-3.227049887310649710e-17
-3.227049887310649710e-17
-3.227049887310649710e-17
-3.227049887310649710e-17
-3.227049887310649710e-17
-3.227049887310649710e-17
-3.227049887310649710e-17
-3.227049887310649710e-17
-3.227049887310649710e-17
-3.227049887310649710e-17
-3.227049887310649710e-17
-3.227049887310649710e-17
-3.227049887310649710e-17
-3.227049887310649710e-17
-3.227049887310649710e-17
-3.227049887310649710e-17
-3.227049887310649710e-17
-3.227049887310649710e-17
-3.227049887310649710e-17
-3.227049887310649710e-17
-3.227049887310649710e-17
-3.227049887310649710e-17
-3.227049887310649710e-17
-3.227049887310649710e-17
-3.227049887310649710e-17
-3.227049887310649710e-17
-3.227049887310649710e-17
-3.227049887310649710e-17
-3.227049887310649710e-17
-3.227049887310649710e-17
-3.227049887310649710e-17
-3.227049887310649710e-17
-3.227049887310649710e-17
-3.227049887310649710e-17
-3.227049887310649710e-17
-3.227049887310649710e-17
-3.227049887310649710e-17
-3.227049887310649710e-17
-3.227049887310649710e-17
-3.227049887310649710e-17
