8.181124819928985581e-17
6.420955973297823209e-18
-3.200173401653044170e-17
-3.200173401653044170e-17
-3.200173401653044170e-17
-3.200173401653044170e-17
-3.200173401653044170e-17
-3.200173401653044170e-17
-3.200173401653044170e-17
-3.200173401653044170e-17
-3.200173401653044170e-17
-3.200173401653044170e-17
-3.200173401653044170e-17
-3.200173401653044170e-17
-3.200173401653044170e-17
-3.200173401653044170e-17
-3.200173401653044170e-17
-3.200173401653044170e-17
-3.200173401653044170e-17
-3.200173401653044170e-17
-3.200173401653044170e-17
-3.200173401653044170e-17
-3.200173401653044170e-17
-3.200173401653044170e-17
-3.200173401653044170e-17
-3.200173401653044170e-17
-3.200173401653044170e-17
-3.200173401653044170e-17
-3.200173401653044170e-17
-3.200173401653044170e-17
-3.200173401653044170e-17
-3.200173401653044170e-17
-3.200173401653044170e-17
-3.200173401653044170e-17
-3.200173401653044170e-17
-3.200173401653044170e-17
-3.200173401653044170e-17
-3.200173401653044170e-17
-3.200173401653044170e-17
-3.200173401653044170e-17
-3.200173401653044170e-17
-3.200173401653044170e-17
-3.200173401653044170e-17
-3.200173401653044170e-17
-3.200173401653044170e-17
-3.200173401653044170e-17
-3.200173401653044170e-17
-3.200173401653044170e-17
-3.200173401653044170e-17
-3.200173401653044170e-17
-3.200173401653044170e-17
-3.200173401653044170e-17
-3.214133418791724532e-17
-3.214133418791724532e-17
-3.214133418791724532e-17
-3.214133418791724532e-17
-3.214133418791724532e-17
-3.214133418791724532e-17
-3.214133418791724532e-17
-3.214133418791724532e-17
-3.214133418791724532e-17
-3.214133418791724532e-17
-3.214133418791724532e-17
-3.214133418791724532e-17
-3.214133418791724532e-17
-3.214133418791724532e-17
-3.214133418791724532e-17
-3.214133418791724532e-17
-3.214133418791724532e-17
-3.214133418791724532e-17
-3.214133418791724532e-17
-3.214133418791724532e-17
-3.214133418791724532e-17
-3.214133418791724532e-17
-3.214133418791724532e-17
-3.214133418791724532e-17
-3.214133418791724532e-17
-3.214133418791724532e-17
-3.221799272240481890e-17
-3.221799272240481890e-17
-3.221799272240481890e-17
-3.221799272240481890e-17
-3.221799272240481890e-17
-3.221799272240481890e-17
-3.221799272240481890e-17
-3.221799272240481890e-17
-3.221799272240481890e-17
-3.221799272240481890e-17
-3.221799272240481890e-17
-3.221799272240481890e-17
-3.221799272240481890e-17
-3.221799272240481890e-17
-3.221799272240481890e-17
-3.221799272240481890e-17
-3.221799272240481890e-17
-3.221799272240481890e-17
-3.221799272240481890e-17
-3.221799272240481890e-17
-3.221799272240481890e-17
-3.221799272240481890e-17
-3.221799272240481890e-17
-3.221799272240481890e-17
-3.221799272240481890e-17
-3.221799272240481890e-17
-3.221799272240481890e-17
-3.221799272240481890e-17
-3.223428586728124807e-17
-3.223428586728124807e-17
-3.223428586728124807e-17
-3.223428586728124807e-17
-3.223428586728124807e-17
-3.223428586728124807e-17
-3.223428586728124807e-17
-3.223428586728124807e-17
-3.223428586728124807e-17
-3.223428586728124807e-17
-3.223428586728124807e-17
-3.224918852138966724e-17
-3.224918852138966724e-17
-3.224918852138966724e-17
-3.224918852138966724e-17
-3.224918852138966724e-17
-3.224918852138966724e-17
-3.224918852138966724e-17
-3.224918852138966724e-17
-3.224918852138966724e-17
-3.224918852138966724e-17
-3.224918852138966724e-17
-3.224918852138966724e-17
-3.224918852138966724e-17
-3.224918852138966724e-17
-3.224918852138966724e-17
-3.224918852138966724e-17
-3.224918852138966724e-17
-3.224918852138966724e-17
-3.224918852138966724e-17
-3.224918852138966724e-17
-3.224918852138966724e-17
-3.224918852138966724e-17
-3.225030919872676887e-17
-3.225030919872676887e-17
-3.225030919872676887e-17
-3.225030919872676887e-17
-3.225030919872676887e-17
-3.225030919872676887e-17
-3.225030919872676887e-17
-3.225030919872676887e-17
-3.225030919872676887e-17
-3.225030919872676887e-17
-3.225030919872676887e-17
-3.225030919872676887e-17
-3.225030919872676887e-17
-3.225030919872676887e-17
-3.225030919872676887e-17
-3.225030919872676887e-17
-3.225030919872676887e-17
-3.225030919872676887e-17
-3.225030919872676887e-17
-3.225030919872676887e-17
-3.225030919872676887e-17
-3.225030919872676887e-17
-3.225030919872676887e-17
-3.225030919872676887e-17
-3.225030919872676887e-17
-3.225030919872676887e-17
-3.225030919872676887e-17
-3.225030919872676887e-17
-3.225030919872676887e-17
-3.225860820344829465e-17
-3.225860820344829465e-17
-3.225860820344829465e-17
-3.225860820344829465e-17
-3.225860820344829465e-17
-3.225860820344829465e-17
-3.225860820344829465e-17
-3.226820479523266436e-17
-3.226820479523266436e-17
-3.226820479523266436e-17
-3.226820479523266436e-17
-3.226820479523266436e-17
-3.226820479523266436e-17
-3.226820479523266436e-17
-3.226820479523266436e-17
-3.226820479523266436e-17
-3.226820479523266436e-17
-3.226838306229367466e-17
-3.226838306229367466e-17
-3.226838306229367466e-17
-3.226838306229367466e-17
-3.226838306229367466e-17
-3.226838306229367466e-17
-3.226838306229367466e-17
-3.226838306229367466e-17
-3.226838306229367466e-17
-3.226838306229367466e-17
-3.226838306229367466e-17
-3.226838306229367466e-17
-3.226838306229367466e-17
-3.226838306229367466e-17
-3.226838306229367466e-17
-3.226838306229367466e-17
-3.226838306229367466e-17
-3.226838306229367466e-17
-3.226838306229367466e-17
-3.226838306229367466e-17
-3.226838306229367466e-17
-3.226981292776822748e-17
-3.226981292776822748e-17
-3.226981292776822748e-17
-3.226981292776822748e-17
-3.226981292776822748e-17
-3.226981292776822748e-17
-3.226981292776822748e-17
-3.226981292776822748e-17
-3.226981292776822748e-17
-3.226981292776822748e-17
-3.226981292776822748e-17
-3.226981292776822748e-17
-3.226981292776822748e-17
-3.226981292776822748e-17
-3.226981292776822748e-17
-3.226981292776822748e-17
-3.226981292776822748e-17
-3.226981292776822748e-17
-3.226981292776822748e-17
-3.226981292776822748e-17
-3.226981292776822748e-17
-3.226981292776822748e-17
-3.226981292776822748e-17
-3.226981292776822748e-17
-3.226981292776822748e-17
-3.226981292776822748e-17
-3.226981292776822748e-17
-3.226981292776822748e-17
-3.226981292776822748e-17
-3.226981292776822748e-17
-3.226981292776822748e-17
-3.226981292776822748e-17
-3.226981292776822748e-17
-3.226981292776822748e-17
-3.226981292776822748e-17
-3.226981292776822748e-17
-3.226981292776822748e-17
-3.226981292776822748e-17
-3.226981292776822748e-17
-3.226981292776822748e-17
-3.226981292776822748e-17
-3.227012603074385255e-17
-3.227012603074385255e-17
-3.227012603074385255e-17
-3.227012603074385255e-17
-3.227012603074385255e-17
-3.227012603074385255e-17
-3.227012603074385255e-17
-3.227038712803195764e-17
-3.227038712803195764e-17
-3.227038712803195764e-17
-3.227038712803195764e-17
-3.227038712803195764e-17
-3.227038712803195764e-17
-3.227038712803195764e-17
-3.227038712803195764e-17
-3.227038712803195764e-17
-3.227038712803195764e-17
-3.227038712803195764e-17
-3.227038712803195764e-17
-3.227038712803195764e-17
-3.227038712803195764e-17
-3.227038712803195764e-17
-3.227038712803195764e-17
-3.227038712803195764e-17
-3.227038712803195764e-17
-3.227038712803195764e-17
-3.227038712803195764e-17
-3.227038712803195764e-17
-3.227038712803195764e-17
-3.227038712803195764e-17
-3.227038712803195764e-17
-3.227038712803195764e-17
-3.227038712803195764e-17
-3.227038712803195764e-17
-3.227038712803195764e-17
-3.227038712803195764e-17
-3.227038712803195764e-17
-3.227038712803195764e-17
-3.227038712803195764e-17
-3.227038712803195764e-17
-3.227038712803195764e-17
-3.227038712803195764e-17
-3.227038712803195764e-17
-3.227038712803195764e-17
-3.227038712803195764e-17
-3.227038712803195764e-17
-3.227038712803195764e-17
-3.227038712803195764e-17
-3.227038712803195764e-17
-3.227038712803195764e-17
-3.227038712803195764e-17
-3.227038712803195764e-17
-3.227038712803195764e-17
-3.227038712803195764e-17
-3.227038712803195764e-17
-3.227043900548258168e-17
-3.227043900548258168e-17
-3.227043900548258168e-17
-3.227043900548258168e-17
-3.227043900548258168e-17
-3.227043900548258168e-17
-3.227043900548258168e-17
-3.227043900548258168e-17
-3.227043900548258168e-17
-3.227043900548258168e-17
-3.227043900548258168e-17
-3.227043900548258168e-17
-3.227043900548258168e-17
-3.227043900548258168e-17
-3.227043900548258168e-17
-3.227043900548258168e-17
-3.227043900548258168e-17
-3.227043900548258168e-17
-3.227043900548258168e-17
-3.227043900548258168e-17
-3.227043900548258168e-17
-3.227043900548258168e-17
-3.227043900548258168e-17
-3.227043900548258168e-17
-3.227043900548258168e-17
-3.227043900548258168e-17
-3.227043900548258168e-17
-3.227043900548258168e-17
-3.227043900548258168e-17
-3.227043900548258168e-17
-3.227043900548258168e-17
-3.227043900548258168e-17
-3.227043900548258168e-17
-3.227043900548258168e-17
-3.227043900548258168e-17
-3.227043900548258168e-17
-3.227043900548258168e-17
-3.227043900548258168e-17
-3.227043900548258168e-17
-3.227043900548258168e-17
-3.227043900548258168e-17
-3.227043900548258168e-17
-3.227043900548258168e-17
-3.227043900548258168e-17
-3.227043900548258168e-17
-3.227043900548258168e-17
-3.227043900548258168e-17
-3.227043900548258168e-17
-3.227043900548258168e-17
-3.227043900548258168e-17
-3.227043900548258168e-17
-3.227043900548258168e-17
-3.227043900548258168e-17
-3.227043900548258168e-17
-3.227043900548258168e-17
-3.227043900548258168e-17
-3.227043900548258168e-17
-3.227043900548258168e-17
-3.227043900548258168e-17
-3.227043900548258168e-17
-3.227043900548258168e-17
-3.227043900548258168e-17
-3.227043900548258168e-17
-3.227043900548258168e-17
-3.227043900548258168e-17
-3.227043900548258168e-17
-3.227043900548258168e-17
-3.227043900548258168e-17
-3.227043900548258168e-17
-3.227043900548258168e-17
-3.227043900548258168e-17
-3.227043900548258168e-17
-3.227043900548258168e-17
-3.227043900548258168e-17
-3.227043900548258168e-17
-3.227044080618723604e-17
-3.227044080618723604e-17
-3.227044080618723604e-17
-3.227044080618723604e-17
-3.227044080618723604e-17
-3.227044080618723604e-17
-3.227044080618723604e-17
-3.227044080618723604e-17
-3.227044080618723604e-17
-3.227044080618723604e-17
-3.227048854866375499e-17
-3.227048854866375499e-17
-3.227048854866375499e-17
-3.227048854866375499e-17
-3.227048854866375499e-17
-3.227048854866375499e-17
-3.227048854866375499e-17
-3.227048854866375499e-17
-3.227048854866375499e-17
-3.227048854866375499e-17
-3.227048854866375499e-17
-3.227048854866375499e-17
-3.227048854866375499e-17
-3.227048854866375499e-17
-3.227048854866375499e-17
-3.227048854866375499e-17
-3.227048854866375499e-17
-3.227048854866375499e-17
-3.227048854866375499e-17
-3.227048854866375499e-17
-3.227048854866375499e-17
-3.227048854866375499e-17
-3.227048854866375499e-17
-3.227048854866375499e-17
-3.227048854866375499e-17
-3.227048854866375499e-17
-3.227048854866375499e-17
-3.227048854866375499e-17
-3.227048854866375499e-17
-3.227048854866375499e-17
-3.227048854866375499e-17
-3.227048854866375499e-17
-3.227048854866375499e-17
-3.227048854866375499e-17
-3.227048854866375499e-17
-3.227048854866375499e-17
-3.227048854866375499e-17
-3.227048854866375499e-17
-3.227048854866375499e-17
-3.227048854866375499e-17
-3.227048854866375499e-17
-3.227048854866375499e-17
-3.227048854866375499e-17
-3.227048854866375499e-17
-3.227048854866375499e-17
-3.227048854866375499e-17
-3.227049052351789746e-17
-3.227049052351789746e-17
-3.227049052351789746e-17
-3.227049052351789746e-17
-3.227049052351789746e-17
-3.227049052351789746e-17
-3.227049052351789746e-17
-3.227049052351789746e-17
-3.227049052351789746e-17
-3.227049052351789746e-17
-3.227049052351789746e-17
-3.227049052351789746e-17
-3.227049052351789746e-17
-3.227049052351789746e-17
-3.227049052351789746e-17
-3.227049052351789746e-17
-3.227049052351789746e-17
-3.227049052351789746e-17
-3.227049052351789746e-17
-3.227049052351789746e-17
-3.227049052351789746e-17
-3.227049052351789746e-17
-3.227049052351789746e-17
-3.227049052351789746e-17
-3.227049052351789746e-17
-3.227049052351789746e-17
-3.227049052351789746e-17
-3.227049636626229104e-17
-3.227049636626229104e-17
-3.227049636626229104e-17
-3.227049636626229104e-17
-3.227049636626229104e-17
-3.227049636626229104e-17
-3.227049636626229104e-17
-3.227049636626229104e-17
-3.227049636626229104e-17
-3.227049684684871743e-17
-3.227049684684871743e-17
-3.227049684684871743e-17
-3.227049684684871743e-17
-3.227049684684871743e-17
-3.227049684684871743e-17
-3.227049684684871743e-17
-3.227049684684871743e-17
-3.227049684684871743e-17
-3.227049684684871743e-17
-3.227049684684871743e-17
-3.227049832971255549e-17
-3.227049832971255549e-17
-3.227049832971255549e-17
-3.227049832971255549e-17
-3.227049832971255549e-17
-3.227049832971255549e-17
-3.227049832971255549e-17
-3.227049832971255549e-17
-3.227049832971255549e-17
-3.227049842976640953e-17
-3.227049842976640953e-17
-3.227049842976640953e-17
-3.227049842976640953e-17
-3.227049842976640953e-17
-3.227049842976640953e-17
-3.227049842976640953e-17
-3.227049842976640953e-17
-3.227049842976640953e-17
-3.227049842976640953e-17
-3.227049842976640953e-17
-3.227049842976640953e-17
-3.227049842976640953e-17
-3.227049842976640953e-17
-3.227049842976640953e-17
-3.227049842976640953e-17
-3.227049842976640953e-17
-3.227049842976640953e-17
-3.227049842976640953e-17
-3.227049842976640953e-17
-3.227049842976640953e-17
-3.227049842976640953e-17
-3.227049842976640953e-17
-3.227049842976640953e-17
-3.227049842976640953e-17
-3.227049842976640953e-17
-3.227049842976640953e-17
-3.227049842976640953e-17
-3.227049842976640953e-17
-3.227049854495446758e-17
-3.227049854495446758e-17
-3.227049886042968108e-17
-3.227049886042968108e-17
-3.227049886042968108e-17
-3.227049886042968108e-17
-3.227049886042968108e-17
-3.227049886042968108e-17
-3.227049886042968108e-17
-3.227049886042968108e-17
-3.227049886042968108e-17
-3.227049886042968108e-17
-3.227049886042968108e-17
-3.227049886042968108e-17
-3.227049886042968108e-17
-3.227049886042968108e-17
-3.227049886042968108e-17
-3.227049886042968108e-17
-3.227049886042968108e-17
-3.227049886042968108e-17
-3.227049886042968108e-17
-3.227049886042968108e-17
-3.227049886042968108e-17
-3.227049886042968108e-17
-3.227049886042968108e-17
-3.227049886042968108e-17
-3.227049886042968108e-17
-3.227049886042968108e-17
-3.227049886042968108e-17
-3.227049886042968108e-17
-3.227049886042968108e-17
-3.227049886042968108e-17
-3.227049886042968108e-17
-3.227049886042968108e-17
-3.227049886042968108e-17
-3.227049886042968108e-17
-3.227049886042968108e-17
-3.227049886042968108e-17
-3.227049886042968108e-17
-3.227049886042968108e-17
-3.227049886042968108e-17
-3.227049886042968108e-17
-3.227049886042968108e-17
-3.227049886042968108e-17
-3.227049886042968108e-17
-3.227049886042968108e-17
-3.227049886042968108e-17
-3.227049886042968108e-17
-3.227049886042968108e-17
-3.227049886042968108e-17
-3.227049886042968108e-17
-3.227049886042968108e-17
-3.227049886042968108e-17
-3.227049886042968108e-17
-3.227049886042968108e-17
-3.227049886042968108e-17
-3.227049886042968108e-17
-3.227049886042968108e-17
-3.227049886042968108e-17
-3.227049886042968108e-17
-3.227049886042968108e-17
-3.227049886042968108e-17
-3.227049886042968108e-17
-3.227049886042968108e-17
-3.227049886042968108e-17
-3.227049886042968108e-17
-3.227049886042968108e-17
-3.227049886042968108e-17
-3.227049886042968108e-17
-3.227049886042968108e-17
-3.227049886042968108e-17
-3.227049886042968108e-17
-3.227049886042968108e-17
-3.227049886042968108e-17
-3.227049886042968108e-17
-3.227049886042968108e-17
-3.227049886042968108e-17
-3.227049886042968108e-17
-3.227049886042968108e-17
-3.227049886042968108e-17
-3.227049886042968108e-17
-3.227049886042968108e-17
-3.227049886042968108e-17
-3.227049886042968108e-17
-3.227049886042968108e-17
-3.227049886042968108e-17
-3.227049886042968108e-17
-3.227049886042968108e-17
-3.227049886042968108e-17
-3.227049886042968108e-17
-3.227049886042968108e-17
-3.227049886042968108e-17
-3.227049886042968108e-17
-3.227049886042968108e-17
-3.227049886042968108e-17
-3.227049886042968108e-17
-3.227049886042968108e-17
-3.227049886042968108e-17
-3.227049886042968108e-17
-3.227049886042968108e-17
-3.227049886042968108e-17
-3.227049886042968108e-17
-3.227049886042968108e-17
-3.227049886042968108e-17
-3.227049886042968108e-17
-3.227049886042968108e-17
-3.227049886042968108e-17
-3.227049886042968108e-17
-3.227049886042968108e-17
-3.227049886042968108e-17
-3.227049886042968108e-17
-3.227049886042968108e-17
-3.227049886042968108e-17
-3.227049886042968108e-17
-3.227049886042968108e-17
-3.227049886042968108e-17
-3.227049886042968108e-17
-3.227049886042968108e-17
-3.227049886042968108e-17
-3.227049886042968108e-17
-3.227049886042968108e-17
-3.227049886042968108e-17
-3.227049886042968108e-17
-3.227049886042968108e-17
-3.227049886042968108e-17
-3.227049886042968108e-17
-3.227049886042968108e-17
-3.227049886042968108e-17
-3.227049886042968108e-17
-3.227049886042968108e-17
-3.227049886042968108e-17
-3.227049886042968108e-17
-3.227049886042968108e-17
-3.227049887066745012e-17
-3.227049887066745012e-17
-3.227049887066745012e-17
-3.227049887066745012e-17
-3.227049887066745012e-17
-3.227049887066745012e-17
-3.227049887066745012e-17
-3.227049887066745012e-17
-3.227049887066745012e-17
-3.227049887066745012e-17
-3.227049887066745012e-17
-3.227049887066745012e-17
-3.227049887066745012e-17
-3.227049887066745012e-17
-3.227049887066745012e-17
-3.227049887066745012e-17
-3.227049887066745012e-17
-3.227049887066745012e-17
-3.227049887066745012e-17
-3.227049887066745012e-17
-3.227049887066745012e-17
-3.227049887066745012e-17
-3.227049887066745012e-17
-3.227049887066745012e-17
-3.227049887066745012e-17
-3.227049887066745012e-17
-3.227049887066745012e-17
-3.227049887066745012e-17
-3.227049887066745012e-17
-3.227049887066745012e-17
-3.227049887066745012e-17
-3.227049887066745012e-17
-3.227049887066745012e-17
-3.227049887066745012e-17
-3.227049887066745012e-17
-3.227049887066745012e-17
-3.227049887066745012e-17
-3.227049887066745012e-17
-3.227049887066745012e-17
-3.227049887066745012e-17
-3.227049887066745012e-17
-3.227049887066745012e-17
-3.227049887066745012e-17
-3.227049887066745012e-17
-3.227049887066745012e-17
-3.227049887066745012e-17
-3.227049887066745012e-17
-3.227049887066745012e-17
-3.227049887066745012e-17
-3.227049887066745012e-17
-3.227049887066745012e-17
-3.227049887066745012e-17
-3.227049887066745012e-17
-3.227049887066745012e-17
-3.227049887066745012e-17
-3.227049887066745012e-17
-3.227049887066745012e-17
-3.227049887066745012e-17
-3.227049887066745012e-17
-3.227049887066745012e-17
-3.227049887066745012e-17
-3.227049887066745012e-17
-3.227049887066745012e-17
-3.227049887066745012e-17
-3.227049887066745012e-17
-3.227049887066745012e-17
-3.227049887066745012e-17
-3.227049887066745012e-17
-3.227049887066745012e-17
-3.227049887066745012e-17
-3.227049887066745012e-17
-3.227049887066745012e-17
-3.227049887066745012e-17
-3.227049887066745012e-17
-3.227049887066745012e-17
-3.227049887066745012e-17
-3.227049887066745012e-17
-3.227049887066745012e-17
-3.227049887066745012e-17
-3.227049887066745012e-17
-3.227049887066745012e-17
-3.227049887066745012e-17
-3.227049887066745012e-17
-3.227049887066745012e-17
-3.227049887066745012e-17
-3.227049887066745012e-17
-3.227049887066745012e-17
-3.227049887066745012e-17
-3.227049887066745012e-17
-3.227049887257300527e-17
-3.227049887257300527e-17
-3.227049887257300527e-17
-3.227049887257300527e-17
-3.227049887257300527e-17
-3.227049887257300527e-17
-3.227049887257300527e-17
-3.227049887257300527e-17
-3.227049887257300527e-17
-3.227049887257300527e-17
-3.227049887257300527e-17
-3.227049887257300527e-17
-3.227049887257300527e-17
-3.227049887257300527e-17
-3.227049887257300527e-17
-3.227049887257300527e-17
-3.227049887257300527e-17
-3.227049887257300527e-17
-3.227049887257300527e-17
-3.227049887257300527e-17
-3.227049887257300527e-17
-3.227049887257300527e-17
-3.227049887257300527e-17
-3.227049887257300527e-17
-3.227049887257300527e-17
-3.227049887257300527e-17
-3.227049887257300527e-17
-3.227049887257300527e-17
-3.227049887257300527e-17
-3.227049887257300527e-17
-3.227049887257300527e-17
-3.227049887257300527e-17
-3.227049887257300527e-17
-3.227049887283356972e-17
-3.227049887283356972e-17
-3.227049887283356972e-17
-3.227049887283356972e-17
-3.227049887283356972e-17
-3.227049887283356972e-17
-3.227049887287489864e-17
-3.227049887287489864e-17
-3.227049887287489864e-17
-3.227049887287489864e-17
-3.227049887287489864e-17
-3.227049887287489864e-17
-3.227049887287489864e-17
-3.227049887287489864e-17
-3.227049887287489864e-17
-3.227049887287489864e-17
-3.227049887287489864e-17
-3.227049887287489864e-17
-3.227049887287489864e-17
-3.227049887287489864e-17
-3.227049887287489864e-17
-3.227049887287489864e-17
-3.227049887287489864e-17
-3.227049887287489864e-17
-3.227049887287489864e-17
-3.227049887301618486e-17
-3.227049887301618486e-17
-3.227049887301618486e-17
-3.227049887301618486e-17
-3.227049887301618486e-17
-3.227049887301618486e-17
-3.227049887301618486e-17
-3.227049887301618486e-17
-3.227049887301618486e-17
-3.227049887301618486e-17
-3.227049887301618486e-17
-3.227049887301618486e-17
-3.227049887301618486e-17
-3.227049887301618486e-17
-3.227049887301618486e-17
-3.227049887301618486e-17
-3.227049887301618486e-17
-3.227049887301618486e-17
-3.227049887301618486e-17
-3.227049887301618486e-17
-3.227049887301618486e-17
-3.227049887301618486e-17
-3.227049887301618486e-17
-3.227049887301618486e-17
-3.227049887301618486e-17
-3.227049887301618486e-17
-3.227049887301618486e-17
-3.227049887301618486e-17
-3.227049887301618486e-17
-3.227049887301618486e-17
-3.227049887301618486e-17
-3.227049887301618486e-17
-3.227049887301618486e-17
-3.227049887301618486e-17
-3.227049887301618486e-17
-3.227049887301618486e-17
-3.227049887301618486e-17
-3.227049887301618486e-17
-3.227049887301618486e-17
-3.227049887301618486e-17
-3.227049887301618486e-17
-3.227049887301618486e-17
-3.227049887301618486e-17
-3.227049887301618486e-17
-3.227049887301618486e-17
-3.227049887301618486e-17
-3.227049887301618486e-17
-3.227049887301618486e-17
-3.227049887301618486e-17
-3.227049887301618486e-17
-3.227049887301882877e-17
-3.227049887301882877e-17
-3.227049887301882877e-17
-3.227049887301882877e-17
-3.227049887301882877e-17
-3.227049887301882877e-17
-3.227049887301882877e-17
-3.227049887301882877e-17
-3.227049887302973724e-17
-3.227049887302973724e-17
-3.227049887302973724e-17
-3.227049887302973724e-17
-3.227049887302973724e-17
-3.227049887302973724e-17
-3.227049887302973724e-17
-3.227049887302973724e-17
-3.227049887302973724e-17
-3.227049887302973724e-17
-3.227049887302973724e-17
-3.227049887302973724e-17
-3.227049887302973724e-17
-3.227049887302973724e-17
-3.227049887302973724e-17
-3.227049887309963155e-17
-3.227049887309963155e-17
-3.227049887309963155e-17
-3.227049887310268839e-17
-3.227049887310268839e-17
-3.227049887310268839e-17
-3.227049887310268839e-17
-3.227049887310268839e-17
-3.227049887310268839e-17
-3.227049887310268839e-17
-3.227049887310268839e-17
-3.227049887310268839e-17
-3.227049887310268839e-17
-3.227049887310268839e-17
-3.227049887310268839e-17
-3.227049887310268839e-17
-3.227049887310268839e-17
-3.227049887310268839e-17
-3.227049887310268839e-17
-3.227049887310268839e-17
-3.227049887310268839e-17
-3.227049887310268839e-17
-3.227049887310268839e-17
-3.227049887310268839e-17
-3.227049887310268839e-17
-3.227049887310268839e-17
-3.227049887310268839e-17
-3.227049887310268839e-17
-3.227049887310268839e-17
-3.227049887310268839e-17
-3.227049887310268839e-17
-3.227049887310268839e-17
-3.227049887310268839e-17
-3.227049887310268839e-17
-3.227049887310268839e-17
-3.227049887310268839e-17
-3.227049887310268839e-17
-3.227049887310268839e-17
-3.227049887310268839e-17
-3.227049887310268839e-17
-3.227049887310268839e-17
-3.227049887310281781e-17
-3.227049887310281781e-17
-3.227049887310281781e-17
-3.227049887310281781e-17
-3.227049887310281781e-17
-3.227049887310281781e-17
-3.227049887310281781e-17
-3.227049887310281781e-17
-3.227049887310281781e-17
-3.227049887310281781e-17
-3.227049887310281781e-17
-3.227049887310281781e-17
-3.227049887310281781e-17
-3.227049887310281781e-17
-3.227049887310281781e-17
-3.227049887310281781e-17
-3.227049887310281781e-17
-3.227049887310281781e-17
-3.227049887310281781e-17
-3.227049887310502415e-17
-3.227049887310502415e-17
-3.227049887310502415e-17
-3.227049887310502415e-17
-3.227049887310502415e-17
-3.227049887310502415e-17
-3.227049887310502415e-17
-3.227049887310502415e-17
-3.227049887310502415e-17
-3.227049887310502415e-17
-3.227049887310502415e-17
-3.227049887310502415e-17
-3.227049887310502415e-17
-3.227049887310502415e-17
-3.227049887310502415e-17
-3.227049887310502415e-17
-3.227049887310502415e-17
-3.227049887310502415e-17
-3.227049887310502415e-17
-3.227049887310502415e-17
-3.227049887310502415e-17
-3.227049887310502415e-17
-3.227049887310502415e-17
-3.227049887310502415e-17
-3.227049887310502415e-17
-3.227049887310502415e-17
-3.227049887310502415e-17
-3.227049887310502415e-17
-3.227049887310502415e-17
-3.227049887310502415e-17
-3.227049887310502415e-17
-3.227049887310502415e-17
-3.227049887310502415e-17
-3.227049887310502415e-17
-3.227049887310502415e-17
-3.227049887310502415e-17
-3.227049887310502415e-17
-3.227049887310502415e-17
-3.227049887310502415e-17
-3.227049887310502415e-17
-3.227049887310502415e-17
-3.227049887310502415e-17
-3.227049887310502415e-17
-3.227049887310502415e-17
-3.227049887310502415e-17
-3.227049887310502415e-17
-3.227049887310502415e-17
-3.227049887310502415e-17
-3.227049887310502415e-17
-3.227049887310502415e-17
-3.227049887310502415e-17
-3.227049887310502415e-17
-3.227049887310502415e-17
-3.227049887310502415e-17
-3.227049887310502415e-17
-3.227049887310502415e-17
-3.227049887310502415e-17
-3.227049887310502415e-17
-3.227049887310502415e-17
-3.227049887310502415e-17
-3.227049887310502415e-17
-3.227049887310502415e-17
-3.227049887310502415e-17
-3.227049887310502415e-17
-3.227049887310502415e-17
-3.227049887310502415e-17
-3.227049887310502415e-17
-3.227049887310502415e-17
-3.227049887310593011e-17
-3.227049887310593011e-17
-3.227049887310593011e-17
-3.227049887310593011e-17
-3.227049887310593011e-17
-3.227049887310593011e-17
-3.227049887310593011e-17
-3.227049887310593011e-17
-3.227049887310593011e-17
-3.227049887310593011e-17
-3.227049887310593011e-17
-3.227049887310613965e-17
-3.227049887310613965e-17
-3.227049887310613965e-17
-3.227049887310613965e-17
-3.227049887310613965e-17
-3.227049887310613965e-17
-3.227049887310613965e-17
-3.227049887310613965e-17
-3.227049887310613965e-17
-3.227049887310613965e-17
-3.227049887310613965e-17
-3.227049887310613965e-17
-3.227049887310613965e-17
-3.227049887310613965e-17
-3.227049887310613965e-17
-3.227049887310613965e-17
-3.227049887310613965e-17
-3.227049887310613965e-17
-3.227049887310613965e-17
-3.227049887310613965e-17
-3.227049887310613965e-17
-3.227049887310613965e-17
-3.227049887310613965e-17
-3.227049887310613965e-17
-3.227049887310613965e-17
-3.227049887310613965e-17
-3.227049887310613965e-17
-3.227049887310613965e-17
-3.227049887310613965e-17
-3.227049887310613965e-17
-3.227049887310613965e-17
-3.227049887310613965e-17
-3.227049887310613965e-17
-3.227049887310613965e-17
-3.227049887310613965e-17
-3.227049887310613965e-17
-3.227049887310613965e-17
-3.227049887310613965e-17
-3.227049887310613965e-17
-3.227049887310613965e-17
-3.227049887310613965e-17
-3.227049887310613965e-17
-3.227049887310613965e-17
-3.227049887310613965e-17
-3.227049887310613965e-17
-3.227049887310613965e-17
-3.227049887310613965e-17
-3.227049887310613965e-17
-3.227049887310613965e-17
-3.227049887310613965e-17
-3.227049887310613965e-17
-3.227049887310613965e-17
-3.227049887310613965e-17
-3.227049887310613965e-17
-3.227049887310613965e-17
-3.227049887310613965e-17
-3.227049887310613965e-17
-3.227049887310613965e-17
-3.227049887310613965e-17
-3.227049887310613965e-17
-3.227049887310613965e-17
-3.227049887310613965e-17
-3.227049887310622593e-17
-3.227049887310622593e-17
-3.227049887310622593e-17
-3.227049887310622593e-17
-3.227049887310622593e-17
-3.227049887310622593e-17
-3.227049887310622593e-17
-3.227049887310622593e-17
-3.227049887310622593e-17
-3.227049887310622593e-17
-3.227049887310622593e-17
-3.227049887310622593e-17
-3.227049887310622593e-17
-3.227049887310622593e-17
-3.227049887310622593e-17
-3.227049887310625675e-17
-3.227049887310625675e-17
-3.227049887310625675e-17
-3.227049887310625675e-17
-3.227049887310625675e-17
-3.227049887310625675e-17
-3.227049887310625675e-17
-3.227049887310625675e-17
-3.227049887310625675e-17
-3.227049887310625675e-17
-3.227049887310625675e-17
-3.227049887310625675e-17
-3.227049887310625675e-17
-3.227049887310625675e-17
-3.227049887310627524e-17
-3.227049887310627524e-17
-3.227049887310627524e-17
-3.227049887310627524e-17
-3.227049887310627524e-17
-3.227049887310627524e-17
-3.227049887310627524e-17
-3.227049887310627524e-17
-3.227049887310627524e-17
-3.227049887310627524e-17
-3.227049887310627524e-17
-3.227049887310627524e-17
-3.227049887310627524e-17
-3.227049887310641082e-17
-3.227049887310641082e-17
-3.227049887310641082e-17
-3.227049887310641082e-17
-3.227049887310641082e-17
-3.227049887310641082e-17
-3.227049887310641082e-17
-3.227049887310643547e-17
-3.227049887310643547e-17
-3.227049887310643547e-17
-3.227049887310643547e-17
-3.227049887310643547e-17
-3.227049887310643547e-17
-3.227049887310643547e-17
-3.227049887310643547e-17
-3.227049887310643547e-17
-3.227049887310643547e-17
-3.227049887310643547e-17
-3.227049887310643547e-17
-3.227049887310643547e-17
-3.227049887310643547e-17
-3.227049887310643547e-17
-3.227049887310643547e-17
-3.227049887310643547e-17
-3.227049887310643547e-17
-3.227049887310643547e-17
-3.227049887310643547e-17
-3.227049887310643547e-17
-3.227049887310643547e-17
-3.227049887310647245e-17
-3.227049887310647245e-17
-3.227049887310647245e-17
-3.227049887310647245e-17
-3.227049887310647245e-17
-3.227049887310647245e-17
-3.227049887310647245e-17
-3.227049887310647245e-17
-3.227049887310647245e-17
-3.227049887310647245e-17
-3.227049887310647245e-17
-3.227049887310647245e-17
-3.227049887310647245e-17
-3.227049887310647245e-17
-3.227049887310647245e-17
-3.227049887310647245e-17
-3.227049887310647245e-17
-3.227049887310647245e-17
-3.227049887310647245e-17
-3.227049887310647245e-17
-3.227049887310647245e-17
-3.227049887310647245e-17
-3.227049887310647245e-17
-3.227049887310647245e-17
-3.227049887310647245e-17
-3.227049887310647245e-17
-3.227049887310647245e-17
-3.227049887310647245e-17
-3.227049887310647245e-17
-3.227049887310647245e-17
-3.227049887310647245e-17
-3.227049887310647245e-17
-3.227049887310647245e-17
-3.227049887310647245e-17
-3.227049887310647245e-17
-3.227049887310647245e-17
-3.227049887310647245e-17
-3.227049887310647245e-17
-3.227049887310647245e-17
-3.227049887310647245e-17
-3.227049887310647245e-17
-3.227049887310647245e-17
-3.227049887310647245e-17
-3.227049887310647245e-17
-3.227049887310647245e-17
-3.227049887310647245e-17
-3.227049887310649094e-17
-3.227049887310649094e-17
-3.227049887310649094e-17
-3.227049887310649094e-17
-3.227049887310649094e-17
-3.227049887310649094e-17
-3.227049887310649094e-17
-3.227049887310649094e-17
-3.227049887310649094e-17
-3.227049887310649094e-17
-3.227049887310649094e-17
-3.227049887310649094e-17
-3.227049887310649094e-17
-3.227049887310649094e-17
-3.227049887310649094e-17
-3.227049887310649710e-17
-3.227049887310649710e-17
-3.227049887310649710e-17
-3.227049887310649710e-17
-3.227049887310649710e-17
-3.227049887310649710e-17
-3.227049887310649710e-17
-3.227049887310649710e-17
-3.227049887310649710e-17
-3.227049887310649710e-17
-3.227049887310649710e-17
-3.227049887310649710e-17
-3.227049887310649710e-17
-3.227049887310649710e-17
-3.227049887310649710e-17
-3.227049887310649710e-17
-3.227049887310649710e-17
-3.227049887310649710e-17
-3.227049887310649710e-17
-3.227049887310649710e-17
-3.227049887310649710e-17
-3.227049887310649710e-17
-3.227049887310649710e-17
-3.227049887310649710e-17
-3.227049887310649710e-17
-3.227049887310649710e-17
-3.227049887310649710e-17
-3.227049887310649710e-17
-3.227049887310649710e-17
-3.227049887310649710e-17
-3.227049887310649710e-17
-3.227049887310649710e-17
-3.227049887310649710e-17
-3.227049887310649710e-17
-3.227049887310649710e-17
-3.227049887310649710e-17
-3.227049887310649710e-17
-3.227049887310649710e-17
-3.227049887310649710e-17
-3.227049887310649710e-17
-3.227049887310649710e-17
-3.227049887310649710e-17
-3.227049887310649710e-17
-3.227049887310649710e-17
-3.227049887310649710e-17
-3.227049887310649710e-17
-3.227049887310649710e-17
-3.227049887310649710e-17
-3.227049887310649710e-17
-3.227049887310649710e-17
-3.227049887310649710e-17
-3.227049887310649710e-17
-3.227049887310649710e-17
-3.227049887310649710e-17
-3.227049887310649710e-17
-3.227049887310649710e-17
-3.227049887310649710e-17
-3.227049887310649710e-17
-3.227049887310649710e-17
-3.227049887310649710e-17
-3.227049887310649710e-17
-3.227049887310649710e-17
-3.227049887310649710e-17
-3.227049887310649710e-17
-3.227049887310649710e-17
-3.227049887310649710e-17
-3.227049887310649710e-17
-3.227049887310649710e-17
-3.227049887310649710e-17
-3.227049887310649710e-17
-3.227049887310649710e-17
-3.227049887310649710e-17
-3.227049887310649710e-17
-3.227049887310649710e-17
-3.227049887310649710e-17
-3.227049887310649710e-17
