2.828740507968313437e-17
1.787872046658188940e-17
1.787872046658188940e-17
1.706680317822954676e-19
1.706680317822954676e-19
-2.393212350742511863e-17
-2.393212350742511863e-17
-2.393212350742511863e-17
-2.393212350742511863e-17
-2.773922401386874337e-17
-2.773922401386874337e-17
-2.773922401386874337e-17
-2.773922401386874337e-17
-2.773922401386874337e-17
-2.773922401386874337e-17
-2.773922401386874337e-17
-2.773922401386874337e-17
-3.175831583913971185e-17
-3.175831583913971185e-17
-3.175831583913971185e-17
-3.208623223710038894e-17
-3.208623223710038894e-17
-3.208623223710038894e-17
-3.208623223710038894e-17
-3.208623223710038894e-17
-3.208623223710038894e-17
-3.208623223710038894e-17
-3.208623223710038894e-17
-3.208623223710038894e-17
-3.208623223710038894e-17
-3.208623223710038894e-17
-3.208623223710038894e-17
-3.208623223710038894e-17
-3.208623223710038894e-17
-3.208623223710038894e-17
-3.208623223710038894e-17
-3.208623223710038894e-17
-3.208623223710038894e-17
-3.215893686978208750e-17
-3.215893686978208750e-17
-3.215893686978208750e-17
-3.215893686978208750e-17
-3.215893686978208750e-17
-3.215893686978208750e-17
-3.215893686978208750e-17
-3.215893686978208750e-17
-3.215893686978208750e-17
-3.215893686978208750e-17
-3.215893686978208750e-17
-3.215893686978208750e-17
-3.215893686978208750e-17
-3.215893686978208750e-17
-3.215893686978208750e-17
-3.215893686978208750e-17
-3.215893686978208750e-17
-3.215893686978208750e-17
-3.215893686978208750e-17
-3.215893686978208750e-17
-3.215893686978208750e-17
-3.215893686978208750e-17
-3.215893686978208750e-17
-3.215893686978208750e-17
-3.215893686978208750e-17
-3.215893686978208750e-17
-3.215893686978208750e-17
-3.215893686978208750e-17
-3.215893686978208750e-17
-3.215893686978208750e-17
-3.215893686978208750e-17
-3.215893686978208750e-17
-3.215893686978208750e-17
-3.215893686978208750e-17
-3.215893686978208750e-17
-3.218945189188964045e-17
-3.218945189188964045e-17
-3.218945189188964045e-17
-3.218945189188964045e-17
-3.218945189188964045e-17
-3.218945189188964045e-17
-3.218945189188964045e-17
-3.218945189188964045e-17
-3.224610117530700672e-17
-3.224610117530700672e-17
-3.224610117530700672e-17
-3.224610117530700672e-17
-3.224610117530700672e-17
-3.224610117530700672e-17
-3.224610117530700672e-17
-3.224610117530700672e-17
-3.224610117530700672e-17
-3.224610117530700672e-17
-3.224610117530700672e-17
-3.224610117530700672e-17
-3.224610117530700672e-17
-3.224610117530700672e-17
-3.224610117530700672e-17
-3.224610117530700672e-17
-3.224610117530700672e-17
-3.224610117530700672e-17
-3.224610117530700672e-17
-3.224610117530700672e-17
-3.224610117530700672e-17
-3.224610117530700672e-17
-3.224610117530700672e-17
-3.224610117530700672e-17
-3.224610117530700672e-17
-3.226994935558004560e-17
-3.226994935558004560e-17
-3.226994935558004560e-17
-3.226994935558004560e-17
-3.226994935558004560e-17
-3.226994935558004560e-17
-3.226994935558004560e-17
-3.226994935558004560e-17
-3.226994935558004560e-17
-3.226994935558004560e-17
-3.226994935558004560e-17
-3.226994935558004560e-17
-3.226994935558004560e-17
-3.226994935558004560e-17
-3.226994935558004560e-17
-3.226994935558004560e-17
-3.226994935558004560e-17
-3.226994935558004560e-17
-3.226994935558004560e-17
-3.226994935558004560e-17
-3.226994935558004560e-17
-3.226994935558004560e-17
-3.226994935558004560e-17
-3.226994935558004560e-17
-3.226994935558004560e-17
-3.226994935558004560e-17
-3.226994935558004560e-17
-3.226994935558004560e-17
-3.226994935558004560e-17
-3.226994935558004560e-17
-3.226994935558004560e-17
-3.226994935558004560e-17
-3.226994935558004560e-17
-3.226994935558004560e-17
-3.226994935558004560e-17
-3.226994935558004560e-17
-3.226994935558004560e-17
-3.226994935558004560e-17
-3.226994935558004560e-17
-3.226994935558004560e-17
-3.226994935558004560e-17
-3.226994935558004560e-17
-3.226994935558004560e-17
-3.226994935558004560e-17
-3.226994935558004560e-17
-3.226994935558004560e-17
-3.226994935558004560e-17
-3.226994935558004560e-17
-3.226994935558004560e-17
-3.226994935558004560e-17
-3.226994935558004560e-17
-3.226994935558004560e-17
-3.226994935558004560e-17
-3.226994935558004560e-17
-3.226994935558004560e-17
-3.226994935558004560e-17
-3.226994935558004560e-17
-3.226994935558004560e-17
-3.226994935558004560e-17
-3.226994935558004560e-17
-3.226994935558004560e-17
-3.226994935558004560e-17
-3.226994935558004560e-17
-3.226994935558004560e-17
-3.226994935558004560e-17
-3.226994935558004560e-17
-3.226994935558004560e-17
-3.226994935558004560e-17
-3.226994935558004560e-17
-3.226994935558004560e-17
-3.226994935558004560e-17
-3.226994935558004560e-17
-3.226994935558004560e-17
-3.226994935558004560e-17
-3.226994935558004560e-17
-3.226994935558004560e-17
-3.226994935558004560e-17
-3.226994935558004560e-17
-3.226994935558004560e-17
-3.226994935558004560e-17
-3.226994935558004560e-17
-3.226994935558004560e-17
-3.226994935558004560e-17
-3.226994935558004560e-17
-3.226994935558004560e-17
-3.226994935558004560e-17
-3.226994935558004560e-17
-3.226994935558004560e-17
-3.226994935558004560e-17
-3.227011853904639307e-17
-3.227011853904639307e-17
-3.227011853904639307e-17
-3.227011853904639307e-17
-3.227011853904639307e-17
-3.227011853904639307e-17
-3.227011853904639307e-17
-3.227011853904639307e-17
-3.227011853904639307e-17
-3.227011853904639307e-17
-3.227011853904639307e-17
-3.227011853904639307e-17
-3.227011853904639307e-17
-3.227011853904639307e-17
-3.227011853904639307e-17
-3.227011853904639307e-17
-3.227011853904639307e-17
-3.227011853904639307e-17
-3.227011853904639307e-17
-3.227011853904639307e-17
-3.227011853904639307e-17
-3.227011853904639307e-17
-3.227011853904639307e-17
-3.227011853904639307e-17
-3.227011853904639307e-17
-3.227011853904639307e-17
-3.227011853904639307e-17
-3.227011853904639307e-17
-3.227011853904639307e-17
-3.227011853904639307e-17
-3.227044475709329533e-17
-3.227044475709329533e-17
-3.227044475709329533e-17
-3.227044475709329533e-17
-3.227044475709329533e-17
-3.227044475709329533e-17
-3.227044475709329533e-17
-3.227044475709329533e-17
-3.227044475709329533e-17
-3.227044475709329533e-17
-3.227044475709329533e-17
-3.227044475709329533e-17
-3.227044475709329533e-17
-3.227044475709329533e-17
-3.227044475709329533e-17
-3.227044475709329533e-17
-3.227044475709329533e-17
-3.227044475709329533e-17
-3.227044475709329533e-17
-3.227044475709329533e-17
-3.227044475709329533e-17
-3.227044475709329533e-17
-3.227044475709329533e-17
-3.227044475709329533e-17
-3.227044475709329533e-17
-3.227044475709329533e-17
-3.227044475709329533e-17
-3.227044475709329533e-17
-3.227044475709329533e-17
-3.227044475709329533e-17
-3.227044475709329533e-17
-3.227044475709329533e-17
-3.227044475709329533e-17
-3.227044475709329533e-17
-3.227044475709329533e-17
-3.227044475709329533e-17
-3.227044475709329533e-17
-3.227044475709329533e-17
-3.227044475709329533e-17
-3.227044475709329533e-17
-3.227044475709329533e-17
-3.227044475709329533e-17
-3.227044475709329533e-17
-3.227044475709329533e-17
-3.227044475709329533e-17
-3.227044475709329533e-17
-3.227044475709329533e-17
-3.227044475709329533e-17
-3.227044475709329533e-17
-3.227044475709329533e-17
-3.227044475709329533e-17
-3.227044475709329533e-17
-3.227044475709329533e-17
-3.227044475709329533e-17
-3.227044475709329533e-17
-3.227044475709329533e-17
-3.227044475709329533e-17
-3.227044475709329533e-17
-3.227044475709329533e-17
-3.227044475709329533e-17
-3.227044475709329533e-17
-3.227044475709329533e-17
-3.227044475709329533e-17
-3.227044475709329533e-17
-3.227044475709329533e-17
-3.227044475709329533e-17
-3.227044475709329533e-17
-3.227044475709329533e-17
-3.227044475709329533e-17
-3.227044475709329533e-17
-3.227044475709329533e-17
-3.227044475709329533e-17
-3.227044475709329533e-17
-3.227044475709329533e-17
-3.227044475709329533e-17
-3.227044475709329533e-17
-3.227044475709329533e-17
-3.227044475709329533e-17
-3.227044475709329533e-17
-3.227044475709329533e-17
-3.227044475709329533e-17
-3.227044475709329533e-17
-3.227044475709329533e-17
-3.227044475709329533e-17
-3.227044475709329533e-17
-3.227044475709329533e-17
-3.227044475709329533e-17
-3.227046859811439190e-17
-3.227046859811439190e-17
-3.227046859811439190e-17
-3.227046859811439190e-17
-3.227046859811439190e-17
-3.227046859811439190e-17
-3.227046859811439190e-17
-3.227046859811439190e-17
-3.227046859811439190e-17
-3.227046859811439190e-17
-3.227046859811439190e-17
-3.227046859811439190e-17
-3.227046859811439190e-17
-3.227046859811439190e-17
-3.227046859811439190e-17
-3.227046859811439190e-17
-3.227048459945640289e-17
-3.227048459945640289e-17
-3.227048459945640289e-17
-3.227048459945640289e-17
-3.227048459945640289e-17
-3.227048459945640289e-17
-3.227048459945640289e-17
-3.227048459945640289e-17
-3.227048459945640289e-17
-3.227048459945640289e-17
-3.227048459945640289e-17
-3.227048459945640289e-17
-3.227048459945640289e-17
-3.227048459945640289e-17
-3.227048459945640289e-17
-3.227048459945640289e-17
-3.227048459945640289e-17
-3.227048459945640289e-17
-3.227048459945640289e-17
-3.227048459945640289e-17
-3.227048459945640289e-17
-3.227048459945640289e-17
-3.227048459945640289e-17
-3.227048459945640289e-17
-3.227048459945640289e-17
-3.227048459945640289e-17
-3.227048459945640289e-17
-3.227048459945640289e-17
-3.227048459945640289e-17
-3.227048459945640289e-17
-3.227048459945640289e-17
-3.227048459945640289e-17
-3.227048459945640289e-17
-3.227048459945640289e-17
-3.227048459945640289e-17
-3.227048459945640289e-17
-3.227048459945640289e-17
-3.227048459945640289e-17
-3.227048459945640289e-17
-3.227048459945640289e-17
-3.227049579073937595e-17
-3.227049579073937595e-17
-3.227049579073937595e-17
-3.227049579073937595e-17
-3.227049579073937595e-17
-3.227049579073937595e-17
-3.227049579073937595e-17
-3.227049579073937595e-17
-3.227049579073937595e-17
-3.227049579073937595e-17
-3.227049579073937595e-17
-3.227049579073937595e-17
-3.227049579073937595e-17
-3.227049579073937595e-17
-3.227049579073937595e-17
-3.227049579073937595e-17
-3.227049579073937595e-17
-3.227049579073937595e-17
-3.227049579073937595e-17
-3.227049579073937595e-17
-3.227049579073937595e-17
-3.227049579073937595e-17
-3.227049579073937595e-17
-3.227049579073937595e-17
-3.227049579073937595e-17
-3.227049579073937595e-17
-3.227049579073937595e-17
-3.227049579073937595e-17
-3.227049579073937595e-17
-3.227049579073937595e-17
-3.227049579073937595e-17
-3.227049579073937595e-17
-3.227049579073937595e-17
-3.227049579073937595e-17
-3.227049579073937595e-17
-3.227049579073937595e-17
-3.227049579073937595e-17
-3.227049579073937595e-17
-3.227049579073937595e-17
-3.227049579073937595e-17
-3.227049579073937595e-17
-3.227049579073937595e-17
-3.227049579073937595e-17
-3.227049579073937595e-17
-3.227049579073937595e-17
-3.227049579073937595e-17
-3.227049579073937595e-17
-3.227049579073937595e-17
-3.227049579073937595e-17
-3.227049579073937595e-17
-3.227049579073937595e-17
-3.227049579073937595e-17
-3.227049579073937595e-17
-3.227049579073937595e-17
-3.227049579073937595e-17
-3.227049579073937595e-17
-3.227049579073937595e-17
-3.227049579073937595e-17
-3.227049707104257993e-17
-3.227049707104257993e-17
-3.227049707104257993e-17
-3.227049707104257993e-17
-3.227049707104257993e-17
-3.227049822594057198e-17
-3.227049822594057198e-17
-3.227049822594057198e-17
-3.227049822594057198e-17
-3.227049822594057198e-17
-3.227049822594057198e-17
-3.227049822594057198e-17
-3.227049822594057198e-17
-3.227049822594057198e-17
-3.227049822594057198e-17
-3.227049822594057198e-17
-3.227049822594057198e-17
-3.227049822594057198e-17
-3.227049822594057198e-17
-3.227049822594057198e-17
-3.227049822594057198e-17
-3.227049822594057198e-17
-3.227049822594057198e-17
-3.227049822594057198e-17
-3.227049822594057198e-17
-3.227049822594057198e-17
-3.227049822594057198e-17
-3.227049822594057198e-17
-3.227049822594057198e-17
-3.227049822594057198e-17
-3.227049822594057198e-17
-3.227049822594057198e-17
-3.227049822594057198e-17
-3.227049822594057198e-17
-3.227049822594057198e-17
-3.227049822594057198e-17
-3.227049822594057198e-17
-3.227049822594057198e-17
-3.227049822594057198e-17
-3.227049822594057198e-17
-3.227049822594057198e-17
-3.227049822594057198e-17
-3.227049822594057198e-17
-3.227049822594057198e-17
-3.227049867042843985e-17
-3.227049867042843985e-17
-3.227049867042843985e-17
-3.227049867042843985e-17
-3.227049867042843985e-17
-3.227049867042843985e-17
-3.227049867042843985e-17
-3.227049867042843985e-17
-3.227049867042843985e-17
-3.227049867042843985e-17
-3.227049867042843985e-17
-3.227049867042843985e-17
-3.227049867042843985e-17
-3.227049867042843985e-17
-3.227049867042843985e-17
-3.227049867042843985e-17
-3.227049867042843985e-17
-3.227049867042843985e-17
-3.227049867042843985e-17
-3.227049867042843985e-17
-3.227049867042843985e-17
-3.227049867042843985e-17
-3.227049867042843985e-17
-3.227049867042843985e-17
-3.227049867042843985e-17
-3.227049867042843985e-17
-3.227049867042843985e-17
-3.227049867042843985e-17
-3.227049867042843985e-17
-3.227049867042843985e-17
-3.227049867042843985e-17
-3.227049867042843985e-17
-3.227049867042843985e-17
-3.227049867042843985e-17
-3.227049867042843985e-17
-3.227049867042843985e-17
-3.227049867042843985e-17
-3.227049867042843985e-17
-3.227049867042843985e-17
-3.227049867042843985e-17
-3.227049867042843985e-17
-3.227049867042843985e-17
-3.227049867042843985e-17
-3.227049867042843985e-17
-3.227049867042843985e-17
-3.227049867042843985e-17
-3.227049867042843985e-17
-3.227049867042843985e-17
-3.227049867042843985e-17
-3.227049867042843985e-17
-3.227049867042843985e-17
-3.227049867042843985e-17
-3.227049867042843985e-17
-3.227049867042843985e-17
-3.227049867042843985e-17
-3.227049867042843985e-17
-3.227049867042843985e-17
-3.227049867042843985e-17
-3.227049879563256005e-17
-3.227049879563256005e-17
-3.227049879563256005e-17
-3.227049879563256005e-17
-3.227049879563256005e-17
-3.227049879563256005e-17
-3.227049879563256005e-17
-3.227049879563256005e-17
-3.227049879563256005e-17
-3.227049882688707504e-17
-3.227049882688707504e-17
-3.227049882688707504e-17
-3.227049882688707504e-17
-3.227049882688707504e-17
-3.227049882688707504e-17
-3.227049882688707504e-17
-3.227049882688707504e-17
-3.227049882688707504e-17
-3.227049882688707504e-17
-3.227049882688707504e-17
-3.227049882688707504e-17
-3.227049882688707504e-17
-3.227049882688707504e-17
-3.227049882688707504e-17
-3.227049882688707504e-17
-3.227049882688707504e-17
-3.227049882688707504e-17
-3.227049882688707504e-17
-3.227049882688707504e-17
-3.227049882688707504e-17
-3.227049882688707504e-17
-3.227049882688707504e-17
-3.227049882688707504e-17
-3.227049882688707504e-17
-3.227049882688707504e-17
-3.227049882688707504e-17
-3.227049882688707504e-17
-3.227049882688707504e-17
-3.227049882688707504e-17
-3.227049882688707504e-17
-3.227049882688707504e-17
-3.227049886972101425e-17
-3.227049886972101425e-17
-3.227049886972101425e-17
-3.227049886972101425e-17
-3.227049886972101425e-17
-3.227049886972101425e-17
-3.227049886972101425e-17
-3.227049886972101425e-17
-3.227049886972101425e-17
-3.227049886972101425e-17
-3.227049886972101425e-17
-3.227049886972101425e-17
-3.227049886972101425e-17
-3.227049886972101425e-17
-3.227049886972101425e-17
-3.227049886972101425e-17
-3.227049886972101425e-17
-3.227049886972101425e-17
-3.227049886972101425e-17
-3.227049886972101425e-17
-3.227049886972101425e-17
-3.227049886972101425e-17
-3.227049886972101425e-17
-3.227049886972101425e-17
-3.227049886972101425e-17
-3.227049886972101425e-17
-3.227049886972101425e-17
-3.227049886972101425e-17
-3.227049886972101425e-17
-3.227049886972101425e-17
-3.227049886972101425e-17
-3.227049886972101425e-17
-3.227049886972101425e-17
-3.227049886972101425e-17
-3.227049886972101425e-17
-3.227049886972101425e-17
-3.227049886972101425e-17
-3.227049886972101425e-17
-3.227049886972101425e-17
-3.227049886972101425e-17
-3.227049886972101425e-17
-3.227049886972101425e-17
-3.227049886972101425e-17
-3.227049886972101425e-17
-3.227049886972101425e-17
-3.227049886972101425e-17
-3.227049886972101425e-17
-3.227049886972101425e-17
-3.227049886972101425e-17
-3.227049886972101425e-17
-3.227049886972101425e-17
-3.227049886972101425e-17
-3.227049886972101425e-17
-3.227049886972101425e-17
-3.227049886972101425e-17
-3.227049886972101425e-17
-3.227049886972101425e-17
-3.227049886972101425e-17
-3.227049886972101425e-17
-3.227049886972101425e-17
-3.227049886972101425e-17
-3.227049886972101425e-17
-3.227049886972101425e-17
-3.227049886972101425e-17
-3.227049886972101425e-17
-3.227049886972101425e-17
-3.227049886972101425e-17
-3.227049886972101425e-17
-3.227049886972101425e-17
-3.227049886972101425e-17
-3.227049886972101425e-17
-3.227049886972101425e-17
-3.227049886972101425e-17
-3.227049886972101425e-17
-3.227049886972101425e-17
-3.227049886972101425e-17
-3.227049886972101425e-17
-3.227049886972101425e-17
-3.227049886972101425e-17
-3.227049886972101425e-17
-3.227049886972101425e-17
-3.227049886972101425e-17
-3.227049886972101425e-17
-3.227049886972101425e-17
-3.227049886972101425e-17
-3.227049886972101425e-17
-3.227049886972101425e-17
-3.227049886972101425e-17
-3.227049886972101425e-17
-3.227049886972101425e-17
-3.227049886972101425e-17
-3.227049886972101425e-17
-3.227049886972101425e-17
-3.227049886972101425e-17
-3.227049886972101425e-17
-3.227049886972101425e-17
-3.227049886972101425e-17
-3.227049886972101425e-17
-3.227049886972101425e-17
-3.227049886972101425e-17
-3.227049886972101425e-17
-3.227049886972101425e-17
-3.227049886972101425e-17
-3.227049886972101425e-17
-3.227049886972101425e-17
-3.227049886972101425e-17
-3.227049886972101425e-17
-3.227049886972101425e-17
-3.227049886972101425e-17
-3.227049886972101425e-17
-3.227049886972101425e-17
-3.227049886972101425e-17
-3.227049886972101425e-17
-3.227049886972101425e-17
-3.227049886972101425e-17
-3.227049886972101425e-17
-3.227049886972101425e-17
-3.227049886972101425e-17
-3.227049886972101425e-17
-3.227049886972101425e-17
-3.227049886972101425e-17
-3.227049887044232894e-17
-3.227049887044232894e-17
-3.227049887044232894e-17
-3.227049887044232894e-17
-3.227049887044232894e-17
-3.227049887101304515e-17
-3.227049887101304515e-17
-3.227049887101304515e-17
-3.227049887101304515e-17
-3.227049887101304515e-17
-3.227049887101304515e-17
-3.227049887263571971e-17
-3.227049887263571971e-17
-3.227049887263571971e-17
-3.227049887263571971e-17
-3.227049887263571971e-17
-3.227049887263571971e-17
-3.227049887263571971e-17
-3.227049887263571971e-17
-3.227049887263571971e-17
-3.227049887263571971e-17
-3.227049887263571971e-17
-3.227049887263571971e-17
-3.227049887263571971e-17
-3.227049887263571971e-17
-3.227049887263571971e-17
-3.227049887263571971e-17
-3.227049887263571971e-17
-3.227049887263571971e-17
-3.227049887263571971e-17
-3.227049887263571971e-17
-3.227049887263571971e-17
-3.227049887263571971e-17
-3.227049887304303078e-17
-3.227049887304303078e-17
-3.227049887304303078e-17
-3.227049887304303078e-17
-3.227049887304303078e-17
-3.227049887304303078e-17
-3.227049887304303078e-17
-3.227049887304303078e-17
-3.227049887304303078e-17
-3.227049887304303078e-17
-3.227049887304303078e-17
-3.227049887304303078e-17
-3.227049887304303078e-17
-3.227049887304303078e-17
-3.227049887304303078e-17
-3.227049887304303078e-17
-3.227049887304303078e-17
-3.227049887304303078e-17
-3.227049887304303078e-17
-3.227049887304303078e-17
-3.227049887304303078e-17
-3.227049887304303078e-17
-3.227049887304303078e-17
-3.227049887304303078e-17
-3.227049887304303078e-17
-3.227049887304303078e-17
-3.227049887304303078e-17
-3.227049887304303078e-17
-3.227049887304303078e-17
-3.227049887304303078e-17
-3.227049887304303078e-17
-3.227049887304303078e-17
-3.227049887304303078e-17
-3.227049887304303078e-17
-3.227049887304303078e-17
-3.227049887304303078e-17
-3.227049887304303078e-17
-3.227049887304303078e-17
-3.227049887304303078e-17
-3.227049887304303078e-17
-3.227049887304303078e-17
-3.227049887304303078e-17
-3.227049887304303078e-17
-3.227049887304303078e-17
-3.227049887304303078e-17
-3.227049887304303078e-17
-3.227049887304303078e-17
-3.227049887304303078e-17
-3.227049887304303078e-17
-3.227049887304303078e-17
-3.227049887304303078e-17
-3.227049887304303078e-17
-3.227049887304303078e-17
-3.227049887304303078e-17
-3.227049887304303078e-17
-3.227049887304303078e-17
-3.227049887304303078e-17
-3.227049887304303078e-17
-3.227049887304303078e-17
-3.227049887304303078e-17
-3.227049887304303078e-17
-3.227049887306445945e-17
-3.227049887306927889e-17
-3.227049887306927889e-17
-3.227049887306927889e-17
-3.227049887306927889e-17
-3.227049887308944415e-17
-3.227049887308944415e-17
-3.227049887308944415e-17
-3.227049887308944415e-17
-3.227049887308944415e-17
-3.227049887308944415e-17
-3.227049887308944415e-17
-3.227049887308944415e-17
-3.227049887308944415e-17
-3.227049887308944415e-17
-3.227049887308944415e-17
-3.227049887308944415e-17
-3.227049887308944415e-17
-3.227049887308944415e-17
-3.227049887308944415e-17
-3.227049887310440786e-17
-3.227049887310440786e-17
-3.227049887310440786e-17
-3.227049887310440786e-17
-3.227049887310440786e-17
-3.227049887310440786e-17
-3.227049887310440786e-17
-3.227049887310440786e-17
-3.227049887310440786e-17
-3.227049887310440786e-17
-3.227049887310440786e-17
-3.227049887310440786e-17
-3.227049887310440786e-17
-3.227049887310440786e-17
-3.227049887310440786e-17
-3.227049887310440786e-17
-3.227049887310440786e-17
-3.227049887310440786e-17
-3.227049887310440786e-17
-3.227049887310440786e-17
-3.227049887310440786e-17
-3.227049887310440786e-17
-3.227049887310440786e-17
-3.227049887310440786e-17
-3.227049887310440786e-17
-3.227049887310440786e-17
-3.227049887310440786e-17
-3.227049887310440786e-17
-3.227049887310440786e-17
-3.227049887310440786e-17
-3.227049887310440786e-17
-3.227049887310440786e-17
-3.227049887310440786e-17
-3.227049887310440786e-17
-3.227049887310440786e-17
-3.227049887310440786e-17
-3.227049887310440786e-17
-3.227049887310440786e-17
-3.227049887310440786e-17
-3.227049887310440786e-17
-3.227049887310440786e-17
-3.227049887310440786e-17
-3.227049887310440786e-17
-3.227049887310440786e-17
-3.227049887310440786e-17
-3.227049887310440786e-17
-3.227049887310440786e-17
-3.227049887310440786e-17
-3.227049887310440786e-17
-3.227049887310440786e-17
-3.227049887310440786e-17
-3.227049887310440786e-17
-3.227049887310440786e-17
-3.227049887310440786e-17
-3.227049887310440786e-17
-3.227049887310440786e-17
-3.227049887310440786e-17
-3.227049887310440786e-17
-3.227049887310440786e-17
-3.227049887310440786e-17
-3.227049887310440786e-17
-3.227049887310440786e-17
-3.227049887310440786e-17
-3.227049887310440786e-17
-3.227049887310440786e-17
-3.227049887310440786e-17
-3.227049887310440786e-17
-3.227049887310440786e-17
-3.227049887310440786e-17
-3.227049887310440786e-17
-3.227049887310440786e-17
-3.227049887310440786e-17
-3.227049887310440786e-17
-3.227049887310440786e-17
-3.227049887310440786e-17
-3.227049887310440786e-17
-3.227049887310440786e-17
-3.227049887310440786e-17
-3.227049887310440786e-17
-3.227049887310440786e-17
-3.227049887310440786e-17
-3.227049887310440786e-17
-3.227049887310440786e-17
-3.227049887310440786e-17
-3.227049887310440786e-17
-3.227049887310440786e-17
-3.227049887310440786e-17
-3.227049887310440786e-17
-3.227049887310440786e-17
-3.227049887310440786e-17
-3.227049887310440786e-17
-3.227049887310440786e-17
-3.227049887310440786e-17
-3.227049887310440786e-17
-3.227049887310440786e-17
-3.227049887310440786e-17
-3.227049887310440786e-17
-3.227049887310440786e-17
-3.227049887310440786e-17
-3.227049887310440786e-17
-3.227049887310440786e-17
-3.227049887310440786e-17
-3.227049887310440786e-17
-3.227049887310440786e-17
-3.227049887310440786e-17
-3.227049887310440786e-17
-3.227049887310440786e-17
-3.227049887310440786e-17
-3.227049887310440786e-17
-3.227049887310440786e-17
-3.227049887310440786e-17
-3.227049887310440786e-17
-3.227049887310440786e-17
-3.227049887310546172e-17
-3.227049887310546172e-17
-3.227049887310546172e-17
-3.227049887310546172e-17
-3.227049887310546172e-17
-3.227049887310546172e-17
-3.227049887310546172e-17
-3.227049887310546172e-17
-3.227049887310546172e-17
-3.227049887310546172e-17
-3.227049887310546172e-17
-3.227049887310546172e-17
-3.227049887310546172e-17
-3.227049887310546172e-17
-3.227049887310546172e-17
-3.227049887310546172e-17
-3.227049887310546172e-17
-3.227049887310546172e-17
-3.227049887310546172e-17
-3.227049887310546172e-17
-3.227049887310546172e-17
-3.227049887310546172e-17
-3.227049887310546172e-17
-3.227049887310546172e-17
-3.227049887310546172e-17
-3.227049887310546172e-17
-3.227049887310546172e-17
-3.227049887310546172e-17
-3.227049887310546172e-17
-3.227049887310546172e-17
-3.227049887310546172e-17
-3.227049887310546172e-17
-3.227049887310546172e-17
-3.227049887310546172e-17
-3.227049887310546172e-17
-3.227049887310546172e-17
-3.227049887310546172e-17
-3.227049887310546172e-17
-3.227049887310546172e-17
-3.227049887310546172e-17
-3.227049887310546172e-17
-3.227049887310546172e-17
-3.227049887310546172e-17
-3.227049887310546172e-17
-3.227049887310546172e-17
-3.227049887310546172e-17
-3.227049887310546172e-17
-3.227049887310546172e-17
-3.227049887310546172e-17
-3.227049887310546172e-17
-3.227049887310546172e-17
-3.227049887310546172e-17
-3.227049887310546172e-17
-3.227049887310546172e-17
-3.227049887310546172e-17
-3.227049887310546172e-17
-3.227049887310546172e-17
-3.227049887310546172e-17
-3.227049887310546172e-17
-3.227049887310546172e-17
-3.227049887310546172e-17
-3.227049887310546172e-17
-3.227049887310546172e-17
-3.227049887310546172e-17
-3.227049887310546172e-17
-3.227049887310546172e-17
-3.227049887310546172e-17
-3.227049887310546172e-17
-3.227049887310597325e-17
-3.227049887310597325e-17
-3.227049887310597325e-17
-3.227049887310597325e-17
-3.227049887310597325e-17
-3.227049887310597325e-17
-3.227049887310597325e-17
-3.227049887310597325e-17
-3.227049887310642931e-17
-3.227049887310642931e-17
-3.227049887310642931e-17
-3.227049887310642931e-17
-3.227049887310642931e-17
-3.227049887310642931e-17
-3.227049887310642931e-17
-3.227049887310642931e-17
-3.227049887310642931e-17
-3.227049887310642931e-17
-3.227049887310642931e-17
-3.227049887310642931e-17
-3.227049887310642931e-17
-3.227049887310642931e-17
-3.227049887310642931e-17
-3.227049887310642931e-17
-3.227049887310642931e-17
-3.227049887310642931e-17
-3.227049887310642931e-17
-3.227049887310642931e-17
-3.227049887310642931e-17
-3.227049887310642931e-17
-3.227049887310642931e-17
-3.227049887310642931e-17
-3.227049887310642931e-17
-3.227049887310642931e-17
-3.227049887310642931e-17
-3.227049887310642931e-17
-3.227049887310642931e-17
-3.227049887310642931e-17
-3.227049887310642931e-17
-3.227049887310642931e-17
-3.227049887310642931e-17
-3.227049887310642931e-17
-3.227049887310642931e-17
-3.227049887310642931e-17
-3.227049887310642931e-17
-3.227049887310642931e-17
-3.227049887310642931e-17
-3.227049887310642931e-17
-3.227049887310642931e-17
-3.227049887310642931e-17
-3.227049887310642931e-17
-3.227049887310642931e-17
-3.227049887310642931e-17
-3.227049887310642931e-17
-3.227049887310642931e-17
-3.227049887310642931e-17
-3.227049887310642931e-17
-3.227049887310642931e-17
-3.227049887310642931e-17
-3.227049887310642931e-17
-3.227049887310642931e-17
-3.227049887310642931e-17
-3.227049887310642931e-17
-3.227049887310642931e-17
-3.227049887310642931e-17
-3.227049887310642931e-17
-3.227049887310642931e-17
-3.227049887310642931e-17
-3.227049887310642931e-17
-3.227049887310642931e-17
-3.227049887310642931e-17
-3.227049887310642931e-17
-3.227049887310642931e-17
-3.227049887310642931e-17
-3.227049887310642931e-17
-3.227049887310642931e-17
-3.227049887310642931e-17
-3.227049887310642931e-17
-3.227049887310642931e-17
-3.227049887310642931e-17
-3.227049887310642931e-17
-3.227049887310642931e-17
-3.227049887310642931e-17
-3.227049887310642931e-17
-3.227049887310642931e-17
-3.227049887310642931e-17
-3.227049887310642931e-17
-3.227049887310642931e-17
-3.227049887310642931e-17
-3.227049887310646629e-17
-3.227049887310646629e-17
-3.227049887310646629e-17
-3.227049887310646629e-17
-3.227049887310646629e-17
-3.227049887310646629e-17
-3.227049887310646629e-17
-3.227049887310646629e-17
-3.227049887310646629e-17
-3.227049887310646629e-17
-3.227049887310646629e-17
-3.227049887310646629e-17
-3.227049887310646629e-17
-3.227049887310646629e-17
-3.227049887310646629e-17
-3.227049887310646629e-17
-3.227049887310646629e-17
-3.227049887310646629e-17
-3.227049887310646629e-17
-3.227049887310646629e-17
-3.227049887310646629e-17
-3.227049887310646629e-17
-3.227049887310646629e-17
-3.227049887310646629e-17
-3.227049887310646629e-17
-3.227049887310646629e-17
-3.227049887310646629e-17
-3.227049887310646629e-17
-3.227049887310646629e-17
-3.227049887310646629e-17
-3.227049887310646629e-17
-3.227049887310646629e-17
-3.227049887310646629e-17
-3.227049887310646629e-17
-3.227049887310646629e-17
-3.227049887310646629e-17
-3.227049887310646629e-17
-3.227049887310646629e-17
-3.227049887310646629e-17
-3.227049887310646629e-17
-3.227049887310646629e-17
-3.227049887310646629e-17
-3.227049887310646629e-17
-3.227049887310646629e-17
-3.227049887310646629e-17
-3.227049887310646629e-17
-3.227049887310646629e-17
-3.227049887310646629e-17
-3.227049887310646629e-17
-3.227049887310647862e-17
-3.227049887310647862e-17
-3.227049887310647862e-17
-3.227049887310647862e-17
-3.227049887310647862e-17
-3.227049887310647862e-17
-3.227049887310647862e-17
-3.227049887310647862e-17
-3.227049887310647862e-17
-3.227049887310647862e-17
-3.227049887310647862e-17
-3.227049887310647862e-17
-3.227049887310647862e-17
-3.227049887310647862e-17
-3.227049887310647862e-17
-3.227049887310648478e-17
-3.227049887310648478e-17
-3.227049887310648478e-17
-3.227049887310648478e-17
-3.227049887310648478e-17
-3.227049887310648478e-17
-3.227049887310648478e-17
-3.227049887310648478e-17
-3.227049887310648478e-17
-3.227049887310648478e-17
-3.227049887310648478e-17
-3.227049887310648478e-17
-3.227049887310648478e-17
-3.227049887310648478e-17
-3.227049887310648478e-17
-3.227049887310648478e-17
-3.227049887310648478e-17
-3.227049887310648478e-17
-3.227049887310648478e-17
-3.227049887310648478e-17
-3.227049887310648478e-17
-3.227049887310648478e-17
-3.227049887310648478e-17
-3.227049887310648478e-17
-3.227049887310648478e-17
-3.227049887310648478e-17
-3.227049887310648478e-17
-3.227049887310648478e-17
-3.227049887310648478e-17
-3.227049887310648478e-17
-3.227049887310648478e-17
-3.227049887310648478e-17
-3.227049887310648478e-17
-3.227049887310648478e-17
-3.227049887310648478e-17
-3.227049887310648478e-17
-3.227049887310648478e-17
-3.227049887310648478e-17
-3.227049887310648478e-17
-3.227049887310648478e-17
-3.227049887310648478e-17
-3.227049887310648478e-17
-3.227049887310648478e-17
-3.227049887310648478e-17
-3.227049887310648478e-17
-3.227049887310648478e-17
-3.227049887310648478e-17
-3.227049887310648478e-17
-3.227049887310648478e-17
-3.227049887310649094e-17
-3.227049887310649094e-17
-3.227049887310649094e-17
-3.227049887310649094e-17
-3.227049887310649094e-17
-3.227049887310649094e-17
-3.227049887310649094e-17
-3.227049887310649094e-17
-3.227049887310649094e-17
-3.227049887310649094e-17
-3.227049887310649094e-17
-3.227049887310649710e-17
-3.227049887310649710e-17
-3.227049887310649710e-17
-3.227049887310649710e-17
-3.227049887310649710e-17
-3.227049887310649710e-17
-3.227049887310649710e-17
-3.227049887310649710e-17
-3.227049887310649710e-17
-3.227049887310649710e-17
-3.227049887310649710e-17
-3.227049887310649710e-17
-3.227049887310649710e-17
-3.227049887310649710e-17
-3.227049887310649710e-17
-3.227049887310649710e-17
-3.227049887310649710e-17
-3.227049887310649710e-17
-3.227049887310649710e-17
