7.523943506652530644e-01
3.264165725657779404e-01
-4.445148541982169021e-02
-4.445148541982169021e-02
-4.445148541982169021e-02
-4.445148541982169021e-02
-4.445148541982169021e-02
-4.445148541982169021e-02
-2.741204271945552051e-01
-2.741204271945552051e-01
-2.741204271945552051e-01
-2.741204271945552051e-01
-2.741204271945552051e-01
-2.741204271945552051e-01
-2.741204271945552051e-01
-2.741204271945552051e-01
-2.741204271945552051e-01
-2.741204271945552051e-01
-2.741204271945552051e-01
-4.777921196408141391e-01
-4.777921196408141391e-01
-4.777921196408141391e-01
-4.777921196408141391e-01
-4.777921196408141391e-01
-1.617741749694663334e+00
-1.617741749694663334e+00
-1.617741749694663334e+00
-1.617741749694663334e+00
-1.617741749694663334e+00
-1.617741749694663334e+00
-1.617741749694663334e+00
-1.617741749694663334e+00
-1.617741749694663334e+00
-1.617741749694663334e+00
-1.617741749694663334e+00
-1.617741749694663334e+00
-1.617741749694663334e+00
-1.617741749694663334e+00
-1.617741749694663334e+00
-1.617741749694663334e+00
-1.617741749694663334e+00
-1.617741749694663334e+00
-1.617741749694663334e+00
-1.617741749694663334e+00
-1.617741749694663334e+00
-1.617741749694663334e+00
-1.617741749694663334e+00
-1.617741749694663334e+00
-1.617741749694663334e+00
-1.617741749694663334e+00
-1.617741749694663334e+00
-1.617741749694663334e+00
-1.617741749694663334e+00
-1.617741749694663334e+00
-1.617741749694663334e+00
-1.617741749694663334e+00
-1.617741749694663334e+00
-1.617741749694663334e+00
-1.617741749694663334e+00
-1.617741749694663334e+00
-1.617741749694663334e+00
-1.617741749694663334e+00
-1.617741749694663334e+00
-1.617741749694663334e+00
-1.617741749694663334e+00
-1.617741749694663334e+00
-1.617741749694663334e+00
-1.617741749694663334e+00
-1.617741749694663334e+00
-1.617741749694663334e+00
-1.617741749694663334e+00
-1.617741749694663334e+00
-1.617741749694663334e+00
-1.617741749694663334e+00
-1.617741749694663334e+00
-1.617741749694663334e+00
-1.617741749694663334e+00
-1.617741749694663334e+00
-1.617741749694663334e+00
-1.617741749694663334e+00
-1.617741749694663334e+00
-1.617741749694663334e+00
-1.617741749694663334e+00
-1.617741749694663334e+00
-1.617741749694663334e+00
-1.617741749694663334e+00
-1.617741749694663334e+00
-1.617741749694663334e+00
-1.617741749694663334e+00
-1.617741749694663334e+00
-1.617741749694663334e+00
-1.617741749694663334e+00
-1.617741749694663334e+00
-1.617741749694663334e+00
-1.617741749694663334e+00
-1.617741749694663334e+00
-1.617741749694663334e+00
-1.617741749694663334e+00
-1.617741749694663334e+00
-1.617741749694663334e+00
-1.617741749694663334e+00
-1.617741749694663334e+00
-1.617741749694663334e+00
-1.617741749694663334e+00
-1.617741749694663334e+00
-1.617741749694663334e+00
-1.617741749694663334e+00
-1.617741749694663334e+00
-1.848589503399808542e+00
-1.851801719683535907e+00
-1.851801719683535907e+00
-1.851801719683535907e+00
-2.045469056317827494e+00
-2.045469056317827494e+00
-2.045469056317827494e+00
-2.045469056317827494e+00
-2.045469056317827494e+00
-2.045469056317827494e+00
-2.045469056317827494e+00
-2.045469056317827494e+00
-2.045469056317827494e+00
-2.045469056317827494e+00
-2.045469056317827494e+00
-2.045469056317827494e+00
-2.045469056317827494e+00
-2.045469056317827494e+00
-2.045469056317827494e+00
-2.045469056317827494e+00
-2.045469056317827494e+00
-2.045469056317827494e+00
-3.001288704927377538e+00
-3.001288704927377538e+00
-3.001288704927377538e+00
-3.001288704927377538e+00
-3.001288704927377538e+00
-3.001288704927377538e+00
-3.001288704927377538e+00
-3.001288704927377538e+00
-3.001288704927377538e+00
-3.001288704927377538e+00
-3.001288704927377538e+00
-3.001288704927377538e+00
-3.001288704927377538e+00
-3.001288704927377538e+00
-3.001288704927377538e+00
-3.001288704927377538e+00
-3.001288704927377538e+00
-3.001288704927377538e+00
-3.001288704927377538e+00
-3.001288704927377538e+00
-3.001288704927377538e+00
-3.001288704927377538e+00
-3.001288704927377538e+00
-3.001288704927377538e+00
-3.001288704927377538e+00
-3.001288704927377538e+00
-3.001288704927377538e+00
-3.001288704927377538e+00
-3.001288704927377538e+00
-3.001288704927377538e+00
-3.001288704927377538e+00
-3.001288704927377538e+00
-3.001288704927377538e+00
-3.001288704927377538e+00
-3.001288704927377538e+00
-3.001288704927377538e+00
-3.001288704927377538e+00
-3.001288704927377538e+00
-3.001288704927377538e+00
-3.001288704927377538e+00
-3.001288704927377538e+00
-3.001288704927377538e+00
-3.001288704927377538e+00
-3.001288704927377538e+00
-3.001288704927377538e+00
-3.001288704927377538e+00
-3.001288704927377538e+00
-3.001288704927377538e+00
-3.001288704927377538e+00
-3.001288704927377538e+00
-3.001288704927377538e+00
-3.001288704927377538e+00
-3.001288704927377538e+00
-3.001288704927377538e+00
-3.001288704927377538e+00
-3.001288704927377538e+00
-3.001288704927377538e+00
-3.001288704927377538e+00
-3.001288704927377538e+00
-3.001288704927377538e+00
-3.001288704927377538e+00
-3.001288704927377538e+00
-3.001288704927377538e+00
-3.001288704927377538e+00
-3.001288704927377538e+00
-3.001288704927377538e+00
-3.001288704927377538e+00
-3.001288704927377538e+00
-3.001288704927377538e+00
-3.001288704927377538e+00
-3.001288704927377538e+00
-3.001288704927377538e+00
-3.001288704927377538e+00
-3.001288704927377538e+00
-3.001288704927377538e+00
-3.001288704927377538e+00
-3.001288704927377538e+00
-3.001288704927377538e+00
-3.001288704927377538e+00
-3.001288704927377538e+00
-3.001288704927377538e+00
-3.001288704927377538e+00
-3.001288704927377538e+00
-3.001288704927377538e+00
-3.001288704927377538e+00
-3.001288704927377538e+00
-3.001288704927377538e+00
-3.001288704927377538e+00
-3.001288704927377538e+00
-3.001288704927377538e+00
-3.001288704927377538e+00
-3.001288704927377538e+00
-3.001288704927377538e+00
-3.001288704927377538e+00
-3.001288704927377538e+00
-3.001288704927377538e+00
-3.001288704927377538e+00
-3.001288704927377538e+00
-3.001288704927377538e+00
-3.001288704927377538e+00
-3.001288704927377538e+00
-3.001288704927377538e+00
-3.001288704927377538e+00
-3.001288704927377538e+00
-3.001288704927377538e+00
-3.001288704927377538e+00
-3.001288704927377538e+00
-3.001288704927377538e+00
-3.001288704927377538e+00
-3.001288704927377538e+00
-3.001288704927377538e+00
-3.001288704927377538e+00
-3.001288704927377538e+00
-3.001288704927377538e+00
-3.001288704927377538e+00
-3.001288704927377538e+00
-3.001288704927377538e+00
-3.001288704927377538e+00
-3.001288704927377538e+00
-3.001288704927377538e+00
-3.001288704927377538e+00
-3.001288704927377538e+00
-3.001288704927377538e+00
-3.001288704927377538e+00
-3.001288704927377538e+00
-3.001288704927377538e+00
-3.001288704927377538e+00
-3.001288704927377538e+00
-3.001288704927377538e+00
-3.001288704927377538e+00
-3.001288704927377538e+00
-3.001288704927377538e+00
-3.001288704927377538e+00
-3.001288704927377538e+00
-3.001288704927377538e+00
-3.001288704927377538e+00
-3.001288704927377538e+00
-3.001288704927377538e+00
-3.001288704927377538e+00
-3.001288704927377538e+00
-3.001288704927377538e+00
-3.001288704927377538e+00
-3.001288704927377538e+00
-3.001288704927377538e+00
-3.001288704927377538e+00
-3.001288704927377538e+00
-3.001288704927377538e+00
-3.001288704927377538e+00
-3.044643416377488698e+00
-3.044643416377488698e+00
-3.044643416377488698e+00
-3.044643416377488698e+00
-3.044643416377488698e+00
-3.666558656295956453e+00
-3.666558656295956453e+00
-3.666558656295956453e+00
-3.666558656295956453e+00
-3.666558656295956453e+00
-3.666558656295956453e+00
-3.666558656295956453e+00
-3.666558656295956453e+00
-3.666558656295956453e+00
-3.666558656295956453e+00
-3.666558656295956453e+00
-3.666558656295956453e+00
-3.666558656295956453e+00
-3.666558656295956453e+00
-3.666558656295956453e+00
-3.666558656295956453e+00
-3.666558656295956453e+00
-3.666558656295956453e+00
-3.666558656295956453e+00
-3.666558656295956453e+00
-3.666558656295956453e+00
-3.666558656295956453e+00
-3.666558656295956453e+00
-3.666558656295956453e+00
-3.666558656295956453e+00
-3.666558656295956453e+00
-3.666558656295956453e+00
-3.666558656295956453e+00
-3.666558656295956453e+00
-3.666558656295956453e+00
-3.666558656295956453e+00
-3.666558656295956453e+00
-3.666558656295956453e+00
-3.666558656295956453e+00
-3.666558656295956453e+00
-3.666558656295956453e+00
-3.666558656295956453e+00
-3.929056304076804729e+00
-3.929056304076804729e+00
-3.929056304076804729e+00
-3.929056304076804729e+00
-3.929056304076804729e+00
-3.929056304076804729e+00
-3.929056304076804729e+00
-3.929056304076804729e+00
-3.929056304076804729e+00
-3.929056304076804729e+00
-3.929056304076804729e+00
-3.929056304076804729e+00
-3.929056304076804729e+00
-3.929056304076804729e+00
-3.929056304076804729e+00
-3.929056304076804729e+00
-3.929056304076804729e+00
-3.929056304076804729e+00
-3.940581109930737291e+00
-3.940581109930737291e+00
-3.940581109930737291e+00
-3.940581109930737291e+00
-3.940581109930737291e+00
-3.940581109930737291e+00
-3.940581109930737291e+00
-3.940581109930737291e+00
-3.940581109930737291e+00
-3.940581109930737291e+00
-3.940581109930737291e+00
-3.940581109930737291e+00
-3.940581109930737291e+00
-5.183457920039472810e+00
-5.183457920039472810e+00
-5.183457920039472810e+00
-5.183457920039472810e+00
-5.183457920039472810e+00
-5.183457920039472810e+00
-5.183457920039472810e+00
-5.183457920039472810e+00
-5.183457920039472810e+00
-5.183457920039472810e+00
-5.183457920039472810e+00
-5.183457920039472810e+00
-5.183457920039472810e+00
-5.183457920039472810e+00
-5.183457920039472810e+00
-5.183457920039472810e+00
-5.183457920039472810e+00
-5.183457920039472810e+00
-5.183457920039472810e+00
-5.183457920039472810e+00
-5.183457920039472810e+00
-5.183457920039472810e+00
-5.183457920039472810e+00
-5.183457920039472810e+00
-5.183457920039472810e+00
-5.183457920039472810e+00
-5.183457920039472810e+00
-5.183457920039472810e+00
-5.183457920039472810e+00
-5.183457920039472810e+00
-5.183457920039472810e+00
-5.183457920039472810e+00
-5.183457920039472810e+00
-5.183457920039472810e+00
-5.183457920039472810e+00
-5.183457920039472810e+00
-5.183457920039472810e+00
-5.183457920039472810e+00
-5.183457920039472810e+00
-5.183457920039472810e+00
-5.183457920039472810e+00
-5.183457920039472810e+00
-5.183457920039472810e+00
-5.183457920039472810e+00
-5.183457920039472810e+00
-5.183457920039472810e+00
-5.183457920039472810e+00
-5.183457920039472810e+00
-5.183457920039472810e+00
-5.183457920039472810e+00
-5.183457920039472810e+00
-5.183457920039472810e+00
-5.183457920039472810e+00
-5.183457920039472810e+00
-5.183457920039472810e+00
-5.183457920039472810e+00
-5.183457920039472810e+00
-5.183457920039472810e+00
-5.183457920039472810e+00
-5.183457920039472810e+00
-5.183457920039472810e+00
-5.183457920039472810e+00
-5.183457920039472810e+00
-5.183457920039472810e+00
-5.183457920039472810e+00
-5.183457920039472810e+00
-5.183457920039472810e+00
-5.183457920039472810e+00
-5.183457920039472810e+00
-5.183457920039472810e+00
-5.183457920039472810e+00
-5.183457920039472810e+00
-5.183457920039472810e+00
-5.183457920039472810e+00
-5.183457920039472810e+00
-5.183457920039472810e+00
-5.183457920039472810e+00
-5.183457920039472810e+00
-5.183457920039472810e+00
-5.183457920039472810e+00
-5.183457920039472810e+00
-5.183457920039472810e+00
-5.183457920039472810e+00
-5.183457920039472810e+00
-5.183457920039472810e+00
-5.183457920039472810e+00
-5.183457920039472810e+00
-5.183457920039472810e+00
-5.183457920039472810e+00
-5.183457920039472810e+00
-5.183457920039472810e+00
-5.183457920039472810e+00
-5.183457920039472810e+00
-5.183457920039472810e+00
-5.183457920039472810e+00
-5.183457920039472810e+00
-5.183457920039472810e+00
-5.183457920039472810e+00
-5.183457920039472810e+00
-5.183457920039472810e+00
-5.183457920039472810e+00
-5.183457920039472810e+00
-5.183457920039472810e+00
-5.183457920039472810e+00
-5.183457920039472810e+00
-5.183457920039472810e+00
-5.183457920039472810e+00
-5.183457920039472810e+00
-5.183457920039472810e+00
-5.183457920039472810e+00
-5.183457920039472810e+00
-5.183457920039472810e+00
-5.183457920039472810e+00
-5.183457920039472810e+00
-5.183457920039472810e+00
-5.183457920039472810e+00
-5.183457920039472810e+00
-5.183457920039472810e+00
-5.183457920039472810e+00
-5.183457920039472810e+00
-5.183457920039472810e+00
-5.183457920039472810e+00
-5.183457920039472810e+00
-5.183457920039472810e+00
-5.183457920039472810e+00
-5.183457920039472810e+00
-5.183457920039472810e+00
-5.183457920039472810e+00
-5.183457920039472810e+00
-5.183457920039472810e+00
-5.183457920039472810e+00
-5.183457920039472810e+00
-5.183457920039472810e+00
-5.183457920039472810e+00
-5.183457920039472810e+00
-5.183457920039472810e+00
-5.183457920039472810e+00
-5.183457920039472810e+00
-5.183457920039472810e+00
-5.183457920039472810e+00
-5.183457920039472810e+00
-5.183457920039472810e+00
-5.183457920039472810e+00
-5.183457920039472810e+00
-5.183457920039472810e+00
-5.183457920039472810e+00
-5.183457920039472810e+00
-5.183457920039472810e+00
-5.183457920039472810e+00
-5.183457920039472810e+00
-5.183457920039472810e+00
-5.183457920039472810e+00
-5.183457920039472810e+00
-5.183457920039472810e+00
-5.183457920039472810e+00
-5.183457920039472810e+00
-5.183457920039472810e+00
-5.183457920039472810e+00
-5.183457920039472810e+00
-5.183457920039472810e+00
-5.183457920039472810e+00
-5.183457920039472810e+00
-5.183457920039472810e+00
-5.183457920039472810e+00
-5.183457920039472810e+00
-5.183457920039472810e+00
-5.183457920039472810e+00
-5.183457920039472810e+00
-5.183457920039472810e+00
-5.183457920039472810e+00
-5.183457920039472810e+00
-5.183457920039472810e+00
-5.183457920039472810e+00
-5.183457920039472810e+00
-5.183457920039472810e+00
-5.183457920039472810e+00
-5.183457920039472810e+00
-5.183457920039472810e+00
-5.183457920039472810e+00
-5.183457920039472810e+00
-5.183457920039472810e+00
-5.183457920039472810e+00
-5.183457920039472810e+00
-5.183457920039472810e+00
-5.183457920039472810e+00
-5.183457920039472810e+00
-5.183457920039472810e+00
-5.183457920039472810e+00
-5.183457920039472810e+00
-5.183457920039472810e+00
-5.183457920039472810e+00
-5.183457920039472810e+00
-5.183457920039472810e+00
-5.183457920039472810e+00
-5.183457920039472810e+00
-5.183457920039472810e+00
-5.183457920039472810e+00
-5.183457920039472810e+00
-5.183457920039472810e+00
-5.183457920039472810e+00
-5.183457920039472810e+00
-5.183457920039472810e+00
-5.183457920039472810e+00
-5.183457920039472810e+00
-5.183457920039472810e+00
-5.183457920039472810e+00
-5.183457920039472810e+00
-5.183457920039472810e+00
-5.183457920039472810e+00
-5.183457920039472810e+00
-5.183457920039472810e+00
-5.183457920039472810e+00
-5.183457920039472810e+00
-5.183457920039472810e+00
-5.183457920039472810e+00
-5.183457920039472810e+00
-5.183457920039472810e+00
-5.183457920039472810e+00
-5.183457920039472810e+00
-5.183457920039472810e+00
-5.183457920039472810e+00
-5.183457920039472810e+00
-5.183457920039472810e+00
-5.183457920039472810e+00
-5.183457920039472810e+00
-5.183457920039472810e+00
-5.183457920039472810e+00
-5.183457920039472810e+00
-5.183457920039472810e+00
-5.183457920039472810e+00
-5.183457920039472810e+00
-5.935245483769794994e+00
-5.935245483769794994e+00
-5.935245483769794994e+00
-6.456804869207203090e+00
-6.456804869207203090e+00
-6.456804869207203090e+00
-6.456804869207203090e+00
-6.456804869207203090e+00
-6.456804869207203090e+00
-6.456804869207203090e+00
-6.456804869207203090e+00
-6.456804869207203090e+00
-6.456804869207203090e+00
-6.456804869207203090e+00
-6.456804869207203090e+00
-6.456804869207203090e+00
-6.456804869207203090e+00
-6.456804869207203090e+00
-6.456804869207203090e+00
-6.456804869207203090e+00
-6.456804869207203090e+00
-6.456804869207203090e+00
-6.456804869207203090e+00
-6.456804869207203090e+00
-6.456804869207203090e+00
-6.456804869207203090e+00
-6.456804869207203090e+00
-6.456804869207203090e+00
-6.456804869207203090e+00
-6.456804869207203090e+00
-6.456804869207203090e+00
-6.456804869207203090e+00
-6.456804869207203090e+00
-6.456804869207203090e+00
-6.456804869207203090e+00
-6.456804869207203090e+00
-6.456804869207203090e+00
-6.456804869207203090e+00
-6.456804869207203090e+00
-6.456804869207203090e+00
-6.456804869207203090e+00
-6.456804869207203090e+00
-6.456804869207203090e+00
-6.456804869207203090e+00
-6.456804869207203090e+00
-6.456804869207203090e+00
-6.456804869207203090e+00
-6.456804869207203090e+00
-6.456804869207203090e+00
-6.456804869207203090e+00
-6.456804869207203090e+00
-6.456804869207203090e+00
-6.456804869207203090e+00
-6.456804869207203090e+00
-6.456804869207203090e+00
-6.456804869207203090e+00
-6.456804869207203090e+00
-6.456804869207203090e+00
-6.456804869207203090e+00
-6.456804869207203090e+00
-6.456804869207203090e+00
-6.456804869207203090e+00
-6.456804869207203090e+00
-6.456804869207203090e+00
-6.456804869207203090e+00
-6.456804869207203090e+00
-6.456804869207203090e+00
-6.456804869207203090e+00
-6.456804869207203090e+00
-6.456804869207203090e+00
-6.456804869207203090e+00
-6.456804869207203090e+00
-6.456804869207203090e+00
-6.456804869207203090e+00
-6.456804869207203090e+00
-6.456804869207203090e+00
-6.456804869207203090e+00
-6.456804869207203090e+00
-6.456804869207203090e+00
-6.456804869207203090e+00
-6.456804869207203090e+00
-6.456804869207203090e+00
-6.456804869207203090e+00
-6.456804869207203090e+00
-6.456804869207203090e+00
-6.456804869207203090e+00
-6.456804869207203090e+00
-6.456804869207203090e+00
-6.456804869207203090e+00
-6.456804869207203090e+00
-6.456804869207203090e+00
-6.456804869207203090e+00
-6.456804869207203090e+00
-6.456804869207203090e+00
-6.456804869207203090e+00
-6.456804869207203090e+00
-6.874187508486896192e+00
-6.874187508486896192e+00
-6.874187508486896192e+00
-6.874187508486896192e+00
-6.874187508486896192e+00
-6.874187508486896192e+00
-6.874187508486896192e+00
-6.874187508486896192e+00
-6.874187508486896192e+00
-6.874187508486896192e+00
-6.874187508486896192e+00
-6.874187508486896192e+00
-6.874187508486896192e+00
-6.874187508486896192e+00
-6.874187508486896192e+00
-6.874187508486896192e+00
-6.874187508486896192e+00
-6.874187508486896192e+00
-6.874187508486896192e+00
-6.933207811548889765e+00
-6.933207811548889765e+00
-6.933207811548889765e+00
-6.933207811548889765e+00
-6.933207811548889765e+00
-6.933207811548889765e+00
-6.933207811548889765e+00
-6.933207811548889765e+00
-6.933207811548889765e+00
-6.933207811548889765e+00
-6.933207811548889765e+00
-6.933207811548889765e+00
-6.933207811548889765e+00
-6.933207811548889765e+00
-6.933207811548889765e+00
-6.933207811548889765e+00
-6.933207811548889765e+00
-6.933207811548889765e+00
-6.933207811548889765e+00
-6.933207811548889765e+00
-6.933207811548889765e+00
-6.933207811548889765e+00
-6.933207811548889765e+00
-6.958700960204643238e+00
-6.958700960204643238e+00
-6.958700960204643238e+00
-6.958700960204643238e+00
-6.958700960204643238e+00
-6.958700960204643238e+00
-6.958700960204643238e+00
-6.958700960204643238e+00
-6.958700960204643238e+00
-6.958700960204643238e+00
-6.958700960204643238e+00
-6.958700960204643238e+00
-6.958700960204643238e+00
-6.958700960204643238e+00
-6.958700960204643238e+00
-6.958700960204643238e+00
-6.958700960204643238e+00
-6.958700960204643238e+00
-6.958700960204643238e+00
-6.958700960204643238e+00
-6.958700960204643238e+00
-6.958700960204643238e+00
-6.958700960204643238e+00
-6.958700960204643238e+00
-6.958700960204643238e+00
-6.958700960204643238e+00
-6.958700960204643238e+00
-6.958700960204643238e+00
-6.958700960204643238e+00
-6.958700960204643238e+00
-6.958700960204643238e+00
-6.958700960204643238e+00
-6.958700960204643238e+00
-6.958700960204643238e+00
-6.958700960204643238e+00
-6.958700960204643238e+00
-6.958700960204643238e+00
-6.958700960204643238e+00
-6.958700960204643238e+00
-6.958700960204643238e+00
-6.958700960204643238e+00
-6.958700960204643238e+00
-6.958700960204643238e+00
-6.958700960204643238e+00
-6.958700960204643238e+00
-6.958700960204643238e+00
-6.958700960204643238e+00
-6.958700960204643238e+00
-6.958700960204643238e+00
-6.958700960204643238e+00
-6.958700960204643238e+00
-6.958700960204643238e+00
-6.958700960204643238e+00
-6.958700960204643238e+00
-6.958700960204643238e+00
-6.958700960204643238e+00
-6.958700960204643238e+00
-6.958700960204643238e+00
-6.958700960204643238e+00
-6.958700960204643238e+00
-6.958700960204643238e+00
-6.958700960204643238e+00
-6.958700960204643238e+00
-6.958700960204643238e+00
-6.958700960204643238e+00
-6.958700960204643238e+00
-6.958700960204643238e+00
-6.958700960204643238e+00
-6.958700960204643238e+00
-6.958700960204643238e+00
-6.958700960204643238e+00
-6.958700960204643238e+00
-6.958700960204643238e+00
-6.958700960204643238e+00
-6.958700960204643238e+00
-6.958700960204643238e+00
-6.958700960204643238e+00
-6.958700960204643238e+00
-6.958700960204643238e+00
-6.958700960204643238e+00
-6.958700960204643238e+00
-6.958700960204643238e+00
-6.958700960204643238e+00
-6.958700960204643238e+00
-6.958700960204643238e+00
-6.958700960204643238e+00
-6.958700960204643238e+00
-6.958700960204643238e+00
-6.958700960204643238e+00
-6.958700960204643238e+00
-6.958700960204643238e+00
-6.958700960204643238e+00
-6.958700960204643238e+00
-6.958700960204643238e+00
-6.958700960204643238e+00
-6.958700960204643238e+00
-6.958700960204643238e+00
-6.958700960204643238e+00
-6.958700960204643238e+00
-6.958700960204643238e+00
-6.958700960204643238e+00
-6.958700960204643238e+00
-6.958700960204643238e+00
-6.958700960204643238e+00
-6.958700960204643238e+00
-6.958700960204643238e+00
-6.958700960204643238e+00
-6.958700960204643238e+00
-6.958700960204643238e+00
-6.958700960204643238e+00
-6.958700960204643238e+00
-6.958700960204643238e+00
-6.958700960204643238e+00
-6.958700960204643238e+00
-6.958700960204643238e+00
-6.958700960204643238e+00
-6.958700960204643238e+00
-6.958700960204643238e+00
-6.958700960204643238e+00
-6.958700960204643238e+00
-6.958700960204643238e+00
-6.958700960204643238e+00
-6.958700960204643238e+00
-6.958700960204643238e+00
-6.958700960204643238e+00
-6.958700960204643238e+00
-6.958700960204643238e+00
-6.958700960204643238e+00
-6.958700960204643238e+00
-6.958700960204643238e+00
-6.958700960204643238e+00
-6.958700960204643238e+00
-6.958700960204643238e+00
-7.852465233780524301e+00
-7.852465233780524301e+00
-7.852465233780524301e+00
-7.852465233780524301e+00
-7.852465233780524301e+00
-7.852465233780524301e+00
-7.852465233780524301e+00
-7.852465233780524301e+00
-7.852465233780524301e+00
-7.852465233780524301e+00
-7.852465233780524301e+00
-7.852465233780524301e+00
-7.852465233780524301e+00
-7.852465233780524301e+00
-7.852465233780524301e+00
-7.852465233780524301e+00
-7.852465233780524301e+00
-7.852465233780524301e+00
-7.852465233780524301e+00
-7.852465233780524301e+00
-7.852465233780524301e+00
-7.852465233780524301e+00
-7.852465233780524301e+00
-7.852465233780524301e+00
-7.852465233780524301e+00
-8.836446268946666294e+00
-8.836446268946666294e+00
-8.836446268946666294e+00
-8.836446268946666294e+00
-8.836446268946666294e+00
-8.836446268946666294e+00
-8.836446268946666294e+00
-8.836446268946666294e+00
-8.836446268946666294e+00
-8.836446268946666294e+00
-8.909129914940459471e+00
-8.909129914940459471e+00
-8.909129914940459471e+00
-8.909129914940459471e+00
-8.909129914940459471e+00
-8.909129914940459471e+00
-8.909129914940459471e+00
-8.909129914940459471e+00
-8.909129914940459471e+00
-8.909129914940459471e+00
-8.909129914940459471e+00
-8.909129914940459471e+00
-8.909129914940459471e+00
-8.909129914940459471e+00
-8.909129914940459471e+00
-8.909129914940459471e+00
-8.909129914940459471e+00
-8.909129914940459471e+00
-8.909129914940459471e+00
-8.909129914940459471e+00
-8.909129914940459471e+00
-8.909129914940459471e+00
-8.909129914940459471e+00
-8.909129914940459471e+00
-8.909129914940459471e+00
-8.909129914940459471e+00
-8.909129914940459471e+00
-8.909129914940459471e+00
-8.909129914940459471e+00
-8.909129914940459471e+00
-8.909129914940459471e+00
-8.909129914940459471e+00
-8.909129914940459471e+00
-8.909129914940459471e+00
-8.909129914940459471e+00
-8.909129914940459471e+00
-8.909129914940459471e+00
-8.909129914940459471e+00
-8.909129914940459471e+00
-8.909129914940459471e+00
-8.909129914940459471e+00
-8.909129914940459471e+00
-8.909129914940459471e+00
-8.909129914940459471e+00
-8.909129914940459471e+00
-8.909129914940459471e+00
-8.909129914940459471e+00
-8.909129914940459471e+00
-8.909129914940459471e+00
-8.909129914940459471e+00
-8.909129914940459471e+00
-8.909129914940459471e+00
-8.909129914940459471e+00
-8.909129914940459471e+00
-8.909129914940459471e+00
-8.909129914940459471e+00
-8.909129914940459471e+00
-8.909129914940459471e+00
-8.909129914940459471e+00
-8.909129914940459471e+00
-8.909129914940459471e+00
-8.909129914940459471e+00
-8.909129914940459471e+00
-8.909129914940459471e+00
-8.909129914940459471e+00
-8.909129914940459471e+00
-8.909129914940459471e+00
-8.909129914940459471e+00
-8.909129914940459471e+00
-8.909129914940459471e+00
-8.909129914940459471e+00
-8.909129914940459471e+00
-8.909129914940459471e+00
-8.909129914940459471e+00
-8.909129914940459471e+00
-8.909129914940459471e+00
-8.909129914940459471e+00
-8.909129914940459471e+00
-8.909129914940459471e+00
-8.909129914940459471e+00
-8.909129914940459471e+00
-8.909129914940459471e+00
-8.909129914940459471e+00
-8.909129914940459471e+00
-8.909129914940459471e+00
-8.909129914940459471e+00
-8.909129914940459471e+00
-8.909129914940459471e+00
-8.909129914940459471e+00
-8.909129914940459471e+00
-8.909129914940459471e+00
-8.909129914940459471e+00
-8.909129914940459471e+00
-8.909129914940459471e+00
-8.909129914940459471e+00
-8.909129914940459471e+00
-8.909129914940459471e+00
-8.909129914940459471e+00
-8.909129914940459471e+00
-8.909129914940459471e+00
-8.909129914940459471e+00
-8.909129914940459471e+00
-8.909129914940459471e+00
-8.909129914940459471e+00
-8.909129914940459471e+00
-8.909129914940459471e+00
-8.909129914940459471e+00
-8.909129914940459471e+00
-8.954243153134161304e+00
-8.954243153134161304e+00
-8.954243153134161304e+00
-8.954243153134161304e+00
-8.954243153134161304e+00
-8.954243153134161304e+00
-8.954243153134161304e+00
-8.954243153134161304e+00
-8.954243153134161304e+00
-8.954243153134161304e+00
-8.954243153134161304e+00
-8.954243153134161304e+00
-8.954243153134161304e+00
-8.954243153134161304e+00
-8.954243153134161304e+00
-8.954243153134161304e+00
-8.954243153134161304e+00
-8.954243153134161304e+00
-8.954243153134161304e+00
-8.954243153134161304e+00
-8.954243153134161304e+00
-8.954243153134161304e+00
-8.954243153134161304e+00
-8.954243153134161304e+00
-8.954243153134161304e+00
-8.954243153134161304e+00
-8.954243153134161304e+00
-8.954243153134161304e+00
-8.954243153134161304e+00
-8.954243153134161304e+00
-8.954243153134161304e+00
-8.954243153134161304e+00
-9.797859523806096149e+00
-9.797859523806096149e+00
-9.797859523806096149e+00
-9.797859523806096149e+00
-9.797859523806096149e+00
-9.797859523806096149e+00
-9.797859523806096149e+00
-9.797859523806096149e+00
-9.797859523806096149e+00
-9.797859523806096149e+00
-9.797859523806096149e+00
-9.797859523806096149e+00
-9.797859523806096149e+00
-9.797859523806096149e+00
-9.797859523806096149e+00
-9.797859523806096149e+00
-9.797859523806096149e+00
-9.797859523806096149e+00
-9.797859523806096149e+00
-9.797859523806096149e+00
-9.797859523806096149e+00
-9.797859523806096149e+00
-9.797859523806096149e+00
-9.797859523806096149e+00
-9.797859523806096149e+00
-9.797859523806096149e+00
-9.797859523806096149e+00
-9.797859523806096149e+00
-9.797859523806096149e+00
-9.797859523806096149e+00
-9.840502800444273390e+00
-9.840502800444273390e+00
-9.840502800444273390e+00
-9.840502800444273390e+00
-9.840502800444273390e+00
-9.840502800444273390e+00
-9.840502800444273390e+00
-9.840502800444273390e+00
-9.840502800444273390e+00
-9.840502800444273390e+00
-9.859682232655199385e+00
-9.940130750438617824e+00
-9.940130750438617824e+00
-9.940130750438617824e+00
-9.940130750438617824e+00
-9.940130750438617824e+00
-9.940130750438617824e+00
-9.940130750438617824e+00
-9.943961545495348275e+00
-9.943961545495348275e+00
-9.943961545495348275e+00
-9.943961545495348275e+00
-9.943961545495348275e+00
-9.943961545495348275e+00
-9.943961545495348275e+00
-9.943961545495348275e+00
-9.943961545495348275e+00
-9.943961545495348275e+00
-9.943961545495348275e+00
-9.943961545495348275e+00
-9.957066650531988472e+00
-9.957066650531988472e+00
-9.957066650531988472e+00
-9.957066650531988472e+00
-9.957066650531988472e+00
-9.957066650531988472e+00
-9.957066650531988472e+00
-9.957066650531988472e+00
-9.957066650531988472e+00
-9.957066650531988472e+00
-9.957066650531988472e+00
-9.957066650531988472e+00
-9.957066650531988472e+00
-9.957066650531988472e+00
-1.000341261560794770e+01
-1.000341261560794770e+01
-1.000341261560794770e+01
-1.000341261560794770e+01
-1.000341261560794770e+01
-1.000341261560794770e+01
-1.000341261560794770e+01
-1.000341261560794770e+01
-1.000341261560794770e+01
-1.000341261560794770e+01
-1.000341261560794770e+01
-1.000341261560794770e+01
-1.000341261560794770e+01
-1.000341261560794770e+01
-1.000341261560794770e+01
-1.000341261560794770e+01
-1.000341261560794770e+01
-1.000341261560794770e+01
-1.000341261560794770e+01
-1.000341261560794770e+01
-1.000341261560794770e+01
-1.000341261560794770e+01
-1.000341261560794770e+01
-1.000341261560794770e+01
-1.000341261560794770e+01
-1.000341261560794770e+01
-1.000341261560794770e+01
-1.000341261560794770e+01
-1.000341261560794770e+01
-1.000341261560794770e+01
-1.000341261560794770e+01
-1.000341261560794770e+01
-1.000341261560794770e+01
-1.000341261560794770e+01
-1.000341261560794770e+01
-1.000341261560794770e+01
-1.000341261560794770e+01
-1.000341261560794770e+01
-1.000341261560794770e+01
-1.000341261560794770e+01
-1.000341261560794770e+01
-1.000341261560794770e+01
-1.000341261560794770e+01
-1.000341261560794770e+01
-1.000341261560794770e+01
-1.000341261560794770e+01
-1.000341261560794770e+01
-1.000341261560794770e+01
-1.000341261560794770e+01
-1.000341261560794770e+01
-1.000341261560794770e+01
-1.000341261560794770e+01
-1.000341261560794770e+01
-1.000341261560794770e+01
-1.000341261560794770e+01
-1.000341261560794770e+01
-1.000341261560794770e+01
-1.000341261560794770e+01
-1.000341261560794770e+01
-1.000341261560794770e+01
-1.000341261560794770e+01
-1.000341261560794770e+01
-1.000341261560794770e+01
-1.000341261560794770e+01
-1.000341261560794770e+01
-1.000341261560794770e+01
-1.000341261560794770e+01
-1.000341261560794770e+01
-1.000341261560794770e+01
-1.000341261560794770e+01
-1.000341261560794770e+01
-1.000341261560794770e+01
-1.000341261560794770e+01
-1.000341261560794770e+01
-1.000341261560794770e+01
-1.000341261560794770e+01
-1.000341261560794770e+01
-1.003625074856451427e+01
-1.003625074856451427e+01
-1.003625074856451427e+01
-1.003625074856451427e+01
-1.003625074856451427e+01
-1.003625074856451427e+01
-1.004662537216136009e+01
-1.004662537216136009e+01
-1.004662537216136009e+01
-1.004662537216136009e+01
-1.004662537216136009e+01
-1.004662537216136009e+01
-1.004662537216136009e+01
-1.004662537216136009e+01
-1.004662537216136009e+01
-1.004662537216136009e+01
-1.004662537216136009e+01
-1.004662537216136009e+01
-1.004662537216136009e+01
-1.004662537216136009e+01
-1.004662537216136009e+01
-1.004662537216136009e+01
-1.004662537216136009e+01
-1.006021331947615671e+01
-1.006021331947615671e+01
-1.006021331947615671e+01
-1.006021331947615671e+01
-1.006021331947615671e+01
-1.006021331947615671e+01
-1.006021331947615671e+01
-1.006021331947615671e+01
-1.006021331947615671e+01
-1.006021331947615671e+01
-1.006021331947615671e+01
-1.006021331947615671e+01
-1.006021331947615671e+01
-1.006021331947615671e+01
-1.006021331947615671e+01
-1.006021331947615671e+01
-1.006021331947615671e+01
-1.006021331947615671e+01
-1.006021331947615671e+01
-1.006021331947615671e+01
-1.006021331947615671e+01
-1.006021331947615671e+01
-1.006021331947615671e+01
-1.006021331947615671e+01
-1.006021331947615671e+01
-1.006021331947615671e+01
-1.006021331947615671e+01
-1.006021331947615671e+01
-1.006021331947615671e+01
-1.006273080109836471e+01
-1.006273080109836471e+01
-1.006273080109836471e+01
-1.006273080109836471e+01
-1.006273080109836471e+01
-1.011026634929188006e+01
-1.011026634929188006e+01
-1.011026634929188006e+01
-1.011026634929188006e+01
-1.011026634929188006e+01
-1.011026634929188006e+01
-1.011026634929188006e+01
-1.011026634929188006e+01
-1.011026634929188006e+01
-1.011026634929188006e+01
-1.013078908567560354e+01
-1.013078908567560354e+01
-1.013078908567560354e+01
-1.013078908567560354e+01
-1.013078908567560354e+01
-1.013078908567560354e+01
-1.013078908567560354e+01
-1.013078908567560354e+01
-1.013078908567560354e+01
-1.013078908567560354e+01
-1.013078908567560354e+01
-1.013078908567560354e+01
-1.013078908567560354e+01
-1.013078908567560354e+01
-1.013078908567560354e+01
-1.013078908567560354e+01
-1.013078908567560354e+01
-1.013078908567560354e+01
-1.013078908567560354e+01
-1.013078908567560354e+01
-1.013078908567560354e+01
-1.013078908567560354e+01
-1.013078908567560354e+01
-1.014101342408850037e+01
-1.014101342408850037e+01
-1.014101342408850037e+01
-1.014101342408850037e+01
-1.014101342408850037e+01
-1.014101342408850037e+01
-1.014101342408850037e+01
-1.014101342408850037e+01
-1.014101342408850037e+01
-1.014101342408850037e+01
-1.014101342408850037e+01
-1.014164476655608738e+01
-1.014164476655608738e+01
-1.014164476655608738e+01
-1.014164476655608738e+01
-1.014164476655608738e+01
-1.014164476655608738e+01
-1.014164476655608738e+01
-1.014164476655608738e+01
-1.014164476655608738e+01
-1.014164476655608738e+01
-1.014164476655608738e+01
-1.014164476655608738e+01
-1.014164476655608738e+01
-1.014164476655608738e+01
-1.015298158544022833e+01
-1.015298158544022833e+01
-1.015298158544022833e+01
-1.015298158544022833e+01
-1.015676434321873067e+01
-1.016237918276543972e+01
-1.016237918276543972e+01
-1.016237918276543972e+01
-1.016237918276543972e+01
-1.016237918276543972e+01
-1.016237918276543972e+01
-1.016237918276543972e+01
-1.016237918276543972e+01
-1.016237918276543972e+01
-1.016237918276543972e+01
-1.016237918276543972e+01
-1.016237918276543972e+01
-1.016711047944542301e+01
-1.016711047944542301e+01
-1.016711047944542301e+01
-1.016711047944542301e+01
-1.016711047944542301e+01
-1.016711047944542301e+01
-1.016711047944542301e+01
-1.017809374641668185e+01
-1.017809374641668185e+01
-1.017809374641668185e+01
-1.017809374641668185e+01
-1.017809374641668185e+01
-1.017822439987686423e+01
-1.017822439987686423e+01
-1.017822439987686423e+01
-1.017822439987686423e+01
-1.017822439987686423e+01
-1.017822439987686423e+01
-1.017822439987686423e+01
-1.017822439987686423e+01
-1.019868637871101846e+01
-1.019868637871101846e+01
-1.019868637871101846e+01
-1.019868637871101846e+01
-1.019868637871101846e+01
-1.019868637871101846e+01
-1.019868637871101846e+01
-1.019868637871101846e+01
-1.019868637871101846e+01
-1.019868637871101846e+01
-1.019868637871101846e+01
-1.020150280908798379e+01
-1.020232656749798394e+01
-1.020232656749798394e+01
-1.020232656749798394e+01
-1.020445582582846811e+01
-1.021256538958787274e+01
-1.021256538958787274e+01
-1.021256538958787274e+01
-1.021256538958787274e+01
-1.022640347551739026e+01
-1.022640347551739026e+01
-1.022640347551739026e+01
-1.023656721458574559e+01
-1.023656721458574559e+01
-1.024823792915698029e+01
-1.024823792915698029e+01
-1.024823792915698029e+01
-1.024823792915698029e+01
-1.024823792915698029e+01
-1.024823792915698029e+01
-1.024823792915698029e+01
-1.024823792915698029e+01
-1.026311679192398607e+01
-1.026311679192398607e+01
-1.026311679192398607e+01
-1.026311679192398607e+01
-1.026311679192398607e+01
-1.026311679192398607e+01
-1.026311679192398607e+01
-1.026311679192398607e+01
-1.026311679192398607e+01
-1.026311679192398607e+01
-1.026311679192398607e+01
-1.026311679192398607e+01
-1.026311679192398607e+01
-1.026311679192398607e+01
-1.026311679192398607e+01
-1.026311679192398607e+01
-1.026311679192398607e+01
-1.026311679192398607e+01
-1.026311679192398607e+01
-1.026311679192398607e+01
-1.026311679192398607e+01
-1.026311679192398607e+01
-1.026311679192398607e+01
-1.026311679192398607e+01
