5.055261337219545403e-01
5.055261337219545403e-01
5.055261337219545403e-01
4.332654790747509921e-01
4.332654790747509921e-01
4.332654790747509921e-01
4.332654790747509921e-01
4.332654790747509921e-01
-7.327037008309433830e-01
-7.327037008309433830e-01
-7.327037008309433830e-01
-7.327037008309433830e-01
-7.327037008309433830e-01
-1.098289704764890740e+00
-1.098289704764890740e+00
-1.098289704764890740e+00
-1.098289704764890740e+00
-1.098289704764890740e+00
-1.098289704764890740e+00
-1.098289704764890740e+00
-1.098289704764890740e+00
-1.098289704764890740e+00
-1.098289704764890740e+00
-1.098289704764890740e+00
-1.098289704764890740e+00
-1.098289704764890740e+00
-1.098289704764890740e+00
-1.098289704764890740e+00
-1.098289704764890740e+00
-1.098289704764890740e+00
-1.098289704764890740e+00
-1.098289704764890740e+00
-1.098289704764890740e+00
-1.098289704764890740e+00
-1.098289704764890740e+00
-1.098289704764890740e+00
-1.098289704764890740e+00
-1.425514022587892171e+00
-1.425514022587892171e+00
-1.425514022587892171e+00
-1.425514022587892171e+00
-1.425514022587892171e+00
-1.425514022587892171e+00
-1.425514022587892171e+00
-1.425514022587892171e+00
-1.425514022587892171e+00
-1.425514022587892171e+00
-1.425514022587892171e+00
-1.425514022587892171e+00
-1.425514022587892171e+00
-1.425514022587892171e+00
-1.425514022587892171e+00
-1.425514022587892171e+00
-1.425514022587892171e+00
-1.425514022587892171e+00
-1.425514022587892171e+00
-1.425514022587892171e+00
-1.425514022587892171e+00
-1.425514022587892171e+00
-1.425514022587892171e+00
-1.425514022587892171e+00
-1.425514022587892171e+00
-1.425514022587892171e+00
-1.425514022587892171e+00
-1.425514022587892171e+00
-1.425514022587892171e+00
-1.425514022587892171e+00
-1.425514022587892171e+00
-1.425514022587892171e+00
-1.425514022587892171e+00
-1.425514022587892171e+00
-1.425514022587892171e+00
-1.425514022587892171e+00
-1.425514022587892171e+00
-1.425514022587892171e+00
-1.425514022587892171e+00
-1.425514022587892171e+00
-1.425514022587892171e+00
-1.425514022587892171e+00
-1.425514022587892171e+00
-1.425514022587892171e+00
-1.425514022587892171e+00
-1.425514022587892171e+00
-1.425514022587892171e+00
-1.425514022587892171e+00
-1.425514022587892171e+00
-1.425514022587892171e+00
-1.425514022587892171e+00
-1.425514022587892171e+00
-1.425514022587892171e+00
-1.425514022587892171e+00
-1.425514022587892171e+00
-1.425514022587892171e+00
-1.425514022587892171e+00
-1.790591794448149088e+00
-1.790591794448149088e+00
-1.790591794448149088e+00
-1.790591794448149088e+00
-1.790591794448149088e+00
-1.790591794448149088e+00
-1.790591794448149088e+00
-1.819204666710786178e+00
-1.819204666710786178e+00
-1.819204666710786178e+00
-1.819204666710786178e+00
-1.819204666710786178e+00
-1.819204666710786178e+00
-1.819204666710786178e+00
-1.819204666710786178e+00
-1.819204666710786178e+00
-1.819204666710786178e+00
-1.819204666710786178e+00
-1.819204666710786178e+00
-1.819204666710786178e+00
-1.819204666710786178e+00
-1.819204666710786178e+00
-1.819204666710786178e+00
-1.819204666710786178e+00
-1.819204666710786178e+00
-1.819204666710786178e+00
-1.819204666710786178e+00
-1.819204666710786178e+00
-1.819204666710786178e+00
-1.819204666710786178e+00
-1.819204666710786178e+00
-2.129034968548781492e+00
-2.129034968548781492e+00
-2.129034968548781492e+00
-2.194531081711836862e+00
-2.194531081711836862e+00
-2.194531081711836862e+00
-2.194531081711836862e+00
-2.194531081711836862e+00
-2.194531081711836862e+00
-2.194531081711836862e+00
-2.194531081711836862e+00
-2.194531081711836862e+00
-2.194531081711836862e+00
-2.265150138965957183e+00
-2.265150138965957183e+00
-2.265150138965957183e+00
-2.265150138965957183e+00
-2.265150138965957183e+00
-2.265150138965957183e+00
-2.265150138965957183e+00
-2.265150138965957183e+00
-2.265150138965957183e+00
-2.265150138965957183e+00
-2.265150138965957183e+00
-2.265150138965957183e+00
-2.265150138965957183e+00
-2.265150138965957183e+00
-2.265150138965957183e+00
-2.265150138965957183e+00
-2.265150138965957183e+00
-2.265150138965957183e+00
-2.265150138965957183e+00
-2.265150138965957183e+00
-2.265150138965957183e+00
-2.265150138965957183e+00
-2.265150138965957183e+00
-2.265150138965957183e+00
-2.265150138965957183e+00
-2.265150138965957183e+00
-2.265150138965957183e+00
-2.265150138965957183e+00
-2.265150138965957183e+00
-2.265150138965957183e+00
-2.265150138965957183e+00
-2.265150138965957183e+00
-2.265150138965957183e+00
-2.265150138965957183e+00
-2.265150138965957183e+00
-2.265150138965957183e+00
-2.265150138965957183e+00
-2.265150138965957183e+00
-2.265150138965957183e+00
-2.265150138965957183e+00
-2.265150138965957183e+00
-2.265150138965957183e+00
-2.265150138965957183e+00
-2.265150138965957183e+00
-2.265150138965957183e+00
-2.265150138965957183e+00
-2.265150138965957183e+00
-2.265150138965957183e+00
-2.265150138965957183e+00
-2.904558383030773072e+00
-3.212461008751947844e+00
-3.212461008751947844e+00
-3.212461008751947844e+00
-3.212461008751947844e+00
-3.212461008751947844e+00
-3.212461008751947844e+00
-3.212461008751947844e+00
-3.212461008751947844e+00
-3.212461008751947844e+00
-3.212461008751947844e+00
-3.212461008751947844e+00
-3.212461008751947844e+00
-3.212461008751947844e+00
-3.212461008751947844e+00
-3.212461008751947844e+00
-3.212461008751947844e+00
-3.212461008751947844e+00
-3.342678874587127424e+00
-3.342678874587127424e+00
-3.342678874587127424e+00
-3.342678874587127424e+00
-3.342678874587127424e+00
-3.342678874587127424e+00
-3.342678874587127424e+00
-3.342678874587127424e+00
-3.342678874587127424e+00
-3.342678874587127424e+00
-3.342678874587127424e+00
-3.342678874587127424e+00
-3.342678874587127424e+00
-3.342678874587127424e+00
-3.342678874587127424e+00
-3.342678874587127424e+00
-3.342678874587127424e+00
-3.342678874587127424e+00
-3.342678874587127424e+00
-3.342678874587127424e+00
-3.342678874587127424e+00
-3.342678874587127424e+00
-3.342678874587127424e+00
-3.342678874587127424e+00
-3.342678874587127424e+00
-3.342678874587127424e+00
-3.342678874587127424e+00
-3.342678874587127424e+00
-3.342678874587127424e+00
-3.342678874587127424e+00
-3.342678874587127424e+00
-3.342678874587127424e+00
-3.342678874587127424e+00
-3.342678874587127424e+00
-3.342678874587127424e+00
-3.342678874587127424e+00
-3.342678874587127424e+00
-3.342678874587127424e+00
-3.342678874587127424e+00
-3.342678874587127424e+00
-3.342678874587127424e+00
-3.342678874587127424e+00
-3.342678874587127424e+00
-3.342678874587127424e+00
-3.342678874587127424e+00
-3.342678874587127424e+00
-3.342678874587127424e+00
-3.342678874587127424e+00
-3.342678874587127424e+00
-3.342678874587127424e+00
-3.828728267000785834e+00
-3.828728267000785834e+00
-3.828728267000785834e+00
-3.828728267000785834e+00
-3.828728267000785834e+00
-3.828728267000785834e+00
-3.828728267000785834e+00
-3.828728267000785834e+00
-3.828728267000785834e+00
-3.828728267000785834e+00
-3.828728267000785834e+00
-3.828728267000785834e+00
-3.828728267000785834e+00
-3.828728267000785834e+00
-3.828728267000785834e+00
-3.828728267000785834e+00
-3.828728267000785834e+00
-3.828728267000785834e+00
-3.828728267000785834e+00
-3.828728267000785834e+00
-5.076349598340225810e+00
-5.076349598340225810e+00
-5.076349598340225810e+00
-5.076349598340225810e+00
-5.076349598340225810e+00
-5.076349598340225810e+00
-5.076349598340225810e+00
-5.076349598340225810e+00
-5.076349598340225810e+00
-5.076349598340225810e+00
-5.076349598340225810e+00
-5.076349598340225810e+00
-5.076349598340225810e+00
-5.076349598340225810e+00
-5.076349598340225810e+00
-5.076349598340225810e+00
-5.076349598340225810e+00
-5.076349598340225810e+00
-5.076349598340225810e+00
-5.076349598340225810e+00
-5.076349598340225810e+00
-5.076349598340225810e+00
-5.076349598340225810e+00
-5.076349598340225810e+00
-5.076349598340225810e+00
-5.076349598340225810e+00
-5.076349598340225810e+00
-5.076349598340225810e+00
-5.076349598340225810e+00
-5.076349598340225810e+00
-5.076349598340225810e+00
-5.076349598340225810e+00
-5.076349598340225810e+00
-5.076349598340225810e+00
-5.076349598340225810e+00
-5.076349598340225810e+00
-5.076349598340225810e+00
-5.076349598340225810e+00
-5.076349598340225810e+00
-5.076349598340225810e+00
-5.076349598340225810e+00
-5.076349598340225810e+00
-5.076349598340225810e+00
-5.076349598340225810e+00
-5.076349598340225810e+00
-5.076349598340225810e+00
-5.076349598340225810e+00
-5.076349598340225810e+00
-5.076349598340225810e+00
-5.076349598340225810e+00
-5.076349598340225810e+00
-5.076349598340225810e+00
-5.076349598340225810e+00
-5.076349598340225810e+00
-5.076349598340225810e+00
-5.076349598340225810e+00
-5.076349598340225810e+00
-5.076349598340225810e+00
-5.076349598340225810e+00
-5.076349598340225810e+00
-5.076349598340225810e+00
-5.076349598340225810e+00
-5.620194026596733394e+00
-5.620194026596733394e+00
-5.620194026596733394e+00
-5.620194026596733394e+00
-5.620194026596733394e+00
-5.620194026596733394e+00
-5.620194026596733394e+00
-5.620194026596733394e+00
-5.620194026596733394e+00
-5.620194026596733394e+00
-5.620194026596733394e+00
-5.620194026596733394e+00
-5.620194026596733394e+00
-5.620194026596733394e+00
-5.620194026596733394e+00
-5.620194026596733394e+00
-5.620194026596733394e+00
-5.620194026596733394e+00
-5.620194026596733394e+00
-5.620194026596733394e+00
-5.620194026596733394e+00
-5.620194026596733394e+00
-5.620194026596733394e+00
-5.620194026596733394e+00
-5.620194026596733394e+00
-5.620194026596733394e+00
-5.620194026596733394e+00
-5.620194026596733394e+00
-5.620194026596733394e+00
-5.620194026596733394e+00
-5.620194026596733394e+00
-5.620194026596733394e+00
-5.620194026596733394e+00
-5.620194026596733394e+00
-5.620194026596733394e+00
-5.620194026596733394e+00
-5.620194026596733394e+00
-5.620194026596733394e+00
-5.620194026596733394e+00
-5.620194026596733394e+00
-5.620194026596733394e+00
-5.620194026596733394e+00
-5.620194026596733394e+00
-5.620194026596733394e+00
-5.620194026596733394e+00
-5.620194026596733394e+00
-5.620194026596733394e+00
-5.620194026596733394e+00
-5.620194026596733394e+00
-5.620194026596733394e+00
-5.620194026596733394e+00
-5.620194026596733394e+00
-5.620194026596733394e+00
-5.620194026596733394e+00
-5.620194026596733394e+00
-5.620194026596733394e+00
-5.620194026596733394e+00
-5.620194026596733394e+00
-5.620194026596733394e+00
-5.620194026596733394e+00
-5.620194026596733394e+00
-5.620194026596733394e+00
-5.620194026596733394e+00
-5.620194026596733394e+00
-5.620194026596733394e+00
-5.620194026596733394e+00
-5.620194026596733394e+00
-5.620194026596733394e+00
-5.620194026596733394e+00
-5.620194026596733394e+00
-5.620194026596733394e+00
-5.620194026596733394e+00
-5.620194026596733394e+00
-5.620194026596733394e+00
-5.620194026596733394e+00
-5.620194026596733394e+00
-5.620194026596733394e+00
-5.620194026596733394e+00
-5.620194026596733394e+00
-5.620194026596733394e+00
-5.620194026596733394e+00
-5.620194026596733394e+00
-5.620194026596733394e+00
-5.620194026596733394e+00
-5.620194026596733394e+00
-5.620194026596733394e+00
-5.620194026596733394e+00
-5.620194026596733394e+00
-5.620194026596733394e+00
-5.620194026596733394e+00
-5.620194026596733394e+00
-5.620194026596733394e+00
-5.620194026596733394e+00
-5.620194026596733394e+00
-5.620194026596733394e+00
-5.620194026596733394e+00
-5.620194026596733394e+00
-5.620194026596733394e+00
-5.620194026596733394e+00
-5.620194026596733394e+00
-5.620194026596733394e+00
-5.804402682034058181e+00
-5.804402682034058181e+00
-5.804402682034058181e+00
-5.804402682034058181e+00
-5.804402682034058181e+00
-5.804402682034058181e+00
-5.804402682034058181e+00
-5.804402682034058181e+00
-5.804402682034058181e+00
-5.804402682034058181e+00
-5.804402682034058181e+00
-5.804402682034058181e+00
-5.804402682034058181e+00
-5.804402682034058181e+00
-5.804402682034058181e+00
-5.804402682034058181e+00
-5.804402682034058181e+00
-5.804402682034058181e+00
-5.804402682034058181e+00
-5.804402682034058181e+00
-5.804402682034058181e+00
-5.804402682034058181e+00
-5.804402682034058181e+00
-5.804402682034058181e+00
-5.804402682034058181e+00
-5.804402682034058181e+00
-5.804402682034058181e+00
-5.804402682034058181e+00
-5.804402682034058181e+00
-5.804402682034058181e+00
-5.813398454094262036e+00
-5.813398454094262036e+00
-5.813398454094262036e+00
-5.813398454094262036e+00
-5.813398454094262036e+00
-5.813398454094262036e+00
-5.837573726045909517e+00
-5.837573726045909517e+00
-5.837573726045909517e+00
-5.837573726045909517e+00
-5.837573726045909517e+00
-5.837573726045909517e+00
-5.837573726045909517e+00
-5.837573726045909517e+00
-5.837573726045909517e+00
-5.837573726045909517e+00
-5.837573726045909517e+00
-5.837573726045909517e+00
-5.837573726045909517e+00
-5.837573726045909517e+00
-5.837573726045909517e+00
-5.837573726045909517e+00
-5.837573726045909517e+00
-5.837573726045909517e+00
-5.837573726045909517e+00
-5.837573726045909517e+00
-5.837573726045909517e+00
-5.837573726045909517e+00
-5.837573726045909517e+00
-5.837573726045909517e+00
-5.837573726045909517e+00
-5.837573726045909517e+00
-5.837573726045909517e+00
-5.837573726045909517e+00
-5.837573726045909517e+00
-5.837573726045909517e+00
-5.837573726045909517e+00
-5.837573726045909517e+00
-5.837573726045909517e+00
-5.837573726045909517e+00
-5.837573726045909517e+00
-7.005377993349348742e+00
-7.005377993349348742e+00
-7.005377993349348742e+00
-7.005377993349348742e+00
-7.005377993349348742e+00
-7.005377993349348742e+00
-7.005377993349348742e+00
-7.005377993349348742e+00
-7.005377993349348742e+00
-7.005377993349348742e+00
-7.005377993349348742e+00
-7.005377993349348742e+00
-7.005377993349348742e+00
-7.005377993349348742e+00
-7.005377993349348742e+00
-7.005377993349348742e+00
-7.005377993349348742e+00
-7.005377993349348742e+00
-7.005377993349348742e+00
-7.005377993349348742e+00
-7.005377993349348742e+00
-7.005377993349348742e+00
-7.005377993349348742e+00
-7.005377993349348742e+00
-7.005377993349348742e+00
-7.005377993349348742e+00
-7.005377993349348742e+00
-7.005377993349348742e+00
-7.005377993349348742e+00
-7.005377993349348742e+00
-7.005377993349348742e+00
-7.005377993349348742e+00
-7.005377993349348742e+00
-7.005377993349348742e+00
-7.005377993349348742e+00
-7.005377993349348742e+00
-7.005377993349348742e+00
-7.005377993349348742e+00
-7.005377993349348742e+00
-7.005377993349348742e+00
-7.005377993349348742e+00
-7.005377993349348742e+00
-7.005377993349348742e+00
-7.005377993349348742e+00
-7.005377993349348742e+00
-7.005377993349348742e+00
-7.005377993349348742e+00
-7.005377993349348742e+00
-7.005377993349348742e+00
-7.005377993349348742e+00
-7.005377993349348742e+00
-7.005377993349348742e+00
-7.005377993349348742e+00
-7.005377993349348742e+00
-7.005377993349348742e+00
-7.687498959343718852e+00
-7.687498959343718852e+00
-7.687498959343718852e+00
-7.687498959343718852e+00
-7.687498959343718852e+00
-7.687498959343718852e+00
-7.687498959343718852e+00
-7.687498959343718852e+00
-7.687498959343718852e+00
-7.687498959343718852e+00
-7.687498959343718852e+00
-7.687498959343718852e+00
-7.687498959343718852e+00
-7.687498959343718852e+00
-7.687498959343718852e+00
-7.687498959343718852e+00
-7.687498959343718852e+00
-7.687498959343718852e+00
-7.687498959343718852e+00
-7.687498959343718852e+00
-7.687498959343718852e+00
-7.687498959343718852e+00
-7.687498959343718852e+00
-7.687498959343718852e+00
-7.687498959343718852e+00
-7.687498959343718852e+00
-7.687498959343718852e+00
-7.687498959343718852e+00
-7.687498959343718852e+00
-7.687498959343718852e+00
-7.687498959343718852e+00
-7.687498959343718852e+00
-7.687498959343718852e+00
-7.687498959343718852e+00
-7.687498959343718852e+00
-7.687498959343718852e+00
-7.687498959343718852e+00
-7.687498959343718852e+00
-7.687498959343718852e+00
-7.687498959343718852e+00
-7.687498959343718852e+00
-7.687498959343718852e+00
-7.687498959343718852e+00
-7.687498959343718852e+00
-7.687498959343718852e+00
-7.687498959343718852e+00
-7.687498959343718852e+00
-7.687498959343718852e+00
-7.687498959343718852e+00
-7.687498959343718852e+00
-7.687498959343718852e+00
-7.687498959343718852e+00
-7.687498959343718852e+00
-7.687498959343718852e+00
-7.687498959343718852e+00
-7.687498959343718852e+00
-7.687498959343718852e+00
-7.687498959343718852e+00
-7.687498959343718852e+00
-7.687498959343718852e+00
-7.687498959343718852e+00
-7.687498959343718852e+00
-7.687498959343718852e+00
-7.687498959343718852e+00
-7.687498959343718852e+00
-7.687498959343718852e+00
-7.687498959343718852e+00
-7.687498959343718852e+00
-7.687498959343718852e+00
-7.687498959343718852e+00
-7.687498959343718852e+00
-7.687498959343718852e+00
-7.687498959343718852e+00
-7.687498959343718852e+00
-7.687498959343718852e+00
-7.687498959343718852e+00
-7.687498959343718852e+00
-7.687498959343718852e+00
-7.687498959343718852e+00
-7.687498959343718852e+00
-7.687498959343718852e+00
-7.687498959343718852e+00
-7.687498959343718852e+00
-7.687498959343718852e+00
-7.687498959343718852e+00
-7.687498959343718852e+00
-7.687498959343718852e+00
-7.687498959343718852e+00
-7.687498959343718852e+00
-7.687498959343718852e+00
-7.687498959343718852e+00
-7.687498959343718852e+00
-7.687498959343718852e+00
-7.687498959343718852e+00
-7.687498959343718852e+00
-7.687498959343718852e+00
-7.687498959343718852e+00
-7.687498959343718852e+00
-7.687498959343718852e+00
-7.687498959343718852e+00
-7.687498959343718852e+00
-7.687498959343718852e+00
-7.687498959343718852e+00
-7.687498959343718852e+00
-7.687498959343718852e+00
-7.687498959343718852e+00
-7.687498959343718852e+00
-7.687498959343718852e+00
-7.687498959343718852e+00
-7.687498959343718852e+00
-7.687498959343718852e+00
-7.687498959343718852e+00
-7.687498959343718852e+00
-7.687498959343718852e+00
-7.687498959343718852e+00
-7.687498959343718852e+00
-7.687498959343718852e+00
-7.687498959343718852e+00
-7.687498959343718852e+00
-7.687498959343718852e+00
-7.687498959343718852e+00
-7.687498959343718852e+00
-7.687498959343718852e+00
-7.687498959343718852e+00
-7.687498959343718852e+00
-7.687498959343718852e+00
-7.687498959343718852e+00
-7.687498959343718852e+00
-7.687498959343718852e+00
-7.687498959343718852e+00
-7.687498959343718852e+00
-7.687498959343718852e+00
-7.687498959343718852e+00
-7.687498959343718852e+00
-7.687498959343718852e+00
-7.687498959343718852e+00
-7.687498959343718852e+00
-7.687498959343718852e+00
-7.687498959343718852e+00
-7.687498959343718852e+00
-7.687498959343718852e+00
-7.687498959343718852e+00
-7.687498959343718852e+00
-7.687498959343718852e+00
-7.687498959343718852e+00
-7.687498959343718852e+00
-7.687498959343718852e+00
-7.687498959343718852e+00
-7.687498959343718852e+00
-7.687498959343718852e+00
-7.687498959343718852e+00
-7.687498959343718852e+00
-7.687498959343718852e+00
-7.687498959343718852e+00
-7.687498959343718852e+00
-7.687498959343718852e+00
-7.687498959343718852e+00
-7.687498959343718852e+00
-7.687498959343718852e+00
-7.687498959343718852e+00
-7.687498959343718852e+00
-7.687498959343718852e+00
-7.687498959343718852e+00
-7.687498959343718852e+00
-7.687498959343718852e+00
-7.687498959343718852e+00
-7.687498959343718852e+00
-7.687498959343718852e+00
-7.687498959343718852e+00
-7.687498959343718852e+00
-7.687498959343718852e+00
-7.687498959343718852e+00
-7.687498959343718852e+00
-7.687498959343718852e+00
-7.687498959343718852e+00
-7.687498959343718852e+00
-7.687498959343718852e+00
-7.687498959343718852e+00
-7.687498959343718852e+00
-7.687498959343718852e+00
-7.687498959343718852e+00
-7.687498959343718852e+00
-7.687498959343718852e+00
-7.687498959343718852e+00
-7.687498959343718852e+00
-7.687498959343718852e+00
-7.687498959343718852e+00
-7.687498959343718852e+00
-7.687498959343718852e+00
-7.687498959343718852e+00
-7.687498959343718852e+00
-7.687498959343718852e+00
-7.687498959343718852e+00
-7.687498959343718852e+00
-7.687498959343718852e+00
-7.687498959343718852e+00
-7.687498959343718852e+00
-7.687498959343718852e+00
-7.687498959343718852e+00
-7.687498959343718852e+00
-7.687498959343718852e+00
-7.687498959343718852e+00
-7.687498959343718852e+00
-7.687498959343718852e+00
-7.687498959343718852e+00
-7.687498959343718852e+00
-7.687498959343718852e+00
-7.687498959343718852e+00
-7.687498959343718852e+00
-7.687498959343718852e+00
-7.687498959343718852e+00
-7.687498959343718852e+00
-7.687498959343718852e+00
-7.687498959343718852e+00
-7.687498959343718852e+00
-7.687498959343718852e+00
-7.687498959343718852e+00
-7.687498959343718852e+00
-7.687498959343718852e+00
-7.687498959343718852e+00
-7.687498959343718852e+00
-7.687498959343718852e+00
-7.687498959343718852e+00
-7.687498959343718852e+00
-7.687498959343718852e+00
-7.687498959343718852e+00
-7.687498959343718852e+00
-7.687498959343718852e+00
-7.687498959343718852e+00
-7.687498959343718852e+00
-7.687498959343718852e+00
-7.687498959343718852e+00
-7.687498959343718852e+00
-7.687498959343718852e+00
-7.687498959343718852e+00
-7.687498959343718852e+00
-7.687498959343718852e+00
-7.687498959343718852e+00
-7.687498959343718852e+00
-7.687498959343718852e+00
-7.687498959343718852e+00
-7.687498959343718852e+00
-8.421755643170515171e+00
-8.421755643170515171e+00
-8.421755643170515171e+00
-8.421755643170515171e+00
-8.421755643170515171e+00
-8.421755643170515171e+00
-8.421755643170515171e+00
-8.421755643170515171e+00
-8.421755643170515171e+00
-8.421755643170515171e+00
-8.421755643170515171e+00
-8.421755643170515171e+00
-8.421755643170515171e+00
-8.421755643170515171e+00
-8.490809119323236231e+00
-8.490809119323236231e+00
-8.490809119323236231e+00
-8.490809119323236231e+00
-8.490809119323236231e+00
-8.490809119323236231e+00
-8.490809119323236231e+00
-8.490809119323236231e+00
-8.490809119323236231e+00
-8.490809119323236231e+00
-8.490809119323236231e+00
-8.490809119323236231e+00
-8.490809119323236231e+00
-8.490809119323236231e+00
-8.490809119323236231e+00
-8.490809119323236231e+00
-8.490809119323236231e+00
-8.490809119323236231e+00
-8.490809119323236231e+00
-8.490809119323236231e+00
-8.490809119323236231e+00
-8.490809119323236231e+00
-8.490809119323236231e+00
-8.490809119323236231e+00
-8.490809119323236231e+00
-8.490809119323236231e+00
-8.490809119323236231e+00
-8.490809119323236231e+00
-8.490809119323236231e+00
-8.490809119323236231e+00
-8.490809119323236231e+00
-8.490809119323236231e+00
-8.490809119323236231e+00
-8.490809119323236231e+00
-8.490809119323236231e+00
-8.490809119323236231e+00
-8.490809119323236231e+00
-8.490809119323236231e+00
-8.490809119323236231e+00
-8.490809119323236231e+00
-8.490809119323236231e+00
-8.490809119323236231e+00
-8.490809119323236231e+00
-8.490809119323236231e+00
-8.490809119323236231e+00
-8.490809119323236231e+00
-8.490809119323236231e+00
-8.490809119323236231e+00
-8.490809119323236231e+00
-8.490809119323236231e+00
-8.490809119323236231e+00
-8.490809119323236231e+00
-8.490809119323236231e+00
-8.490809119323236231e+00
-8.490809119323236231e+00
-8.490809119323236231e+00
-8.490809119323236231e+00
-8.490809119323236231e+00
-8.490809119323236231e+00
-8.490809119323236231e+00
-8.490809119323236231e+00
-8.490809119323236231e+00
-8.490809119323236231e+00
-8.490809119323236231e+00
-8.490809119323236231e+00
-8.490809119323236231e+00
-8.490809119323236231e+00
-8.490809119323236231e+00
-8.490809119323236231e+00
-8.490809119323236231e+00
-8.490809119323236231e+00
-8.490809119323236231e+00
-8.490809119323236231e+00
-8.490809119323236231e+00
-8.490809119323236231e+00
-8.490809119323236231e+00
-8.490809119323236231e+00
-8.490809119323236231e+00
-8.490809119323236231e+00
-8.490809119323236231e+00
-8.490809119323236231e+00
-8.490809119323236231e+00
-8.490809119323236231e+00
-8.490809119323236231e+00
-8.490809119323236231e+00
-8.490809119323236231e+00
-8.490809119323236231e+00
-8.490809119323236231e+00
-8.490809119323236231e+00
-8.490809119323236231e+00
-8.490809119323236231e+00
-8.490809119323236231e+00
-8.490809119323236231e+00
-8.490809119323236231e+00
-8.490809119323236231e+00
-8.490809119323236231e+00
-8.490809119323236231e+00
-8.490809119323236231e+00
-8.490809119323236231e+00
-8.490809119323236231e+00
-8.490809119323236231e+00
-8.490809119323236231e+00
-8.490809119323236231e+00
-9.556441875810484987e+00
-9.556441875810484987e+00
-9.556441875810484987e+00
-9.556441875810484987e+00
-9.556441875810484987e+00
-9.556441875810484987e+00
-9.556441875810484987e+00
-9.556441875810484987e+00
-9.556441875810484987e+00
-9.556441875810484987e+00
-9.556441875810484987e+00
-9.556441875810484987e+00
-9.556441875810484987e+00
-9.556441875810484987e+00
-9.556441875810484987e+00
-9.556441875810484987e+00
-9.556441875810484987e+00
-9.556441875810484987e+00
-9.556441875810484987e+00
-9.556441875810484987e+00
-9.556441875810484987e+00
-9.556441875810484987e+00
-9.556441875810484987e+00
-9.556441875810484987e+00
-9.556441875810484987e+00
-9.556441875810484987e+00
-9.556441875810484987e+00
-9.556441875810484987e+00
-9.556441875810484987e+00
-9.556441875810484987e+00
-9.556441875810484987e+00
-9.556441875810484987e+00
-9.556441875810484987e+00
-9.556441875810484987e+00
-9.556441875810484987e+00
-9.556441875810484987e+00
-9.556441875810484987e+00
-9.556441875810484987e+00
-9.556441875810484987e+00
-9.556441875810484987e+00
-9.556441875810484987e+00
-9.556441875810484987e+00
-9.556441875810484987e+00
-9.556441875810484987e+00
-9.556441875810484987e+00
-9.556441875810484987e+00
-9.556441875810484987e+00
-9.556441875810484987e+00
-9.556441875810484987e+00
-9.556441875810484987e+00
-9.556441875810484987e+00
-9.556441875810484987e+00
-9.556441875810484987e+00
-9.556441875810484987e+00
-9.556441875810484987e+00
-9.556441875810484987e+00
-9.556441875810484987e+00
-9.556441875810484987e+00
-9.556441875810484987e+00
-9.556441875810484987e+00
-9.556441875810484987e+00
-9.556441875810484987e+00
-9.556441875810484987e+00
-9.556441875810484987e+00
-9.556441875810484987e+00
-9.556441875810484987e+00
-9.556441875810484987e+00
-9.556441875810484987e+00
-9.556441875810484987e+00
-9.556441875810484987e+00
-9.556441875810484987e+00
-9.556441875810484987e+00
-9.556441875810484987e+00
-9.556441875810484987e+00
-9.556441875810484987e+00
-9.556441875810484987e+00
-9.556441875810484987e+00
-9.556441875810484987e+00
-9.556441875810484987e+00
-9.556441875810484987e+00
-9.556441875810484987e+00
-9.556441875810484987e+00
-9.556441875810484987e+00
-9.556441875810484987e+00
-9.556441875810484987e+00
-9.556441875810484987e+00
-9.556441875810484987e+00
-9.556441875810484987e+00
-9.556441875810484987e+00
-9.556441875810484987e+00
-9.556441875810484987e+00
-9.556441875810484987e+00
-9.556441875810484987e+00
-9.556441875810484987e+00
-9.556441875810484987e+00
-9.556441875810484987e+00
-9.556441875810484987e+00
-9.556441875810484987e+00
-9.556441875810484987e+00
-9.556441875810484987e+00
-9.571124663142457578e+00
-9.571124663142457578e+00
-9.571124663142457578e+00
-9.571124663142457578e+00
-9.571124663142457578e+00
-9.571124663142457578e+00
-9.571124663142457578e+00
-9.571124663142457578e+00
-9.571124663142457578e+00
-9.571124663142457578e+00
-9.594438659699715544e+00
-9.594438659699715544e+00
-9.594438659699715544e+00
-9.594438659699715544e+00
-9.594438659699715544e+00
-9.594438659699715544e+00
-9.594438659699715544e+00
-9.594438659699715544e+00
-9.594438659699715544e+00
-9.594438659699715544e+00
-9.594438659699715544e+00
-9.594438659699715544e+00
-9.594438659699715544e+00
-9.594438659699715544e+00
-9.594438659699715544e+00
-9.594438659699715544e+00
-9.594438659699715544e+00
-9.594438659699715544e+00
-9.594438659699715544e+00
-9.594438659699715544e+00
-9.594438659699715544e+00
-9.594438659699715544e+00
-9.594438659699715544e+00
-9.628669173875557874e+00
-9.628669173875557874e+00
-9.628669173875557874e+00
-9.628669173875557874e+00
-9.628669173875557874e+00
-9.628669173875557874e+00
-9.628669173875557874e+00
-9.628669173875557874e+00
-9.628669173875557874e+00
-9.628669173875557874e+00
-9.628669173875557874e+00
-9.628669173875557874e+00
-9.628669173875557874e+00
-9.628669173875557874e+00
-9.628669173875557874e+00
-9.628669173875557874e+00
-9.628669173875557874e+00
-9.628669173875557874e+00
-9.628669173875557874e+00
-9.628669173875557874e+00
-9.628669173875557874e+00
-9.628669173875557874e+00
-9.628669173875557874e+00
-9.628669173875557874e+00
-9.667121068889210633e+00
-9.667121068889210633e+00
-9.667121068889210633e+00
-9.667121068889210633e+00
-9.667121068889210633e+00
-9.667121068889210633e+00
-9.678498407515840896e+00
-9.678498407515840896e+00
-9.678498407515840896e+00
-9.678498407515840896e+00
-9.678498407515840896e+00
-9.678498407515840896e+00
-9.678498407515840896e+00
-9.678498407515840896e+00
-9.678498407515840896e+00
-9.678498407515840896e+00
-9.678498407515840896e+00
-9.678498407515840896e+00
-9.678498407515840896e+00
-9.678498407515840896e+00
-9.678498407515840896e+00
-9.678498407515840896e+00
-9.678498407515840896e+00
-9.678498407515840896e+00
-9.701245551330050176e+00
-9.701245551330050176e+00
-9.701245551330050176e+00
-9.701245551330050176e+00
-9.701245551330050176e+00
-9.701245551330050176e+00
-9.701245551330050176e+00
-9.701245551330050176e+00
-9.701245551330050176e+00
-9.701245551330050176e+00
-9.701245551330050176e+00
-9.701245551330050176e+00
-9.701245551330050176e+00
-9.701245551330050176e+00
-9.701245551330050176e+00
-9.701245551330050176e+00
-9.701245551330050176e+00
-9.701245551330050176e+00
-9.741469701684481564e+00
-9.741469701684481564e+00
-9.741469701684481564e+00
-9.741469701684481564e+00
-9.741469701684481564e+00
-9.741469701684481564e+00
-9.741469701684481564e+00
-9.777844321804328942e+00
-9.777844321804328942e+00
-9.777844321804328942e+00
-9.777844321804328942e+00
-9.777844321804328942e+00
-9.777844321804328942e+00
-9.777844321804328942e+00
-9.777844321804328942e+00
-9.777844321804328942e+00
-9.777844321804328942e+00
-9.777844321804328942e+00
-9.777844321804328942e+00
-9.806950146233813115e+00
-9.806950146233813115e+00
-9.806950146233813115e+00
-9.806950146233813115e+00
-9.806950146233813115e+00
-9.806950146233813115e+00
-9.852402844429329676e+00
-9.852402844429329676e+00
-9.852402844429329676e+00
-9.852402844429329676e+00
-9.852402844429329676e+00
-9.852402844429329676e+00
-9.852402844429329676e+00
-9.852402844429329676e+00
-9.852402844429329676e+00
-9.852402844429329676e+00
-9.852402844429329676e+00
-9.852402844429329676e+00
-9.852402844429329676e+00
-9.852402844429329676e+00
-9.852402844429329676e+00
-9.852402844429329676e+00
-9.852402844429329676e+00
-9.852402844429329676e+00
-9.852402844429329676e+00
-9.852402844429329676e+00
-9.852402844429329676e+00
-9.852402844429329676e+00
-9.852402844429329676e+00
-9.852402844429329676e+00
-9.852402844429329676e+00
-9.852402844429329676e+00
-9.852402844429329676e+00
-9.852402844429329676e+00
-9.852402844429329676e+00
-9.852402844429329676e+00
-9.852402844429329676e+00
-9.852402844429329676e+00
-9.852402844429329676e+00
-9.852402844429329676e+00
-9.852402844429329676e+00
-9.852402844429329676e+00
-9.852402844429329676e+00
-9.852402844429329676e+00
-9.852402844429329676e+00
-9.852402844429329676e+00
-9.852402844429329676e+00
-9.852402844429329676e+00
-9.852402844429329676e+00
-9.902369249229270309e+00
-9.902369249229270309e+00
-9.902369249229270309e+00
-9.902369249229270309e+00
-9.902369249229270309e+00
-9.902369249229270309e+00
-9.902369249229270309e+00
-9.902369249229270309e+00
-9.907548726526954397e+00
-9.907548726526954397e+00
-9.907548726526954397e+00
-9.907548726526954397e+00
-9.907548726526954397e+00
-9.907548726526954397e+00
-9.907548726526954397e+00
-9.907548726526954397e+00
-9.907548726526954397e+00
-9.907548726526954397e+00
-9.934191069718805167e+00
-9.934191069718805167e+00
-9.934191069718805167e+00
-9.934191069718805167e+00
-9.934191069718805167e+00
-9.934191069718805167e+00
-9.934191069718805167e+00
-9.934191069718805167e+00
-9.934191069718805167e+00
-9.934191069718805167e+00
-9.934191069718805167e+00
-9.934191069718805167e+00
-9.934191069718805167e+00
-9.934191069718805167e+00
-9.934191069718805167e+00
-9.934191069718805167e+00
-9.934191069718805167e+00
-9.934191069718805167e+00
-9.934191069718805167e+00
-9.934191069718805167e+00
-9.934191069718805167e+00
-9.934191069718805167e+00
-9.934191069718805167e+00
-9.934191069718805167e+00
-9.934191069718805167e+00
-9.934191069718805167e+00
-9.934191069718805167e+00
-9.934191069718805167e+00
-9.934191069718805167e+00
-9.934191069718805167e+00
-9.960232086353810743e+00
-9.960232086353810743e+00
-9.979539128476503151e+00
-9.979539128476503151e+00
-9.979539128476503151e+00
-9.979539128476503151e+00
-9.979539128476503151e+00
-9.979539128476503151e+00
-9.979539128476503151e+00
-9.982684282396789399e+00
-9.982684282396789399e+00
-9.982684282396789399e+00
-9.982684282396789399e+00
-9.982684282396789399e+00
-9.982684282396789399e+00
-9.982684282396789399e+00
-9.982684282396789399e+00
-9.982684282396789399e+00
-9.982684282396789399e+00
-9.988394243517889848e+00
-9.988394243517889848e+00
-9.988394243517889848e+00
-9.988394243517889848e+00
-9.988394243517889848e+00
-1.000881626172349748e+01
-1.000881626172349748e+01
-1.000881626172349748e+01
-1.000881626172349748e+01
-1.001072768733003748e+01
-1.001072768733003748e+01
-1.001072768733003748e+01
-1.001072768733003748e+01
-1.001072768733003748e+01
-1.001072768733003748e+01
-1.003275748783703492e+01
-1.003275748783703492e+01
-1.003275748783703492e+01
-1.003275748783703492e+01
-1.003275748783703492e+01
-1.003275748783703492e+01
-1.003275748783703492e+01
-1.003275748783703492e+01
-1.003375629970360983e+01
-1.003375629970360983e+01
-1.003375629970360983e+01
-1.003375629970360983e+01
-1.003375629970360983e+01
-1.003375629970360983e+01
-1.003375629970360983e+01
-1.003375629970360983e+01
-1.004074900462895670e+01
-1.004074900462895670e+01
-1.004074900462895670e+01
-1.004074900462895670e+01
-1.004074900462895670e+01
-1.004074900462895670e+01
-1.004074900462895670e+01
-1.004074900462895670e+01
-1.004074900462895670e+01
-1.004074900462895670e+01
-1.004074900462895670e+01
-1.004074900462895670e+01
-1.010702748070801071e+01
-1.010702748070801071e+01
-1.010702748070801071e+01
-1.010702748070801071e+01
-1.010702748070801071e+01
-1.010702748070801071e+01
-1.010702748070801071e+01
-1.010702748070801071e+01
-1.010702748070801071e+01
-1.010702748070801071e+01
-1.010702748070801071e+01
-1.010702748070801071e+01
-1.010702748070801071e+01
-1.010702748070801071e+01
-1.010702748070801071e+01
-1.010702748070801071e+01
-1.016411905799700222e+01
-1.016411905799700222e+01
-1.016411905799700222e+01
-1.016411905799700222e+01
-1.016411905799700222e+01
-1.016411905799700222e+01
-1.016411905799700222e+01
-1.016411905799700222e+01
-1.016411905799700222e+01
-1.016411905799700222e+01
-1.016411905799700222e+01
-1.016411905799700222e+01
-1.016411905799700222e+01
-1.016411905799700222e+01
-1.016411905799700222e+01
-1.021167815660674982e+01
-1.021167815660674982e+01
-1.021167815660674982e+01
-1.021167815660674982e+01
-1.021167815660674982e+01
-1.021167815660674982e+01
-1.021167815660674982e+01
-1.021167815660674982e+01
-1.021167815660674982e+01
-1.021167815660674982e+01
-1.021167815660674982e+01
-1.021167815660674982e+01
-1.021167815660674982e+01
-1.021167815660674982e+01
-1.021167815660674982e+01
-1.021167815660674982e+01
-1.021167815660674982e+01
-1.021167815660674982e+01
-1.021167815660674982e+01
-1.021167815660674982e+01
-1.021167815660674982e+01
-1.021167815660674982e+01
-1.021167815660674982e+01
-1.021167815660674982e+01
-1.021167815660674982e+01
-1.021167815660674982e+01
-1.021167815660674982e+01
-1.021167815660674982e+01
-1.021167815660674982e+01
-1.021167815660674982e+01
-1.021167815660674982e+01
-1.021167815660674982e+01
-1.021167815660674982e+01
-1.021167815660674982e+01
-1.021167815660674982e+01
-1.021167815660674982e+01
-1.021167815660674982e+01
-1.021167815660674982e+01
-1.021167815660674982e+01
-1.021167815660674982e+01
-1.021167815660674982e+01
-1.021167815660674982e+01
-1.021167815660674982e+01
-1.021167815660674982e+01
-1.021167815660674982e+01
-1.021167815660674982e+01
-1.021167815660674982e+01
-1.021167815660674982e+01
-1.021167815660674982e+01
-1.021167815660674982e+01
-1.021167815660674982e+01
-1.021167815660674982e+01
-1.021167815660674982e+01
-1.021167815660674982e+01
-1.021167815660674982e+01
-1.021167815660674982e+01
-1.021167815660674982e+01
-1.021167815660674982e+01
-1.021167815660674982e+01
