-1.594604048864640689e-01
-1.594604048864640689e-01
-2.875202532584690829e-01
-2.875202532584690829e-01
-7.217569036238238311e-01
-7.217569036238238311e-01
-7.217569036238238311e-01
-7.217569036238238311e-01
-7.217569036238238311e-01
-7.217569036238238311e-01
-7.217569036238238311e-01
-7.217569036238238311e-01
-7.217569036238238311e-01
-7.217569036238238311e-01
-7.217569036238238311e-01
-7.217569036238238311e-01
-7.217569036238238311e-01
-7.217569036238238311e-01
-7.217569036238238311e-01
-7.232751197947981936e-01
-7.232751197947981936e-01
-7.232751197947981936e-01
-7.232751197947981936e-01
-7.232751197947981936e-01
-7.232751197947981936e-01
-7.232751197947981936e-01
-7.232751197947981936e-01
-7.232751197947981936e-01
-7.232751197947981936e-01
-7.232751197947981936e-01
-7.232751197947981936e-01
-7.232751197947981936e-01
-1.435285877126563747e+00
-1.435285877126563747e+00
-1.435285877126563747e+00
-1.435285877126563747e+00
-1.435285877126563747e+00
-1.435285877126563747e+00
-1.445927630919793927e+00
-1.445927630919793927e+00
-1.445927630919793927e+00
-2.099625564131526900e+00
-2.099625564131526900e+00
-2.099625564131526900e+00
-2.099625564131526900e+00
-2.099625564131526900e+00
-2.099625564131526900e+00
-2.099625564131526900e+00
-2.099625564131526900e+00
-2.099625564131526900e+00
-2.099625564131526900e+00
-2.099625564131526900e+00
-2.099625564131526900e+00
-2.099625564131526900e+00
-2.099625564131526900e+00
-2.099625564131526900e+00
-2.099625564131526900e+00
-2.099625564131526900e+00
-2.099625564131526900e+00
-2.099625564131526900e+00
-2.099625564131526900e+00
-2.099625564131526900e+00
-2.099625564131526900e+00
-2.099625564131526900e+00
-2.099625564131526900e+00
-2.099625564131526900e+00
-2.099625564131526900e+00
-2.099625564131526900e+00
-2.099625564131526900e+00
-2.099625564131526900e+00
-2.099625564131526900e+00
-2.099625564131526900e+00
-2.099625564131526900e+00
-2.099625564131526900e+00
-2.099625564131526900e+00
-2.099625564131526900e+00
-2.099625564131526900e+00
-2.099625564131526900e+00
-2.099625564131526900e+00
-2.099625564131526900e+00
-2.099625564131526900e+00
-2.099625564131526900e+00
-2.099625564131526900e+00
-2.099625564131526900e+00
-2.099625564131526900e+00
-2.099625564131526900e+00
-2.099625564131526900e+00
-2.099625564131526900e+00
-2.099625564131526900e+00
-2.099625564131526900e+00
-2.099625564131526900e+00
-2.099625564131526900e+00
-2.099625564131526900e+00
-2.099625564131526900e+00
-2.099625564131526900e+00
-2.099625564131526900e+00
-2.099625564131526900e+00
-2.099625564131526900e+00
-2.099625564131526900e+00
-2.099625564131526900e+00
-2.099625564131526900e+00
-2.099625564131526900e+00
-2.099625564131526900e+00
-2.099625564131526900e+00
-2.099625564131526900e+00
-2.099625564131526900e+00
-2.099625564131526900e+00
-2.099625564131526900e+00
-2.099625564131526900e+00
-2.099625564131526900e+00
-2.099625564131526900e+00
-2.099625564131526900e+00
-2.099625564131526900e+00
-2.099625564131526900e+00
-2.099625564131526900e+00
-2.099625564131526900e+00
-2.099625564131526900e+00
-2.099625564131526900e+00
-2.099625564131526900e+00
-2.099625564131526900e+00
-2.099625564131526900e+00
-2.099625564131526900e+00
-2.099625564131526900e+00
-2.099625564131526900e+00
-2.099625564131526900e+00
-2.099625564131526900e+00
-2.099625564131526900e+00
-2.099625564131526900e+00
-2.099625564131526900e+00
-2.099625564131526900e+00
-2.099625564131526900e+00
-2.099625564131526900e+00
-2.099625564131526900e+00
-2.099625564131526900e+00
-2.099625564131526900e+00
-2.099625564131526900e+00
-2.099625564131526900e+00
-2.099625564131526900e+00
-2.099625564131526900e+00
-2.099625564131526900e+00
-2.099625564131526900e+00
-2.099625564131526900e+00
-2.099625564131526900e+00
-2.099625564131526900e+00
-2.099625564131526900e+00
-2.099625564131526900e+00
-2.099625564131526900e+00
-2.099625564131526900e+00
-2.099625564131526900e+00
-2.099625564131526900e+00
-2.099625564131526900e+00
-2.099625564131526900e+00
-2.099625564131526900e+00
-2.099625564131526900e+00
-2.099625564131526900e+00
-2.099625564131526900e+00
-2.099625564131526900e+00
-2.099625564131526900e+00
-2.099625564131526900e+00
-2.099625564131526900e+00
-2.099625564131526900e+00
-2.099625564131526900e+00
-2.099625564131526900e+00
-2.099625564131526900e+00
-2.099625564131526900e+00
-2.099625564131526900e+00
-2.099625564131526900e+00
-2.099625564131526900e+00
-2.099625564131526900e+00
-2.099625564131526900e+00
-2.099625564131526900e+00
-2.099625564131526900e+00
-2.099625564131526900e+00
-2.099625564131526900e+00
-2.099625564131526900e+00
-2.099625564131526900e+00
-2.099625564131526900e+00
-2.099625564131526900e+00
-2.099625564131526900e+00
-2.099625564131526900e+00
-2.099625564131526900e+00
-2.099625564131526900e+00
-2.099625564131526900e+00
-2.099625564131526900e+00
-2.099625564131526900e+00
-2.099625564131526900e+00
-2.099625564131526900e+00
-2.099625564131526900e+00
-2.099625564131526900e+00
-2.099625564131526900e+00
-2.099625564131526900e+00
-2.099625564131526900e+00
-2.099625564131526900e+00
-2.099625564131526900e+00
-2.099625564131526900e+00
-2.099625564131526900e+00
-2.099625564131526900e+00
-2.099625564131526900e+00
-2.099625564131526900e+00
-2.283380815031384792e+00
-2.283380815031384792e+00
-2.283380815031384792e+00
-2.283380815031384792e+00
-2.283380815031384792e+00
-2.283380815031384792e+00
-2.283380815031384792e+00
-2.283380815031384792e+00
-2.283380815031384792e+00
-2.283380815031384792e+00
-2.283380815031384792e+00
-2.283380815031384792e+00
-2.283380815031384792e+00
-2.283380815031384792e+00
-2.283380815031384792e+00
-2.283380815031384792e+00
-2.283380815031384792e+00
-2.283380815031384792e+00
-2.283380815031384792e+00
-2.283380815031384792e+00
-3.315799285544279940e+00
-3.315799285544279940e+00
-3.315799285544279940e+00
-3.315799285544279940e+00
-3.315799285544279940e+00
-3.315799285544279940e+00
-3.315799285544279940e+00
-3.315799285544279940e+00
-3.315799285544279940e+00
-3.315799285544279940e+00
-3.315799285544279940e+00
-3.315799285544279940e+00
-3.315799285544279940e+00
-3.315799285544279940e+00
-3.315799285544279940e+00
-3.315799285544279940e+00
-3.315799285544279940e+00
-3.315799285544279940e+00
-3.315799285544279940e+00
-3.315799285544279940e+00
-3.315799285544279940e+00
-3.315799285544279940e+00
-3.315799285544279940e+00
-3.315799285544279940e+00
-3.315799285544279940e+00
-3.315799285544279940e+00
-3.315799285544279940e+00
-3.315799285544279940e+00
-3.315799285544279940e+00
-3.315799285544279940e+00
-3.315799285544279940e+00
-3.315799285544279940e+00
-3.315799285544279940e+00
-3.315799285544279940e+00
-3.315799285544279940e+00
-3.315799285544279940e+00
-3.315799285544279940e+00
-3.315799285544279940e+00
-3.315799285544279940e+00
-3.315799285544279940e+00
-3.315799285544279940e+00
-3.315799285544279940e+00
-3.315799285544279940e+00
-3.315799285544279940e+00
-3.315799285544279940e+00
-3.315799285544279940e+00
-3.315799285544279940e+00
-3.315799285544279940e+00
-3.315799285544279940e+00
-3.315799285544279940e+00
-3.315799285544279940e+00
-3.315799285544279940e+00
-3.315799285544279940e+00
-3.315799285544279940e+00
-3.372285784145256926e+00
-3.372285784145256926e+00
-3.372285784145256926e+00
-3.372285784145256926e+00
-3.372285784145256926e+00
-3.372285784145256926e+00
-3.372285784145256926e+00
-3.372285784145256926e+00
-3.372285784145256926e+00
-3.372285784145256926e+00
-3.372285784145256926e+00
-3.372285784145256926e+00
-3.372285784145256926e+00
-3.372285784145256926e+00
-3.372285784145256926e+00
-3.372285784145256926e+00
-3.809260379190495094e+00
-3.809260379190495094e+00
-3.809260379190495094e+00
-3.809260379190495094e+00
-3.809260379190495094e+00
-3.809260379190495094e+00
-3.809260379190495094e+00
-3.809260379190495094e+00
-3.809260379190495094e+00
-3.809260379190495094e+00
-3.809260379190495094e+00
-3.809260379190495094e+00
-3.809260379190495094e+00
-3.809260379190495094e+00
-3.809260379190495094e+00
-3.809260379190495094e+00
-3.809260379190495094e+00
-3.809260379190495094e+00
-3.809260379190495094e+00
-3.809260379190495094e+00
-3.809260379190495094e+00
-3.809260379190495094e+00
-3.809260379190495094e+00
-3.809260379190495094e+00
-3.809260379190495094e+00
-3.809260379190495094e+00
-3.809260379190495094e+00
-3.809260379190495094e+00
-3.809260379190495094e+00
-3.809260379190495094e+00
-3.809260379190495094e+00
-3.809260379190495094e+00
-3.809260379190495094e+00
-3.809260379190495094e+00
-3.809260379190495094e+00
-3.809260379190495094e+00
-3.809260379190495094e+00
-3.809260379190495094e+00
-3.809260379190495094e+00
-4.275726628326530054e+00
-4.275726628326530054e+00
-4.275726628326530054e+00
-4.275726628326530054e+00
-4.275726628326530054e+00
-4.275726628326530054e+00
-4.275726628326530054e+00
-4.275726628326530054e+00
-4.275726628326530054e+00
-4.275726628326530054e+00
-4.275726628326530054e+00
-4.275726628326530054e+00
-4.275726628326530054e+00
-4.275726628326530054e+00
-4.275726628326530054e+00
-4.275726628326530054e+00
-4.275726628326530054e+00
-4.275726628326530054e+00
-4.275726628326530054e+00
-4.275726628326530054e+00
-4.275726628326530054e+00
-4.275726628326530054e+00
-4.275726628326530054e+00
-4.275726628326530054e+00
-4.275726628326530054e+00
-4.275726628326530054e+00
-4.275726628326530054e+00
-4.275726628326530054e+00
-4.275726628326530054e+00
-4.275726628326530054e+00
-4.275726628326530054e+00
-4.275726628326530054e+00
-4.275726628326530054e+00
-4.275726628326530054e+00
-4.275726628326530054e+00
-4.275726628326530054e+00
-4.275726628326530054e+00
-4.275726628326530054e+00
-4.275726628326530054e+00
-4.275726628326530054e+00
-4.275726628326530054e+00
-4.275726628326530054e+00
-4.275726628326530054e+00
-4.275726628326530054e+00
-4.275726628326530054e+00
-4.275726628326530054e+00
-4.275726628326530054e+00
-4.275726628326530054e+00
-4.275726628326530054e+00
-4.275726628326530054e+00
-4.275726628326530054e+00
-4.275726628326530054e+00
-4.275726628326530054e+00
-4.275726628326530054e+00
-4.275726628326530054e+00
-4.275726628326530054e+00
-4.275726628326530054e+00
-4.275726628326530054e+00
-4.275726628326530054e+00
-4.275726628326530054e+00
-4.275726628326530054e+00
-4.275726628326530054e+00
-4.275726628326530054e+00
-4.275726628326530054e+00
-4.275726628326530054e+00
-4.275726628326530054e+00
-4.275726628326530054e+00
-4.275726628326530054e+00
-4.275726628326530054e+00
-4.275726628326530054e+00
-4.275726628326530054e+00
-4.275726628326530054e+00
-4.275726628326530054e+00
-4.275726628326530054e+00
-4.275726628326530054e+00
-4.275726628326530054e+00
-4.275726628326530054e+00
-4.275726628326530054e+00
-4.275726628326530054e+00
-4.275726628326530054e+00
-4.275726628326530054e+00
-4.275726628326530054e+00
-4.275726628326530054e+00
-4.275726628326530054e+00
-4.275726628326530054e+00
-4.275726628326530054e+00
-4.275726628326530054e+00
-4.275726628326530054e+00
-4.275726628326530054e+00
-5.118603935917805714e+00
-5.118603935917805714e+00
-5.118603935917805714e+00
-5.118603935917805714e+00
-5.118603935917805714e+00
-5.118603935917805714e+00
-5.118603935917805714e+00
-5.118603935917805714e+00
-5.118603935917805714e+00
-5.118603935917805714e+00
-5.118603935917805714e+00
-5.118603935917805714e+00
-5.118603935917805714e+00
-5.118603935917805714e+00
-5.118603935917805714e+00
-5.118603935917805714e+00
-5.118603935917805714e+00
-5.118603935917805714e+00
-5.118603935917805714e+00
-5.118603935917805714e+00
-5.118603935917805714e+00
-5.118603935917805714e+00
-5.118603935917805714e+00
-5.118603935917805714e+00
-5.118603935917805714e+00
-5.118603935917805714e+00
-5.118603935917805714e+00
-5.118603935917805714e+00
-5.118603935917805714e+00
-5.118603935917805714e+00
-5.118603935917805714e+00
-5.118603935917805714e+00
-5.118603935917805714e+00
-5.118603935917805714e+00
-5.118603935917805714e+00
-5.118603935917805714e+00
-5.118603935917805714e+00
-5.118603935917805714e+00
-5.118603935917805714e+00
-5.118603935917805714e+00
-5.118603935917805714e+00
-5.118603935917805714e+00
-5.118603935917805714e+00
-5.118603935917805714e+00
-5.118603935917805714e+00
-5.118603935917805714e+00
-5.118603935917805714e+00
-5.118603935917805714e+00
-5.118603935917805714e+00
-5.118603935917805714e+00
-5.118603935917805714e+00
-5.118603935917805714e+00
-5.118603935917805714e+00
-5.118603935917805714e+00
-5.118603935917805714e+00
-5.118603935917805714e+00
-5.118603935917805714e+00
-5.118603935917805714e+00
-5.118603935917805714e+00
-5.118603935917805714e+00
-5.118603935917805714e+00
-5.118603935917805714e+00
-5.118603935917805714e+00
-5.118603935917805714e+00
-5.118603935917805714e+00
-5.118603935917805714e+00
-5.118603935917805714e+00
-5.118603935917805714e+00
-5.118603935917805714e+00
-5.118603935917805714e+00
-5.118603935917805714e+00
-5.118603935917805714e+00
-5.118603935917805714e+00
-5.118603935917805714e+00
-5.118603935917805714e+00
-5.118603935917805714e+00
-5.118603935917805714e+00
-5.118603935917805714e+00
-5.118603935917805714e+00
-5.118603935917805714e+00
-5.118603935917805714e+00
-5.118603935917805714e+00
-5.118603935917805714e+00
-5.118603935917805714e+00
-5.118603935917805714e+00
-5.118603935917805714e+00
-5.118603935917805714e+00
-5.118603935917805714e+00
-5.118603935917805714e+00
-5.118603935917805714e+00
-5.118603935917805714e+00
-5.118603935917805714e+00
-5.118603935917805714e+00
-5.118603935917805714e+00
-5.118603935917805714e+00
-5.118603935917805714e+00
-5.118603935917805714e+00
-5.118603935917805714e+00
-5.118603935917805714e+00
-5.118603935917805714e+00
-5.118603935917805714e+00
-5.118603935917805714e+00
-5.118603935917805714e+00
-5.118603935917805714e+00
-5.118603935917805714e+00
-5.118603935917805714e+00
-5.118603935917805714e+00
-5.118603935917805714e+00
-5.118603935917805714e+00
-5.118603935917805714e+00
-5.118603935917805714e+00
-5.118603935917805714e+00
-5.118603935917805714e+00
-5.148487437415294465e+00
-5.148487437415294465e+00
-5.148487437415294465e+00
-5.148487437415294465e+00
-5.148487437415294465e+00
-5.148487437415294465e+00
-5.148487437415294465e+00
-5.148487437415294465e+00
-5.148487437415294465e+00
-5.148487437415294465e+00
-5.148487437415294465e+00
-5.148487437415294465e+00
-5.148487437415294465e+00
-5.148487437415294465e+00
-5.148487437415294465e+00
-5.148487437415294465e+00
-5.148487437415294465e+00
-5.148487437415294465e+00
-5.148487437415294465e+00
-5.148487437415294465e+00
-5.148487437415294465e+00
-5.148487437415294465e+00
-5.148487437415294465e+00
-5.148487437415294465e+00
-5.148487437415294465e+00
-5.148487437415294465e+00
-5.439878131340166512e+00
-5.439878131340166512e+00
-5.439878131340166512e+00
-5.439878131340166512e+00
-5.439878131340166512e+00
-5.439878131340166512e+00
-5.439878131340166512e+00
-6.584256824969510369e+00
-6.584256824969510369e+00
-6.584256824969510369e+00
-6.584256824969510369e+00
-6.584256824969510369e+00
-6.584256824969510369e+00
-6.584256824969510369e+00
-6.584256824969510369e+00
-6.584256824969510369e+00
-6.584256824969510369e+00
-6.584256824969510369e+00
-6.584256824969510369e+00
-6.584256824969510369e+00
-6.584256824969510369e+00
-6.584256824969510369e+00
-6.584256824969510369e+00
-6.584256824969510369e+00
-6.584256824969510369e+00
-6.584256824969510369e+00
-6.584256824969510369e+00
-6.584256824969510369e+00
-6.584256824969510369e+00
-6.584256824969510369e+00
-6.584256824969510369e+00
-6.584256824969510369e+00
-6.584256824969510369e+00
-6.584256824969510369e+00
-6.584256824969510369e+00
-6.584256824969510369e+00
-6.584256824969510369e+00
-6.584256824969510369e+00
-6.584256824969510369e+00
-6.584256824969510369e+00
-6.584256824969510369e+00
-6.584256824969510369e+00
-6.584256824969510369e+00
-6.584256824969510369e+00
-6.584256824969510369e+00
-6.584256824969510369e+00
-6.584256824969510369e+00
-6.584256824969510369e+00
-6.584256824969510369e+00
-6.584256824969510369e+00
-6.584256824969510369e+00
-6.584256824969510369e+00
-6.584256824969510369e+00
-6.584256824969510369e+00
-6.584256824969510369e+00
-6.584256824969510369e+00
-6.584256824969510369e+00
-6.584256824969510369e+00
-6.584256824969510369e+00
-6.654586401189057199e+00
-6.654586401189057199e+00
-6.654586401189057199e+00
-6.654586401189057199e+00
-6.654586401189057199e+00
-6.654586401189057199e+00
-6.654586401189057199e+00
-6.654586401189057199e+00
-6.654586401189057199e+00
-6.654586401189057199e+00
-6.654586401189057199e+00
-6.654586401189057199e+00
-6.654586401189057199e+00
-6.654586401189057199e+00
-6.654586401189057199e+00
-6.654586401189057199e+00
-6.654586401189057199e+00
-6.654586401189057199e+00
-6.654586401189057199e+00
-6.654586401189057199e+00
-6.654586401189057199e+00
-6.654586401189057199e+00
-6.654586401189057199e+00
-6.654586401189057199e+00
-6.654586401189057199e+00
-6.654586401189057199e+00
-6.654586401189057199e+00
-6.654586401189057199e+00
-6.654586401189057199e+00
-6.654586401189057199e+00
-6.654586401189057199e+00
-6.654586401189057199e+00
-6.654586401189057199e+00
-6.654586401189057199e+00
-6.654586401189057199e+00
-6.654586401189057199e+00
-6.654586401189057199e+00
-6.654586401189057199e+00
-6.654586401189057199e+00
-6.654586401189057199e+00
-6.654586401189057199e+00
-6.654586401189057199e+00
-6.654586401189057199e+00
-6.654586401189057199e+00
-6.654586401189057199e+00
-6.654586401189057199e+00
-6.654586401189057199e+00
-6.654586401189057199e+00
-6.654586401189057199e+00
-6.654586401189057199e+00
-6.654586401189057199e+00
-6.654586401189057199e+00
-6.654586401189057199e+00
-6.654586401189057199e+00
-6.654586401189057199e+00
-6.654586401189057199e+00
-6.654586401189057199e+00
-6.654586401189057199e+00
-6.654586401189057199e+00
-6.654586401189057199e+00
-6.654586401189057199e+00
-6.654586401189057199e+00
-6.654586401189057199e+00
-6.654586401189057199e+00
-6.654586401189057199e+00
-6.654586401189057199e+00
-6.654586401189057199e+00
-6.654586401189057199e+00
-6.654586401189057199e+00
-6.654586401189057199e+00
-6.654586401189057199e+00
-6.654586401189057199e+00
-6.654586401189057199e+00
-6.654586401189057199e+00
-6.654586401189057199e+00
-6.654586401189057199e+00
-6.654586401189057199e+00
-6.654586401189057199e+00
-6.654586401189057199e+00
-6.654586401189057199e+00
-6.654586401189057199e+00
-6.654586401189057199e+00
-6.654586401189057199e+00
-6.654586401189057199e+00
-6.654586401189057199e+00
-6.654586401189057199e+00
-6.654586401189057199e+00
-6.654586401189057199e+00
-6.654586401189057199e+00
-6.654586401189057199e+00
-6.654586401189057199e+00
-6.654586401189057199e+00
-6.654586401189057199e+00
-6.654586401189057199e+00
-6.654586401189057199e+00
-6.654586401189057199e+00
-6.654586401189057199e+00
-6.654586401189057199e+00
-6.654586401189057199e+00
-6.654586401189057199e+00
-6.654586401189057199e+00
-6.654586401189057199e+00
-6.654586401189057199e+00
-6.654586401189057199e+00
-6.654586401189057199e+00
-6.654586401189057199e+00
-6.654586401189057199e+00
-6.654586401189057199e+00
-6.654586401189057199e+00
-6.654586401189057199e+00
-6.654586401189057199e+00
-6.654586401189057199e+00
-6.654586401189057199e+00
-6.654586401189057199e+00
-6.654586401189057199e+00
-6.654586401189057199e+00
-6.654586401189057199e+00
-6.654586401189057199e+00
-6.654586401189057199e+00
-6.654586401189057199e+00
-6.654586401189057199e+00
-6.654586401189057199e+00
-6.654586401189057199e+00
-6.654586401189057199e+00
-6.654586401189057199e+00
-6.654586401189057199e+00
-6.654586401189057199e+00
-6.654586401189057199e+00
-6.654586401189057199e+00
-6.654586401189057199e+00
-6.654586401189057199e+00
-6.654586401189057199e+00
-6.654586401189057199e+00
-6.654586401189057199e+00
-6.654586401189057199e+00
-6.654586401189057199e+00
-6.654586401189057199e+00
-6.654586401189057199e+00
-6.654586401189057199e+00
-6.654586401189057199e+00
-6.654586401189057199e+00
-6.654586401189057199e+00
-6.654586401189057199e+00
-6.654586401189057199e+00
-6.654586401189057199e+00
-6.654586401189057199e+00
-6.654586401189057199e+00
-6.654586401189057199e+00
-6.654586401189057199e+00
-6.654586401189057199e+00
-6.654586401189057199e+00
-6.654586401189057199e+00
-6.654586401189057199e+00
-6.654586401189057199e+00
-6.654586401189057199e+00
-6.654586401189057199e+00
-6.654586401189057199e+00
-6.654586401189057199e+00
-6.654586401189057199e+00
-6.654586401189057199e+00
-6.654586401189057199e+00
-6.654586401189057199e+00
-6.654586401189057199e+00
-6.654586401189057199e+00
-6.654586401189057199e+00
-6.654586401189057199e+00
-6.654586401189057199e+00
-6.654586401189057199e+00
-6.654586401189057199e+00
-6.654586401189057199e+00
-6.654586401189057199e+00
-6.654586401189057199e+00
-6.654586401189057199e+00
-6.654586401189057199e+00
-6.654586401189057199e+00
-6.654586401189057199e+00
-6.654586401189057199e+00
-6.654586401189057199e+00
-6.654586401189057199e+00
-6.654586401189057199e+00
-6.654586401189057199e+00
-6.654586401189057199e+00
-6.654586401189057199e+00
-6.654586401189057199e+00
-6.654586401189057199e+00
-6.654586401189057199e+00
-6.654586401189057199e+00
-6.654586401189057199e+00
-6.654586401189057199e+00
-6.654586401189057199e+00
-6.654586401189057199e+00
-6.654586401189057199e+00
-6.654586401189057199e+00
-6.654586401189057199e+00
-6.654586401189057199e+00
-6.654586401189057199e+00
-6.654586401189057199e+00
-6.709627064967571997e+00
-6.709627064967571997e+00
-6.709627064967571997e+00
-6.709627064967571997e+00
-6.709627064967571997e+00
-6.709627064967571997e+00
-6.709627064967571997e+00
-6.709627064967571997e+00
-6.709627064967571997e+00
-6.709627064967571997e+00
-6.709627064967571997e+00
-6.747826769839722516e+00
-6.747826769839722516e+00
-6.747826769839722516e+00
-6.747826769839722516e+00
-6.747826769839722516e+00
-6.747826769839722516e+00
-6.747826769839722516e+00
-6.747826769839722516e+00
-6.747826769839722516e+00
-6.747826769839722516e+00
-6.747826769839722516e+00
-6.747826769839722516e+00
-6.747826769839722516e+00
-6.801581472795163563e+00
-6.801581472795163563e+00
-6.801581472795163563e+00
-6.801581472795163563e+00
-6.801581472795163563e+00
-6.801581472795163563e+00
-6.801581472795163563e+00
-6.801581472795163563e+00
-6.902628679973549453e+00
-6.902628679973549453e+00
-6.902628679973549453e+00
-6.902628679973549453e+00
-6.902628679973549453e+00
-6.902628679973549453e+00
-6.902628679973549453e+00
-6.902628679973549453e+00
-6.902628679973549453e+00
-7.068807318834411824e+00
-7.068807318834411824e+00
-7.068807318834411824e+00
-7.068807318834411824e+00
-7.068807318834411824e+00
-7.068807318834411824e+00
-7.068807318834411824e+00
-7.068807318834411824e+00
-7.068807318834411824e+00
-7.068807318834411824e+00
-7.068807318834411824e+00
-7.068807318834411824e+00
-7.068807318834411824e+00
-7.068807318834411824e+00
-7.068807318834411824e+00
-7.068807318834411824e+00
-7.068807318834411824e+00
-7.068807318834411824e+00
-7.068807318834411824e+00
-7.068807318834411824e+00
-7.068807318834411824e+00
-7.068807318834411824e+00
-7.068807318834411824e+00
-7.068807318834411824e+00
-7.068807318834411824e+00
-7.068807318834411824e+00
-7.068807318834411824e+00
-7.068807318834411824e+00
-7.068807318834411824e+00
-7.068807318834411824e+00
-7.068807318834411824e+00
-7.068807318834411824e+00
-7.068807318834411824e+00
-7.068807318834411824e+00
-7.068807318834411824e+00
-7.068807318834411824e+00
-7.068807318834411824e+00
-7.105244232778342273e+00
-7.105244232778342273e+00
-7.129445215563159799e+00
-7.129445215563159799e+00
-7.129445215563159799e+00
-7.129445215563159799e+00
-7.129445215563159799e+00
-7.129445215563159799e+00
-7.129445215563159799e+00
-7.129445215563159799e+00
-7.129445215563159799e+00
-7.129445215563159799e+00
-7.129445215563159799e+00
-7.129445215563159799e+00
-7.129445215563159799e+00
-7.129445215563159799e+00
-7.129445215563159799e+00
-7.129445215563159799e+00
-7.129445215563159799e+00
-7.129445215563159799e+00
-7.129445215563159799e+00
-7.129445215563159799e+00
-7.129445215563159799e+00
-7.129445215563159799e+00
-7.129445215563159799e+00
-7.129445215563159799e+00
-7.129445215563159799e+00
-7.129445215563159799e+00
-7.129445215563159799e+00
-7.129445215563159799e+00
-7.129445215563159799e+00
-7.129445215563159799e+00
-7.129445215563159799e+00
-7.129445215563159799e+00
-7.129445215563159799e+00
-7.129445215563159799e+00
-7.129445215563159799e+00
-7.129445215563159799e+00
-7.129445215563159799e+00
-7.129445215563159799e+00
-7.129445215563159799e+00
-7.129445215563159799e+00
-7.129445215563159799e+00
-7.129445215563159799e+00
-7.129445215563159799e+00
-7.129445215563159799e+00
-7.129445215563159799e+00
-7.129445215563159799e+00
-7.129445215563159799e+00
-7.129445215563159799e+00
-7.129445215563159799e+00
-7.129445215563159799e+00
-7.129445215563159799e+00
-7.129445215563159799e+00
-7.129445215563159799e+00
-7.129445215563159799e+00
-7.129445215563159799e+00
-7.129445215563159799e+00
-7.129445215563159799e+00
-7.129445215563159799e+00
-7.129445215563159799e+00
-7.129445215563159799e+00
-7.129445215563159799e+00
-7.129445215563159799e+00
-7.129445215563159799e+00
-7.129445215563159799e+00
-7.129445215563159799e+00
-7.129445215563159799e+00
-7.129445215563159799e+00
-7.129445215563159799e+00
-7.129445215563159799e+00
-7.129445215563159799e+00
-7.129445215563159799e+00
-7.129445215563159799e+00
-7.129445215563159799e+00
-7.129445215563159799e+00
-7.129445215563159799e+00
-7.129445215563159799e+00
-7.129445215563159799e+00
-7.129445215563159799e+00
-7.129445215563159799e+00
-7.129445215563159799e+00
-7.129445215563159799e+00
-7.129445215563159799e+00
-7.129445215563159799e+00
-7.129445215563159799e+00
-7.129445215563159799e+00
-7.129445215563159799e+00
-7.129445215563159799e+00
-7.129445215563159799e+00
-7.129445215563159799e+00
-7.129445215563159799e+00
-7.129445215563159799e+00
-7.129445215563159799e+00
-7.129445215563159799e+00
-7.129445215563159799e+00
-7.129445215563159799e+00
-7.129445215563159799e+00
-7.129445215563159799e+00
-7.129445215563159799e+00
-7.129445215563159799e+00
-7.129445215563159799e+00
-7.129445215563159799e+00
-7.129445215563159799e+00
-7.129445215563159799e+00
-7.129445215563159799e+00
-7.129445215563159799e+00
-7.129445215563159799e+00
-7.129445215563159799e+00
-7.129445215563159799e+00
-7.129445215563159799e+00
-7.129445215563159799e+00
-7.129445215563159799e+00
-7.129445215563159799e+00
-7.129445215563159799e+00
-7.129445215563159799e+00
-7.129445215563159799e+00
-7.129445215563159799e+00
-7.129445215563159799e+00
-7.129445215563159799e+00
-7.129445215563159799e+00
-7.129445215563159799e+00
-7.129445215563159799e+00
-7.129445215563159799e+00
-7.129445215563159799e+00
-7.129445215563159799e+00
-7.129445215563159799e+00
-7.129445215563159799e+00
-7.129445215563159799e+00
-7.129445215563159799e+00
-7.129445215563159799e+00
-7.129445215563159799e+00
-7.129445215563159799e+00
-7.129445215563159799e+00
-7.129445215563159799e+00
-7.129445215563159799e+00
-7.129445215563159799e+00
-7.129445215563159799e+00
-7.129445215563159799e+00
-7.129445215563159799e+00
-7.129445215563159799e+00
-7.129445215563159799e+00
-7.129445215563159799e+00
-7.129445215563159799e+00
-7.129445215563159799e+00
-7.129445215563159799e+00
-7.129445215563159799e+00
-7.129445215563159799e+00
-7.175001471844253409e+00
-7.175001471844253409e+00
-7.175001471844253409e+00
-7.175001471844253409e+00
-7.175001471844253409e+00
-7.175001471844253409e+00
-7.175001471844253409e+00
-7.175001471844253409e+00
-7.175001471844253409e+00
-7.210050402906929889e+00
-7.210050402906929889e+00
-7.210050402906929889e+00
-7.210050402906929889e+00
-7.210050402906929889e+00
-7.210050402906929889e+00
-7.210050402906929889e+00
-7.210050402906929889e+00
-7.210050402906929889e+00
-7.210050402906929889e+00
-7.210050402906929889e+00
-7.210050402906929889e+00
-7.210050402906929889e+00
-7.210050402906929889e+00
-7.210050402906929889e+00
-7.210050402906929889e+00
-7.210050402906929889e+00
-7.325332330847464490e+00
-7.325332330847464490e+00
-7.325332330847464490e+00
-7.325332330847464490e+00
-7.325332330847464490e+00
-7.325332330847464490e+00
-7.325332330847464490e+00
-7.325332330847464490e+00
-7.325332330847464490e+00
-7.325332330847464490e+00
-7.325332330847464490e+00
-7.325332330847464490e+00
-7.325332330847464490e+00
-7.325332330847464490e+00
-7.325332330847464490e+00
-7.325332330847464490e+00
-7.325332330847464490e+00
-7.325332330847464490e+00
-7.325332330847464490e+00
-7.325332330847464490e+00
-7.325332330847464490e+00
-7.325332330847464490e+00
-7.325332330847464490e+00
-7.325332330847464490e+00
-7.325332330847464490e+00
-7.325332330847464490e+00
-7.325332330847464490e+00
-7.325332330847464490e+00
-7.325332330847464490e+00
-7.325332330847464490e+00
-7.325332330847464490e+00
-7.325332330847464490e+00
-7.325332330847464490e+00
-7.325332330847464490e+00
-7.325332330847464490e+00
-7.325332330847464490e+00
-7.325332330847464490e+00
-7.325332330847464490e+00
-7.325332330847464490e+00
-7.325332330847464490e+00
-7.325332330847464490e+00
-7.325332330847464490e+00
-7.325332330847464490e+00
-7.325332330847464490e+00
-7.325332330847464490e+00
-7.325332330847464490e+00
-7.325332330847464490e+00
-7.325332330847464490e+00
-7.325332330847464490e+00
-7.325332330847464490e+00
-7.325332330847464490e+00
-7.325332330847464490e+00
-7.325332330847464490e+00
-7.325332330847464490e+00
-7.325332330847464490e+00
-7.325332330847464490e+00
-7.325332330847464490e+00
-7.325332330847464490e+00
-7.325332330847464490e+00
-7.326930050533480454e+00
-7.326930050533480454e+00
-7.326930050533480454e+00
-7.326930050533480454e+00
-7.326930050533480454e+00
-7.398473289035308653e+00
-7.398473289035308653e+00
-7.398473289035308653e+00
-7.398473289035308653e+00
-7.398473289035308653e+00
-7.398473289035308653e+00
-7.398473289035308653e+00
-7.398473289035308653e+00
-7.398473289035308653e+00
-7.398473289035308653e+00
-7.398473289035308653e+00
-7.398473289035308653e+00
-7.398473289035308653e+00
-7.398473289035308653e+00
-7.398473289035308653e+00
-7.398473289035308653e+00
-7.398473289035308653e+00
-7.398473289035308653e+00
-7.398473289035308653e+00
-7.398473289035308653e+00
-7.398473289035308653e+00
-7.398473289035308653e+00
-7.398473289035308653e+00
-7.398473289035308653e+00
-7.415737839191295144e+00
-7.415737839191295144e+00
-7.415737839191295144e+00
-7.415737839191295144e+00
-7.460374319866979853e+00
-7.460374319866979853e+00
-7.460374319866979853e+00
-7.460374319866979853e+00
-7.460374319866979853e+00
-7.460374319866979853e+00
-7.460374319866979853e+00
-7.460374319866979853e+00
-7.460374319866979853e+00
-7.460374319866979853e+00
-7.460374319866979853e+00
-7.460374319866979853e+00
-7.460374319866979853e+00
-7.460374319866979853e+00
-7.460374319866979853e+00
-7.460374319866979853e+00
-7.460374319866979853e+00
-7.460374319866979853e+00
-7.460374319866979853e+00
-7.460374319866979853e+00
-7.460374319866979853e+00
-7.466940471411026792e+00
-7.466940471411026792e+00
-7.466940471411026792e+00
-7.466940471411026792e+00
-7.466940471411026792e+00
-7.466940471411026792e+00
-7.466940471411026792e+00
-7.466940471411026792e+00
-7.466940471411026792e+00
-7.466940471411026792e+00
-7.466940471411026792e+00
-7.466940471411026792e+00
-7.466940471411026792e+00
-7.466940471411026792e+00
-7.466940471411026792e+00
-7.466940471411026792e+00
-7.466940471411026792e+00
-7.466940471411026792e+00
-7.466940471411026792e+00
-7.466940471411026792e+00
-7.466940471411026792e+00
-7.466940471411026792e+00
-7.466940471411026792e+00
-7.466940471411026792e+00
-7.466940471411026792e+00
-7.466940471411026792e+00
-7.466940471411026792e+00
-7.466940471411026792e+00
-7.466940471411026792e+00
-7.466940471411026792e+00
-7.466940471411026792e+00
-7.466940471411026792e+00
-7.466940471411026792e+00
-7.466940471411026792e+00
-7.466940471411026792e+00
-7.466940471411026792e+00
-7.466940471411026792e+00
-7.466940471411026792e+00
-7.466940471411026792e+00
-7.466940471411026792e+00
-7.466940471411026792e+00
-7.482436383326764862e+00
-7.482436383326764862e+00
-7.482436383326764862e+00
-7.482436383326764862e+00
-7.482436383326764862e+00
-7.482436383326764862e+00
-7.482436383326764862e+00
-7.482436383326764862e+00
-7.482436383326764862e+00
-7.482436383326764862e+00
-7.482436383326764862e+00
-7.550980952224536580e+00
-7.550980952224536580e+00
-7.550980952224536580e+00
-7.550980952224536580e+00
-7.550980952224536580e+00
-7.550980952224536580e+00
-7.550980952224536580e+00
-7.550980952224536580e+00
-7.550980952224536580e+00
-7.550980952224536580e+00
-7.550980952224536580e+00
-7.550980952224536580e+00
-7.550980952224536580e+00
-7.550980952224536580e+00
-7.550980952224536580e+00
-7.550980952224536580e+00
-7.550980952224536580e+00
-7.550980952224536580e+00
-7.550980952224536580e+00
-7.550980952224536580e+00
-7.550980952224536580e+00
-7.550980952224536580e+00
-7.550980952224536580e+00
-7.550980952224536580e+00
-7.554942880689598184e+00
-7.554942880689598184e+00
-7.554942880689598184e+00
-7.554942880689598184e+00
-7.554942880689598184e+00
-7.554942880689598184e+00
-7.554942880689598184e+00
-7.554942880689598184e+00
-7.554942880689598184e+00
-7.554942880689598184e+00
-7.554942880689598184e+00
-7.554942880689598184e+00
-7.554942880689598184e+00
-7.554942880689598184e+00
-7.554942880689598184e+00
-7.562692417030658198e+00
-7.562692417030658198e+00
-7.562692417030658198e+00
-7.562692417030658198e+00
-7.562692417030658198e+00
-7.568944801579291948e+00
-7.568944801579291948e+00
-7.572280242589718213e+00
-7.572280242589718213e+00
-7.572280242589718213e+00
-7.572280242589718213e+00
-7.572280242589718213e+00
-7.572280242589718213e+00
-7.572280242589718213e+00
-7.572280242589718213e+00
-7.572280242589718213e+00
-7.572280242589718213e+00
-7.572280242589718213e+00
-7.572280242589718213e+00
-7.572280242589718213e+00
-7.572280242589718213e+00
-7.572280242589718213e+00
-7.572280242589718213e+00
-7.572280242589718213e+00
-7.572280242589718213e+00
-7.572280242589718213e+00
-7.572280242589718213e+00
-7.572280242589718213e+00
-7.572280242589718213e+00
-7.572280242589718213e+00
-7.572280242589718213e+00
-7.572280242589718213e+00
-7.572280242589718213e+00
-7.572280242589718213e+00
-7.572280242589718213e+00
-7.572280242589718213e+00
-7.572280242589718213e+00
-7.572280242589718213e+00
-7.572280242589718213e+00
-7.572280242589718213e+00
-7.572280242589718213e+00
-7.572280242589718213e+00
-7.585813428918310564e+00
-7.585813428918310564e+00
-7.585813428918310564e+00
-7.585813428918310564e+00
-7.585813428918310564e+00
-7.585813428918310564e+00
-7.585813428918310564e+00
-7.585813428918310564e+00
-7.585813428918310564e+00
-7.585813428918310564e+00
-7.585813428918310564e+00
-7.585813428918310564e+00
-7.585813428918310564e+00
-7.585813428918310564e+00
-7.585813428918310564e+00
-7.585813428918310564e+00
-7.585813428918310564e+00
-7.585813428918310564e+00
-7.585813428918310564e+00
-7.585813428918310564e+00
-7.585813428918310564e+00
-7.585813428918310564e+00
-7.585813428918310564e+00
-7.585813428918310564e+00
-7.585813428918310564e+00
-7.585813428918310564e+00
-7.596483191675978297e+00
-7.596483191675978297e+00
-7.608797525612589041e+00
-7.608797525612589041e+00
-7.608797525612589041e+00
-7.608797525612589041e+00
-7.608797525612589041e+00
-7.608797525612589041e+00
-7.608797525612589041e+00
-7.608797525612589041e+00
-7.608797525612589041e+00
-7.608797525612589041e+00
-7.608797525612589041e+00
-7.608797525612589041e+00
-7.608797525612589041e+00
-7.608797525612589041e+00
-7.608797525612589041e+00
-7.608797525612589041e+00
-7.608797525612589041e+00
-7.608797525612589041e+00
-7.608797525612589041e+00
-7.608797525612589041e+00
-7.626967789646140972e+00
-7.626967789646140972e+00
-7.626967789646140972e+00
-7.626967789646140972e+00
-7.626967789646140972e+00
-7.626967789646140972e+00
-7.626967789646140972e+00
-7.626967789646140972e+00
-7.626967789646140972e+00
-7.626967789646140972e+00
-7.626967789646140972e+00
-7.626967789646140972e+00
-7.626967789646140972e+00
-7.626967789646140972e+00
-7.626967789646140972e+00
-7.626967789646140972e+00
-7.626967789646140972e+00
-7.626967789646140972e+00
-7.626967789646140972e+00
-7.626967789646140972e+00
-7.626967789646140972e+00
-7.626967789646140972e+00
-7.659802238599922042e+00
-7.659802238599922042e+00
-7.659802238599922042e+00
-7.659802238599922042e+00
-7.659802238599922042e+00
-7.659802238599922042e+00
-7.659802238599922042e+00
-7.659802238599922042e+00
-7.659802238599922042e+00
-7.659802238599922042e+00
-7.659802238599922042e+00
-7.659802238599922042e+00
-7.659802238599922042e+00
-7.659802238599922042e+00
-7.659802238599922042e+00
-7.659802238599922042e+00
-7.659802238599922042e+00
-7.659802238599922042e+00
-7.659802238599922042e+00
-7.659802238599922042e+00
-7.659802238599922042e+00
-7.659802238599922042e+00
-7.659802238599922042e+00
-7.659802238599922042e+00
-7.659802238599922042e+00
-7.659802238599922042e+00
-7.659802238599922042e+00
-7.659802238599922042e+00
-7.659802238599922042e+00
-7.659802238599922042e+00
-7.659802238599922042e+00
-7.659802238599922042e+00
-7.659802238599922042e+00
-7.659802238599922042e+00
-7.659802238599922042e+00
-7.659802238599922042e+00
-7.659802238599922042e+00
-7.659802238599922042e+00
