-6.200493135995452931e-01
-4.491702474376772614e+00
-4.491702474376772614e+00
-4.491702474376772614e+00
-4.491702474376772614e+00
-4.491702474376772614e+00
-4.491702474376772614e+00
-4.491702474376772614e+00
-4.491702474376772614e+00
-4.491702474376772614e+00
-4.491702474376772614e+00
-4.491702474376772614e+00
-4.491702474376772614e+00
-4.491702474376772614e+00
-4.491702474376772614e+00
-4.491702474376772614e+00
-4.491702474376772614e+00
-4.491702474376772614e+00
-4.491702474376772614e+00
-4.491702474376772614e+00
-4.491702474376772614e+00
-4.491702474376772614e+00
-4.491702474376772614e+00
-4.491702474376772614e+00
-4.491702474376772614e+00
-4.491702474376772614e+00
-4.491702474376772614e+00
-4.491702474376772614e+00
-4.491702474376772614e+00
-4.491702474376772614e+00
-4.491702474376772614e+00
-4.491702474376772614e+00
-4.491702474376772614e+00
-4.491702474376772614e+00
-4.491702474376772614e+00
-4.491702474376772614e+00
-4.491702474376772614e+00
-4.491702474376772614e+00
-4.491702474376772614e+00
-4.491702474376772614e+00
-4.491702474376772614e+00
-4.491702474376772614e+00
-4.491702474376772614e+00
-4.491702474376772614e+00
-4.491702474376772614e+00
-4.491702474376772614e+00
-4.491702474376772614e+00
-4.491702474376772614e+00
-4.491702474376772614e+00
-4.491702474376772614e+00
-4.491702474376772614e+00
-4.491702474376772614e+00
-4.491702474376772614e+00
-4.491702474376772614e+00
-4.491702474376772614e+00
-4.491702474376772614e+00
-4.491702474376772614e+00
-4.491702474376772614e+00
-4.491702474376772614e+00
-4.491702474376772614e+00
-4.491702474376772614e+00
-4.491702474376772614e+00
-4.491702474376772614e+00
-4.491702474376772614e+00
-4.491702474376772614e+00
-4.491702474376772614e+00
-4.491702474376772614e+00
-4.491702474376772614e+00
-4.491702474376772614e+00
-4.491702474376772614e+00
-4.491702474376772614e+00
-4.491702474376772614e+00
-4.491702474376772614e+00
-4.491702474376772614e+00
-4.491702474376772614e+00
-4.491702474376772614e+00
-4.491702474376772614e+00
-4.491702474376772614e+00
-4.491702474376772614e+00
-4.491702474376772614e+00
-4.491702474376772614e+00
-4.491702474376772614e+00
-4.491702474376772614e+00
-4.491702474376772614e+00
-4.491702474376772614e+00
-4.491702474376772614e+00
-4.491702474376772614e+00
-4.491702474376772614e+00
-4.491702474376772614e+00
-4.491702474376772614e+00
-4.491702474376772614e+00
-4.491702474376772614e+00
-4.491702474376772614e+00
-4.491702474376772614e+00
-4.491702474376772614e+00
-4.491702474376772614e+00
-4.491702474376772614e+00
-4.491702474376772614e+00
-4.491702474376772614e+00
-4.491702474376772614e+00
-4.491702474376772614e+00
-4.491702474376772614e+00
-4.491702474376772614e+00
-4.491702474376772614e+00
-4.491702474376772614e+00
-4.491702474376772614e+00
-4.491702474376772614e+00
-4.491702474376772614e+00
-4.491702474376772614e+00
-4.491702474376772614e+00
-4.491702474376772614e+00
-4.491702474376772614e+00
-4.491702474376772614e+00
-4.491702474376772614e+00
-4.491702474376772614e+00
-4.491702474376772614e+00
-4.491702474376772614e+00
-4.491702474376772614e+00
-4.491702474376772614e+00
-4.491702474376772614e+00
-4.491702474376772614e+00
-4.491702474376772614e+00
-4.491702474376772614e+00
-4.491702474376772614e+00
-4.491702474376772614e+00
-4.491702474376772614e+00
-4.491702474376772614e+00
-4.491702474376772614e+00
-4.491702474376772614e+00
-4.491702474376772614e+00
-4.491702474376772614e+00
-4.491702474376772614e+00
-4.491702474376772614e+00
-4.491702474376772614e+00
-4.491702474376772614e+00
-4.491702474376772614e+00
-4.491702474376772614e+00
-4.491702474376772614e+00
-4.491702474376772614e+00
-4.491702474376772614e+00
-4.491702474376772614e+00
-4.491702474376772614e+00
-4.491702474376772614e+00
-4.491702474376772614e+00
-4.491702474376772614e+00
-4.491702474376772614e+00
-4.491702474376772614e+00
-4.491702474376772614e+00
-4.491702474376772614e+00
-4.491702474376772614e+00
-4.491702474376772614e+00
-4.491702474376772614e+00
-4.491702474376772614e+00
-4.491702474376772614e+00
-4.491702474376772614e+00
-4.491702474376772614e+00
-4.491702474376772614e+00
-4.491702474376772614e+00
-4.491702474376772614e+00
-4.491702474376772614e+00
-4.491702474376772614e+00
-4.491702474376772614e+00
-4.491702474376772614e+00
-4.491702474376772614e+00
-4.491702474376772614e+00
-4.491702474376772614e+00
-4.491702474376772614e+00
-4.491702474376772614e+00
-4.491702474376772614e+00
-4.491702474376772614e+00
-4.491702474376772614e+00
-4.491702474376772614e+00
-4.491702474376772614e+00
-4.491702474376772614e+00
-4.491702474376772614e+00
-4.491702474376772614e+00
-4.491702474376772614e+00
-4.491702474376772614e+00
-4.491702474376772614e+00
-4.491702474376772614e+00
-4.491702474376772614e+00
-4.491702474376772614e+00
-4.491702474376772614e+00
-4.491702474376772614e+00
-4.491702474376772614e+00
-4.491702474376772614e+00
-4.491702474376772614e+00
-4.491702474376772614e+00
-4.491702474376772614e+00
-4.491702474376772614e+00
-4.491702474376772614e+00
-4.491702474376772614e+00
-4.491702474376772614e+00
-4.491702474376772614e+00
-4.491702474376772614e+00
-4.491702474376772614e+00
-4.491702474376772614e+00
-4.491702474376772614e+00
-4.491702474376772614e+00
-4.491702474376772614e+00
-4.491702474376772614e+00
-4.491702474376772614e+00
-4.491702474376772614e+00
-4.491702474376772614e+00
-4.491702474376772614e+00
-4.491702474376772614e+00
-4.491702474376772614e+00
-4.491702474376772614e+00
-4.491702474376772614e+00
-4.491702474376772614e+00
-4.491702474376772614e+00
-4.491702474376772614e+00
-4.491702474376772614e+00
-4.491702474376772614e+00
-4.491702474376772614e+00
-4.491702474376772614e+00
-4.491702474376772614e+00
-4.491702474376772614e+00
-4.491702474376772614e+00
-4.491702474376772614e+00
-4.491702474376772614e+00
-4.491702474376772614e+00
-4.491702474376772614e+00
-4.491702474376772614e+00
-4.491702474376772614e+00
-4.491702474376772614e+00
-4.491702474376772614e+00
-4.491702474376772614e+00
-4.491702474376772614e+00
-4.491702474376772614e+00
-4.491702474376772614e+00
-4.491702474376772614e+00
-4.491702474376772614e+00
-4.491702474376772614e+00
-4.491702474376772614e+00
-4.491702474376772614e+00
-4.491702474376772614e+00
-4.491702474376772614e+00
-4.491702474376772614e+00
-4.491702474376772614e+00
-4.491702474376772614e+00
-4.491702474376772614e+00
-4.491702474376772614e+00
-4.491702474376772614e+00
-4.491702474376772614e+00
-4.491702474376772614e+00
-4.491702474376772614e+00
-4.491702474376772614e+00
-4.491702474376772614e+00
-4.491702474376772614e+00
-4.491702474376772614e+00
-4.491702474376772614e+00
-4.491702474376772614e+00
-4.491702474376772614e+00
-4.491702474376772614e+00
-4.491702474376772614e+00
-4.491702474376772614e+00
-4.491702474376772614e+00
-4.491702474376772614e+00
-4.491702474376772614e+00
-4.491702474376772614e+00
-4.491702474376772614e+00
-4.491702474376772614e+00
-4.491702474376772614e+00
-4.491702474376772614e+00
-4.491702474376772614e+00
-4.491702474376772614e+00
-4.491702474376772614e+00
-4.491702474376772614e+00
-4.491702474376772614e+00
-4.491702474376772614e+00
-4.491702474376772614e+00
-4.491702474376772614e+00
-4.491702474376772614e+00
-4.491702474376772614e+00
-4.491702474376772614e+00
-4.491702474376772614e+00
-4.491702474376772614e+00
-4.491702474376772614e+00
-4.491702474376772614e+00
-4.491702474376772614e+00
-4.491702474376772614e+00
-4.491702474376772614e+00
-4.491702474376772614e+00
-4.491702474376772614e+00
-4.491702474376772614e+00
-4.491702474376772614e+00
-4.491702474376772614e+00
-4.491702474376772614e+00
-4.491702474376772614e+00
-4.491702474376772614e+00
-4.491702474376772614e+00
-4.491702474376772614e+00
-4.491702474376772614e+00
-4.491702474376772614e+00
-4.491702474376772614e+00
-4.491702474376772614e+00
-4.491702474376772614e+00
-4.491702474376772614e+00
-4.491702474376772614e+00
-4.491702474376772614e+00
-4.491702474376772614e+00
-4.491702474376772614e+00
-4.491702474376772614e+00
-4.491702474376772614e+00
-4.491702474376772614e+00
-4.491702474376772614e+00
-4.491702474376772614e+00
-4.491702474376772614e+00
-4.491702474376772614e+00
-4.491702474376772614e+00
-4.491702474376772614e+00
-4.491702474376772614e+00
-4.491702474376772614e+00
-4.491702474376772614e+00
-4.491702474376772614e+00
-4.491702474376772614e+00
-4.491702474376772614e+00
-4.491702474376772614e+00
-4.491702474376772614e+00
-4.491702474376772614e+00
-4.491702474376772614e+00
-4.491702474376772614e+00
-4.491702474376772614e+00
-4.491702474376772614e+00
-4.491702474376772614e+00
-4.491702474376772614e+00
-4.491702474376772614e+00
-4.491702474376772614e+00
-4.491702474376772614e+00
-4.491702474376772614e+00
-4.491702474376772614e+00
-4.491702474376772614e+00
-4.491702474376772614e+00
-4.491702474376772614e+00
-4.491702474376772614e+00
-4.491702474376772614e+00
-4.491702474376772614e+00
-4.491702474376772614e+00
-4.491702474376772614e+00
-4.491702474376772614e+00
-4.548561517453097558e+00
-4.548561517453097558e+00
-4.548561517453097558e+00
-4.548561517453097558e+00
-4.548561517453097558e+00
-4.548561517453097558e+00
-4.591168782317116559e+00
-4.591168782317116559e+00
-4.591168782317116559e+00
-4.591168782317116559e+00
-6.048149438650921361e+00
-6.048149438650921361e+00
-6.048149438650921361e+00
-6.048149438650921361e+00
-6.048149438650921361e+00
-6.048149438650921361e+00
-6.048149438650921361e+00
-6.048149438650921361e+00
-6.048149438650921361e+00
-6.048149438650921361e+00
-6.048149438650921361e+00
-6.048149438650921361e+00
-6.048149438650921361e+00
-6.048149438650921361e+00
-6.048149438650921361e+00
-6.048149438650921361e+00
-6.048149438650921361e+00
-6.048149438650921361e+00
-6.048149438650921361e+00
-6.048149438650921361e+00
-6.048149438650921361e+00
-6.048149438650921361e+00
-6.048149438650921361e+00
-6.048149438650921361e+00
-6.048149438650921361e+00
-6.048149438650921361e+00
-6.048149438650921361e+00
-6.048149438650921361e+00
-6.048149438650921361e+00
-6.048149438650921361e+00
-6.048149438650921361e+00
-6.048149438650921361e+00
-6.048149438650921361e+00
-6.048149438650921361e+00
-6.048149438650921361e+00
-6.048149438650921361e+00
-6.048149438650921361e+00
-6.048149438650921361e+00
-6.048149438650921361e+00
-6.048149438650921361e+00
-6.048149438650921361e+00
-6.048149438650921361e+00
-6.048149438650921361e+00
-6.048149438650921361e+00
-6.048149438650921361e+00
-6.048149438650921361e+00
-6.048149438650921361e+00
-6.048149438650921361e+00
-6.048149438650921361e+00
-6.048149438650921361e+00
-6.048149438650921361e+00
-6.048149438650921361e+00
-6.048149438650921361e+00
-6.048149438650921361e+00
-6.048149438650921361e+00
-6.048149438650921361e+00
-6.048149438650921361e+00
-6.048149438650921361e+00
-6.048149438650921361e+00
-6.048149438650921361e+00
-6.048149438650921361e+00
-6.048149438650921361e+00
-6.048149438650921361e+00
-6.048149438650921361e+00
-6.048149438650921361e+00
-6.048149438650921361e+00
-6.048149438650921361e+00
-6.048149438650921361e+00
-6.048149438650921361e+00
-6.048149438650921361e+00
-6.048149438650921361e+00
-6.048149438650921361e+00
-6.048149438650921361e+00
-6.048149438650921361e+00
-6.048149438650921361e+00
-6.048149438650921361e+00
-6.048149438650921361e+00
-6.048149438650921361e+00
-6.048149438650921361e+00
-6.048149438650921361e+00
-6.048149438650921361e+00
-6.048149438650921361e+00
-6.048149438650921361e+00
-6.048149438650921361e+00
-6.048149438650921361e+00
-6.048149438650921361e+00
-6.048149438650921361e+00
-6.048149438650921361e+00
-6.048149438650921361e+00
-6.048149438650921361e+00
-6.048149438650921361e+00
-6.048149438650921361e+00
-6.048149438650921361e+00
-6.048149438650921361e+00
-6.048149438650921361e+00
-6.048149438650921361e+00
-6.048149438650921361e+00
-6.048149438650921361e+00
-6.048149438650921361e+00
-6.048149438650921361e+00
-6.048149438650921361e+00
-6.048149438650921361e+00
-6.048149438650921361e+00
-6.048149438650921361e+00
-6.442098529446900201e+00
-6.442098529446900201e+00
-6.442098529446900201e+00
-6.442098529446900201e+00
-6.442098529446900201e+00
-6.572387701208964650e+00
-6.572387701208964650e+00
-6.572387701208964650e+00
-6.572387701208964650e+00
-6.572387701208964650e+00
-6.572387701208964650e+00
-6.572387701208964650e+00
-6.572387701208964650e+00
-6.572387701208964650e+00
-6.572387701208964650e+00
-6.572387701208964650e+00
-6.572387701208964650e+00
-6.572387701208964650e+00
-6.572387701208964650e+00
-6.572387701208964650e+00
-6.572387701208964650e+00
-6.572387701208964650e+00
-6.572387701208964650e+00
-6.572387701208964650e+00
-6.572387701208964650e+00
-6.572387701208964650e+00
-6.572387701208964650e+00
-6.572387701208964650e+00
-6.572387701208964650e+00
-6.572387701208964650e+00
-6.572387701208964650e+00
-6.572387701208964650e+00
-6.572387701208964650e+00
-6.572387701208964650e+00
-6.572387701208964650e+00
-6.572387701208964650e+00
-6.572387701208964650e+00
-6.572387701208964650e+00
-6.572387701208964650e+00
-6.572387701208964650e+00
-6.572387701208964650e+00
-6.572387701208964650e+00
-6.572387701208964650e+00
-6.572387701208964650e+00
-6.572387701208964650e+00
-6.572387701208964650e+00
-6.572387701208964650e+00
-6.572387701208964650e+00
-6.572387701208964650e+00
-6.572387701208964650e+00
-6.572387701208964650e+00
-6.572387701208964650e+00
-6.572387701208964650e+00
-6.572387701208964650e+00
-6.572387701208964650e+00
-6.572387701208964650e+00
-6.572387701208964650e+00
-6.572387701208964650e+00
-6.572387701208964650e+00
-6.572387701208964650e+00
-6.572387701208964650e+00
-6.572387701208964650e+00
-6.572387701208964650e+00
-6.572387701208964650e+00
-6.572387701208964650e+00
-6.572387701208964650e+00
-6.572387701208964650e+00
-6.572387701208964650e+00
-6.572387701208964650e+00
-6.572387701208964650e+00
-6.572387701208964650e+00
-6.572387701208964650e+00
-6.572387701208964650e+00
-6.572387701208964650e+00
-6.572387701208964650e+00
-6.572387701208964650e+00
-6.572387701208964650e+00
-6.572387701208964650e+00
-6.572387701208964650e+00
-6.572387701208964650e+00
-6.572387701208964650e+00
-6.572387701208964650e+00
-6.572387701208964650e+00
-6.572387701208964650e+00
-6.572387701208964650e+00
-6.572387701208964650e+00
-6.572387701208964650e+00
-6.572387701208964650e+00
-6.572387701208964650e+00
-6.572387701208964650e+00
-6.572387701208964650e+00
-6.572387701208964650e+00
-6.572387701208964650e+00
-6.572387701208964650e+00
-6.572387701208964650e+00
-6.572387701208964650e+00
-6.572387701208964650e+00
-6.572387701208964650e+00
-6.572387701208964650e+00
-6.572387701208964650e+00
-6.572387701208964650e+00
-6.572387701208964650e+00
-6.572387701208964650e+00
-6.572387701208964650e+00
-6.572387701208964650e+00
-6.572387701208964650e+00
-6.572387701208964650e+00
-6.572387701208964650e+00
-6.572387701208964650e+00
-6.572387701208964650e+00
-6.572387701208964650e+00
-6.572387701208964650e+00
-6.572387701208964650e+00
-6.572387701208964650e+00
-6.572387701208964650e+00
-6.572387701208964650e+00
-6.572387701208964650e+00
-6.572387701208964650e+00
-6.572387701208964650e+00
-6.572387701208964650e+00
-6.572387701208964650e+00
-6.572387701208964650e+00
-6.572387701208964650e+00
-6.572387701208964650e+00
-6.572387701208964650e+00
-6.572387701208964650e+00
-6.572387701208964650e+00
-6.572387701208964650e+00
-6.572387701208964650e+00
-6.572387701208964650e+00
-6.572387701208964650e+00
-6.572387701208964650e+00
-6.572387701208964650e+00
-6.572387701208964650e+00
-6.572387701208964650e+00
-6.821506220480427984e+00
-6.821506220480427984e+00
-6.821506220480427984e+00
-6.821506220480427984e+00
-6.821506220480427984e+00
-6.821506220480427984e+00
-6.821506220480427984e+00
-6.821506220480427984e+00
-6.821506220480427984e+00
-6.821506220480427984e+00
-6.821506220480427984e+00
-6.821506220480427984e+00
-6.821506220480427984e+00
-6.821506220480427984e+00
-6.821506220480427984e+00
-6.821506220480427984e+00
-6.821506220480427984e+00
-6.821506220480427984e+00
-6.821506220480427984e+00
-6.821506220480427984e+00
-6.821506220480427984e+00
-6.821506220480427984e+00
-6.821506220480427984e+00
-6.821506220480427984e+00
-6.821506220480427984e+00
-6.821506220480427984e+00
-6.821506220480427984e+00
-6.821506220480427984e+00
-6.821506220480427984e+00
-6.821506220480427984e+00
-6.821506220480427984e+00
-6.821506220480427984e+00
-6.821506220480427984e+00
-6.821506220480427984e+00
-6.821506220480427984e+00
-6.821506220480427984e+00
-6.821506220480427984e+00
-6.821506220480427984e+00
-6.821506220480427984e+00
-6.821506220480427984e+00
-7.032935739657272478e+00
-7.032935739657272478e+00
-7.032935739657272478e+00
-7.032935739657272478e+00
-7.032935739657272478e+00
-7.054312398934297512e+00
-7.054312398934297512e+00
-7.054312398934297512e+00
-7.054312398934297512e+00
-7.054312398934297512e+00
-7.054312398934297512e+00
-7.054312398934297512e+00
-7.054312398934297512e+00
-7.054312398934297512e+00
-7.054312398934297512e+00
-7.054312398934297512e+00
-7.054312398934297512e+00
-7.054312398934297512e+00
-7.054312398934297512e+00
-7.054312398934297512e+00
-7.054312398934297512e+00
-7.054312398934297512e+00
-7.089352798784639198e+00
-7.089352798784639198e+00
-7.089352798784639198e+00
-7.089352798784639198e+00
-7.089352798784639198e+00
-7.089352798784639198e+00
-7.089352798784639198e+00
-7.089352798784639198e+00
-7.156705726519220434e+00
-7.156705726519220434e+00
-7.156705726519220434e+00
-7.156705726519220434e+00
-7.156705726519220434e+00
-7.156705726519220434e+00
-7.156705726519220434e+00
-7.156705726519220434e+00
-7.156705726519220434e+00
-7.156705726519220434e+00
-7.156705726519220434e+00
-7.207385337747007625e+00
-7.207385337747007625e+00
-7.207385337747007625e+00
-7.207385337747007625e+00
-7.207385337747007625e+00
-7.207385337747007625e+00
-7.207385337747007625e+00
-7.207385337747007625e+00
-7.207385337747007625e+00
-7.207385337747007625e+00
-7.207385337747007625e+00
-7.207385337747007625e+00
-7.207385337747007625e+00
-7.207385337747007625e+00
-7.207385337747007625e+00
-7.207385337747007625e+00
-7.207385337747007625e+00
-7.207385337747007625e+00
-7.207385337747007625e+00
-7.207385337747007625e+00
-7.207385337747007625e+00
-7.207385337747007625e+00
-7.207385337747007625e+00
-7.207385337747007625e+00
-7.207385337747007625e+00
-7.207385337747007625e+00
-7.207385337747007625e+00
-7.207385337747007625e+00
-7.207385337747007625e+00
-7.207385337747007625e+00
-7.207385337747007625e+00
-7.207385337747007625e+00
-7.207385337747007625e+00
-7.207385337747007625e+00
-7.207385337747007625e+00
-7.207385337747007625e+00
-7.207385337747007625e+00
-7.207385337747007625e+00
-7.207385337747007625e+00
-7.207385337747007625e+00
-7.207385337747007625e+00
-7.207385337747007625e+00
-7.207385337747007625e+00
-7.207385337747007625e+00
-7.207385337747007625e+00
-7.207385337747007625e+00
-7.207385337747007625e+00
-7.207385337747007625e+00
-7.207385337747007625e+00
-7.207385337747007625e+00
-7.207385337747007625e+00
-7.207385337747007625e+00
-7.207385337747007625e+00
-7.207385337747007625e+00
-7.207385337747007625e+00
-7.207385337747007625e+00
-7.207385337747007625e+00
-7.207385337747007625e+00
-7.207385337747007625e+00
-7.207385337747007625e+00
-7.207385337747007625e+00
-7.207385337747007625e+00
-7.207385337747007625e+00
-7.207385337747007625e+00
-7.207385337747007625e+00
-7.207385337747007625e+00
-7.207385337747007625e+00
-7.207385337747007625e+00
-7.207385337747007625e+00
-7.207385337747007625e+00
-7.207385337747007625e+00
-7.207385337747007625e+00
-7.207385337747007625e+00
-7.207385337747007625e+00
-7.207385337747007625e+00
-7.207385337747007625e+00
-7.207385337747007625e+00
-7.207385337747007625e+00
-7.207385337747007625e+00
-7.207385337747007625e+00
-7.207385337747007625e+00
-7.207385337747007625e+00
-7.207385337747007625e+00
-7.207385337747007625e+00
-7.207385337747007625e+00
-7.207385337747007625e+00
-7.207385337747007625e+00
-7.207385337747007625e+00
-7.207385337747007625e+00
-7.207385337747007625e+00
-7.207385337747007625e+00
-7.207385337747007625e+00
-7.207385337747007625e+00
-7.207385337747007625e+00
-7.207385337747007625e+00
-7.207385337747007625e+00
-7.207385337747007625e+00
-7.207385337747007625e+00
-7.207385337747007625e+00
-7.207385337747007625e+00
-7.207385337747007625e+00
-7.207385337747007625e+00
-7.207385337747007625e+00
-7.207385337747007625e+00
-7.207385337747007625e+00
-7.207385337747007625e+00
-7.207385337747007625e+00
-7.207385337747007625e+00
-7.207385337747007625e+00
-7.207385337747007625e+00
-7.207385337747007625e+00
-7.207385337747007625e+00
-7.207385337747007625e+00
-7.207385337747007625e+00
-7.207385337747007625e+00
-7.207385337747007625e+00
-7.207385337747007625e+00
-7.207385337747007625e+00
-7.207385337747007625e+00
-7.265762971857972374e+00
-7.265762971857972374e+00
-7.265762971857972374e+00
-7.265762971857972374e+00
-7.265762971857972374e+00
-7.265762971857972374e+00
-7.265762971857972374e+00
-7.290168904373102166e+00
-7.290168904373102166e+00
-7.290168904373102166e+00
-7.290168904373102166e+00
-7.290168904373102166e+00
-7.290168904373102166e+00
-7.290168904373102166e+00
-7.290168904373102166e+00
-7.290168904373102166e+00
-7.290168904373102166e+00
-7.290168904373102166e+00
-7.290168904373102166e+00
-7.290168904373102166e+00
-7.290168904373102166e+00
-7.290168904373102166e+00
-7.299741678213846008e+00
-7.299741678213846008e+00
-7.299741678213846008e+00
-7.299741678213846008e+00
-7.299741678213846008e+00
-7.299741678213846008e+00
-7.299741678213846008e+00
-7.299741678213846008e+00
-7.299741678213846008e+00
-7.299741678213846008e+00
-7.299741678213846008e+00
-7.299741678213846008e+00
-7.299741678213846008e+00
-7.299741678213846008e+00
-7.299741678213846008e+00
-7.299741678213846008e+00
-7.299741678213846008e+00
-7.299741678213846008e+00
-7.299741678213846008e+00
-7.299741678213846008e+00
-7.299741678213846008e+00
-7.299741678213846008e+00
-7.299741678213846008e+00
-7.299741678213846008e+00
-7.299741678213846008e+00
-7.299741678213846008e+00
-7.299741678213846008e+00
-7.299741678213846008e+00
-7.299741678213846008e+00
-7.299741678213846008e+00
-7.299741678213846008e+00
-7.299741678213846008e+00
-7.299741678213846008e+00
-7.299741678213846008e+00
-7.299741678213846008e+00
-7.299741678213846008e+00
-7.299741678213846008e+00
-7.299741678213846008e+00
-7.299741678213846008e+00
-7.299741678213846008e+00
-7.318851035876856592e+00
-7.351059059660678408e+00
-7.351059059660678408e+00
-7.351059059660678408e+00
-7.351059059660678408e+00
-7.351059059660678408e+00
-7.351059059660678408e+00
-7.351059059660678408e+00
-7.351059059660678408e+00
-7.351059059660678408e+00
-7.351059059660678408e+00
-7.351059059660678408e+00
-7.351059059660678408e+00
-7.351059059660678408e+00
-7.351059059660678408e+00
-7.351059059660678408e+00
-7.351059059660678408e+00
-7.351059059660678408e+00
-7.351059059660678408e+00
-7.351059059660678408e+00
-7.404542889596624988e+00
-7.404542889596624988e+00
-7.404542889596624988e+00
-7.404542889596624988e+00
-7.404542889596624988e+00
-7.404542889596624988e+00
-7.404542889596624988e+00
-7.404542889596624988e+00
-7.404542889596624988e+00
-7.404542889596624988e+00
-7.404542889596624988e+00
-7.404542889596624988e+00
-7.404542889596624988e+00
-7.404542889596624988e+00
-7.404542889596624988e+00
-7.404542889596624988e+00
-7.404542889596624988e+00
-7.404542889596624988e+00
-7.404542889596624988e+00
-7.404542889596624988e+00
-7.404542889596624988e+00
-7.404542889596624988e+00
-7.404542889596624988e+00
-7.404542889596624988e+00
-7.404542889596624988e+00
-7.404542889596624988e+00
-7.404542889596624988e+00
-7.404542889596624988e+00
-7.404542889596624988e+00
-7.404542889596624988e+00
-7.404542889596624988e+00
-7.404542889596624988e+00
-7.421421215061407395e+00
-7.421421215061407395e+00
-7.421421215061407395e+00
-7.421421215061407395e+00
-7.421421215061407395e+00
-7.421421215061407395e+00
-7.425211200016294200e+00
-7.425211200016294200e+00
-7.425211200016294200e+00
-7.425211200016294200e+00
-7.425211200016294200e+00
-7.425211200016294200e+00
-7.438127234904541751e+00
-7.438127234904541751e+00
-7.438127234904541751e+00
-7.438127234904541751e+00
-7.438127234904541751e+00
-7.438127234904541751e+00
-7.438127234904541751e+00
-7.438127234904541751e+00
-7.438127234904541751e+00
-7.438127234904541751e+00
-7.438127234904541751e+00
-7.438127234904541751e+00
-7.438127234904541751e+00
-7.438127234904541751e+00
-7.438127234904541751e+00
-7.438127234904541751e+00
-7.438127234904541751e+00
-7.438127234904541751e+00
-7.438127234904541751e+00
-7.438127234904541751e+00
-7.438206269151891092e+00
-7.438206269151891092e+00
-7.438206269151891092e+00
-7.438206269151891092e+00
-7.438206269151891092e+00
-7.438206269151891092e+00
-7.438206269151891092e+00
-7.438206269151891092e+00
-7.438206269151891092e+00
-7.438206269151891092e+00
-7.438206269151891092e+00
-7.438206269151891092e+00
-7.438206269151891092e+00
-7.438206269151891092e+00
-7.438206269151891092e+00
-7.438206269151891092e+00
-7.438206269151891092e+00
-7.438206269151891092e+00
-7.438206269151891092e+00
-7.438206269151891092e+00
-7.461583184320958573e+00
-7.461583184320958573e+00
-7.461583184320958573e+00
-7.461583184320958573e+00
-7.461583184320958573e+00
-7.461583184320958573e+00
-7.461583184320958573e+00
-7.478096986012918279e+00
-7.478096986012918279e+00
-7.480458916581896212e+00
-7.480458916581896212e+00
-7.480458916581896212e+00
-7.480458916581896212e+00
-7.480458916581896212e+00
-7.480458916581896212e+00
-7.480458916581896212e+00
-7.480458916581896212e+00
-7.508776378909256088e+00
-7.508776378909256088e+00
-7.508776378909256088e+00
-7.508776378909256088e+00
-7.508776378909256088e+00
-7.508776378909256088e+00
-7.508776378909256088e+00
-7.508776378909256088e+00
-7.519063176433383511e+00
-7.519063176433383511e+00
-7.519063176433383511e+00
-7.519063176433383511e+00
-7.519063176433383511e+00
-7.522040596357210340e+00
-7.526304007089232861e+00
-7.546431288421656447e+00
-7.548084233339066529e+00
-7.552391204900223975e+00
-7.552391204900223975e+00
-7.552391204900223975e+00
-7.579547911286954154e+00
