-5.454510843799349473e-01
-5.454510843799349473e-01
-5.454510843799349473e-01
-5.454510843799349473e-01
-5.454510843799349473e-01
-5.454510843799349473e-01
-5.454510843799349473e-01
-5.454510843799349473e-01
-5.454510843799349473e-01
-5.454510843799349473e-01
-6.672779544714400046e-01
-6.672779544714400046e-01
-6.672779544714400046e-01
-2.119495473961237053e+00
-2.119495473961237053e+00
-2.119495473961237053e+00
-2.119495473961237053e+00
-2.119495473961237053e+00
-2.119495473961237053e+00
-2.119495473961237053e+00
-2.119495473961237053e+00
-2.119495473961237053e+00
-2.119495473961237053e+00
-2.119495473961237053e+00
-2.119495473961237053e+00
-2.119495473961237053e+00
-2.119495473961237053e+00
-2.119495473961237053e+00
-2.119495473961237053e+00
-2.119495473961237053e+00
-2.119495473961237053e+00
-2.119495473961237053e+00
-2.119495473961237053e+00
-2.119495473961237053e+00
-2.119495473961237053e+00
-2.119495473961237053e+00
-2.119495473961237053e+00
-2.119495473961237053e+00
-2.119495473961237053e+00
-2.119495473961237053e+00
-2.119495473961237053e+00
-2.119495473961237053e+00
-2.119495473961237053e+00
-2.119495473961237053e+00
-2.119495473961237053e+00
-2.119495473961237053e+00
-2.119495473961237053e+00
-2.119495473961237053e+00
-2.119495473961237053e+00
-2.119495473961237053e+00
-2.119495473961237053e+00
-2.119495473961237053e+00
-2.119495473961237053e+00
-2.119495473961237053e+00
-2.119495473961237053e+00
-2.119495473961237053e+00
-2.119495473961237053e+00
-2.119495473961237053e+00
-2.119495473961237053e+00
-2.119495473961237053e+00
-2.119495473961237053e+00
-2.119495473961237053e+00
-2.119495473961237053e+00
-2.119495473961237053e+00
-2.119495473961237053e+00
-2.119495473961237053e+00
-2.119495473961237053e+00
-2.119495473961237053e+00
-2.119495473961237053e+00
-2.119495473961237053e+00
-2.119495473961237053e+00
-2.119495473961237053e+00
-2.119495473961237053e+00
-2.119495473961237053e+00
-2.119495473961237053e+00
-2.119495473961237053e+00
-2.119495473961237053e+00
-2.119495473961237053e+00
-2.119495473961237053e+00
-2.119495473961237053e+00
-2.119495473961237053e+00
-2.119495473961237053e+00
-2.119495473961237053e+00
-2.119495473961237053e+00
-2.119495473961237053e+00
-2.119495473961237053e+00
-2.119495473961237053e+00
-2.119495473961237053e+00
-2.119495473961237053e+00
-2.119495473961237053e+00
-2.119495473961237053e+00
-2.119495473961237053e+00
-2.119495473961237053e+00
-2.142196729095437568e+00
-2.142196729095437568e+00
-2.142196729095437568e+00
-2.142196729095437568e+00
-2.142196729095437568e+00
-2.142196729095437568e+00
-2.142196729095437568e+00
-2.142196729095437568e+00
-2.142196729095437568e+00
-2.142196729095437568e+00
-2.142196729095437568e+00
-2.142196729095437568e+00
-2.142196729095437568e+00
-2.142196729095437568e+00
-2.142196729095437568e+00
-2.142196729095437568e+00
-2.142196729095437568e+00
-2.142196729095437568e+00
-2.142196729095437568e+00
-2.142196729095437568e+00
-2.142196729095437568e+00
-2.142196729095437568e+00
-2.142196729095437568e+00
-2.142196729095437568e+00
-2.142196729095437568e+00
-2.142196729095437568e+00
-2.142196729095437568e+00
-2.142196729095437568e+00
-2.142196729095437568e+00
-2.142196729095437568e+00
-2.142196729095437568e+00
-2.142196729095437568e+00
-2.142196729095437568e+00
-2.142196729095437568e+00
-2.142196729095437568e+00
-2.142196729095437568e+00
-2.142196729095437568e+00
-2.142196729095437568e+00
-2.142196729095437568e+00
-2.142196729095437568e+00
-2.142196729095437568e+00
-2.142196729095437568e+00
-2.142196729095437568e+00
-2.142196729095437568e+00
-2.142196729095437568e+00
-2.142196729095437568e+00
-2.142196729095437568e+00
-2.142196729095437568e+00
-2.142196729095437568e+00
-2.142196729095437568e+00
-2.142196729095437568e+00
-2.142196729095437568e+00
-2.142196729095437568e+00
-2.142196729095437568e+00
-2.142196729095437568e+00
-2.142196729095437568e+00
-2.142196729095437568e+00
-2.142196729095437568e+00
-2.142196729095437568e+00
-2.142196729095437568e+00
-2.142196729095437568e+00
-2.142196729095437568e+00
-2.142196729095437568e+00
-2.142196729095437568e+00
-2.142196729095437568e+00
-2.142196729095437568e+00
-2.142196729095437568e+00
-2.142196729095437568e+00
-2.142196729095437568e+00
-2.142196729095437568e+00
-2.142196729095437568e+00
-2.142196729095437568e+00
-2.142196729095437568e+00
-2.142196729095437568e+00
-2.712741292051769726e+00
-2.712741292051769726e+00
-2.712741292051769726e+00
-2.712741292051769726e+00
-2.712741292051769726e+00
-2.712741292051769726e+00
-2.712741292051769726e+00
-2.712741292051769726e+00
-2.712741292051769726e+00
-2.712741292051769726e+00
-2.712741292051769726e+00
-2.712741292051769726e+00
-2.712741292051769726e+00
-2.712741292051769726e+00
-2.712741292051769726e+00
-2.712741292051769726e+00
-2.712741292051769726e+00
-2.712741292051769726e+00
-2.712741292051769726e+00
-2.712741292051769726e+00
-2.712741292051769726e+00
-2.712741292051769726e+00
-2.712741292051769726e+00
-2.712741292051769726e+00
-2.712741292051769726e+00
-2.712741292051769726e+00
-2.712741292051769726e+00
-2.712741292051769726e+00
-2.712741292051769726e+00
-2.712741292051769726e+00
-2.712741292051769726e+00
-2.712741292051769726e+00
-2.712741292051769726e+00
-2.712741292051769726e+00
-2.712741292051769726e+00
-2.712741292051769726e+00
-2.712741292051769726e+00
-2.712741292051769726e+00
-2.712741292051769726e+00
-2.712741292051769726e+00
-2.712741292051769726e+00
-2.712741292051769726e+00
-2.712741292051769726e+00
-2.712741292051769726e+00
-2.712741292051769726e+00
-2.712741292051769726e+00
-2.712741292051769726e+00
-2.712741292051769726e+00
-2.712741292051769726e+00
-2.712741292051769726e+00
-2.712741292051769726e+00
-2.712741292051769726e+00
-2.712741292051769726e+00
-2.712741292051769726e+00
-2.712741292051769726e+00
-2.712741292051769726e+00
-2.912771949137334282e+00
-3.172084616449404315e+00
-3.172084616449404315e+00
-3.172084616449404315e+00
-3.172084616449404315e+00
-3.172084616449404315e+00
-3.172084616449404315e+00
-3.172084616449404315e+00
-3.172084616449404315e+00
-3.172084616449404315e+00
-3.172084616449404315e+00
-3.172084616449404315e+00
-3.172084616449404315e+00
-3.172084616449404315e+00
-3.172084616449404315e+00
-3.172084616449404315e+00
-3.172084616449404315e+00
-3.172084616449404315e+00
-3.172084616449404315e+00
-3.172084616449404315e+00
-3.172084616449404315e+00
-3.172084616449404315e+00
-3.172084616449404315e+00
-3.172084616449404315e+00
-3.172084616449404315e+00
-3.172084616449404315e+00
-3.172084616449404315e+00
-3.172084616449404315e+00
-3.172084616449404315e+00
-3.172084616449404315e+00
-3.172084616449404315e+00
-3.172084616449404315e+00
-3.172084616449404315e+00
-3.172084616449404315e+00
-3.172084616449404315e+00
-3.172084616449404315e+00
-3.172084616449404315e+00
-3.172084616449404315e+00
-3.172084616449404315e+00
-3.172084616449404315e+00
-3.172084616449404315e+00
-3.462407492264991227e+00
-3.462407492264991227e+00
-3.462407492264991227e+00
-3.462407492264991227e+00
-3.462407492264991227e+00
-3.462407492264991227e+00
-3.462407492264991227e+00
-3.462407492264991227e+00
-3.462407492264991227e+00
-3.462407492264991227e+00
-3.462407492264991227e+00
-3.462407492264991227e+00
-3.462407492264991227e+00
-3.462407492264991227e+00
-3.462407492264991227e+00
-3.462407492264991227e+00
-3.462407492264991227e+00
-3.462407492264991227e+00
-3.462407492264991227e+00
-3.462407492264991227e+00
-3.462407492264991227e+00
-3.462407492264991227e+00
-3.462407492264991227e+00
-3.462407492264991227e+00
-3.462407492264991227e+00
-3.462407492264991227e+00
-3.462407492264991227e+00
-3.462407492264991227e+00
-3.462407492264991227e+00
-3.462407492264991227e+00
-3.462407492264991227e+00
-3.462407492264991227e+00
-3.462407492264991227e+00
-3.462407492264991227e+00
-3.462407492264991227e+00
-3.462407492264991227e+00
-3.462407492264991227e+00
-3.462407492264991227e+00
-3.462407492264991227e+00
-3.462407492264991227e+00
-3.462407492264991227e+00
-3.462407492264991227e+00
-3.462407492264991227e+00
-3.462407492264991227e+00
-3.462407492264991227e+00
-3.462407492264991227e+00
-3.462407492264991227e+00
-3.462407492264991227e+00
-3.462407492264991227e+00
-3.462407492264991227e+00
-4.216463140629159945e+00
-4.532848927369356851e+00
-4.532848927369356851e+00
-4.532848927369356851e+00
-4.532848927369356851e+00
-4.532848927369356851e+00
-4.532848927369356851e+00
-4.532848927369356851e+00
-4.532848927369356851e+00
-4.532848927369356851e+00
-4.532848927369356851e+00
-4.532848927369356851e+00
-4.532848927369356851e+00
-4.532848927369356851e+00
-4.532848927369356851e+00
-4.532848927369356851e+00
-4.532848927369356851e+00
-4.532848927369356851e+00
-4.532848927369356851e+00
-4.532848927369356851e+00
-4.532848927369356851e+00
-4.532848927369356851e+00
-4.532848927369356851e+00
-4.532848927369356851e+00
-4.532848927369356851e+00
-4.532848927369356851e+00
-4.532848927369356851e+00
-4.532848927369356851e+00
-4.532848927369356851e+00
-4.532848927369356851e+00
-4.532848927369356851e+00
-4.532848927369356851e+00
-4.532848927369356851e+00
-4.532848927369356851e+00
-4.532848927369356851e+00
-4.532848927369356851e+00
-4.532848927369356851e+00
-4.532848927369356851e+00
-4.532848927369356851e+00
-4.532848927369356851e+00
-4.532848927369356851e+00
-4.532848927369356851e+00
-4.532848927369356851e+00
-4.532848927369356851e+00
-4.532848927369356851e+00
-4.532848927369356851e+00
-4.532848927369356851e+00
-4.532848927369356851e+00
-4.532848927369356851e+00
-4.532848927369356851e+00
-4.532848927369356851e+00
-4.532848927369356851e+00
-4.532848927369356851e+00
-4.532848927369356851e+00
-4.532848927369356851e+00
-4.532848927369356851e+00
-4.532848927369356851e+00
-4.532848927369356851e+00
-4.532848927369356851e+00
-4.532848927369356851e+00
-4.532848927369356851e+00
-4.532848927369356851e+00
-4.532848927369356851e+00
-4.532848927369356851e+00
-4.532848927369356851e+00
-4.532848927369356851e+00
-4.532848927369356851e+00
-4.532848927369356851e+00
-4.532848927369356851e+00
-4.532848927369356851e+00
-4.532848927369356851e+00
-4.532848927369356851e+00
-4.532848927369356851e+00
-4.532848927369356851e+00
-4.532848927369356851e+00
-4.532848927369356851e+00
-4.532848927369356851e+00
-4.532848927369356851e+00
-4.532848927369356851e+00
-4.532848927369356851e+00
-4.532848927369356851e+00
-4.532848927369356851e+00
-4.532848927369356851e+00
-4.532848927369356851e+00
-4.532848927369356851e+00
-4.532848927369356851e+00
-4.532848927369356851e+00
-4.532848927369356851e+00
-4.532848927369356851e+00
-4.532848927369356851e+00
-4.532848927369356851e+00
-4.532848927369356851e+00
-4.532848927369356851e+00
-4.532848927369356851e+00
-4.532848927369356851e+00
-4.532848927369356851e+00
-4.532848927369356851e+00
-4.532848927369356851e+00
-4.532848927369356851e+00
-4.532848927369356851e+00
-4.532848927369356851e+00
-4.532848927369356851e+00
-4.532848927369356851e+00
-4.532848927369356851e+00
-4.532848927369356851e+00
-4.532848927369356851e+00
-4.532848927369356851e+00
-4.532848927369356851e+00
-4.532848927369356851e+00
-4.532848927369356851e+00
-4.532848927369356851e+00
-4.532848927369356851e+00
-4.532848927369356851e+00
-4.532848927369356851e+00
-4.532848927369356851e+00
-4.532848927369356851e+00
-4.532848927369356851e+00
-4.532848927369356851e+00
-4.532848927369356851e+00
-4.532848927369356851e+00
-4.532848927369356851e+00
-4.532848927369356851e+00
-4.532848927369356851e+00
-4.532848927369356851e+00
-4.532848927369356851e+00
-4.532848927369356851e+00
-4.532848927369356851e+00
-4.532848927369356851e+00
-4.532848927369356851e+00
-4.532848927369356851e+00
-4.532848927369356851e+00
-4.532848927369356851e+00
-4.610990365955098369e+00
-4.610990365955098369e+00
-4.610990365955098369e+00
-4.610990365955098369e+00
-4.610990365955098369e+00
-4.610990365955098369e+00
-4.610990365955098369e+00
-4.610990365955098369e+00
-4.610990365955098369e+00
-4.610990365955098369e+00
-4.610990365955098369e+00
-4.610990365955098369e+00
-4.610990365955098369e+00
-4.610990365955098369e+00
-4.610990365955098369e+00
-4.610990365955098369e+00
-4.610990365955098369e+00
-4.610990365955098369e+00
-4.610990365955098369e+00
-4.610990365955098369e+00
-4.610990365955098369e+00
-4.610990365955098369e+00
-4.610990365955098369e+00
-4.610990365955098369e+00
-4.610990365955098369e+00
-4.610990365955098369e+00
-4.610990365955098369e+00
-4.610990365955098369e+00
-4.610990365955098369e+00
-4.610990365955098369e+00
-4.610990365955098369e+00
-4.610990365955098369e+00
-4.610990365955098369e+00
-4.610990365955098369e+00
-5.625098695618047984e+00
-6.327901191883817056e+00
-6.327901191883817056e+00
-6.327901191883817056e+00
-6.327901191883817056e+00
-6.327901191883817056e+00
-6.327901191883817056e+00
-6.327901191883817056e+00
-6.327901191883817056e+00
-6.327901191883817056e+00
-6.327901191883817056e+00
-6.327901191883817056e+00
-6.327901191883817056e+00
-6.327901191883817056e+00
-6.327901191883817056e+00
-6.327901191883817056e+00
-6.327901191883817056e+00
-6.327901191883817056e+00
-6.327901191883817056e+00
-6.327901191883817056e+00
-6.327901191883817056e+00
-6.327901191883817056e+00
-6.327901191883817056e+00
-6.327901191883817056e+00
-6.327901191883817056e+00
-6.327901191883817056e+00
-6.327901191883817056e+00
-6.327901191883817056e+00
-6.327901191883817056e+00
-6.327901191883817056e+00
-6.327901191883817056e+00
-6.327901191883817056e+00
-6.327901191883817056e+00
-6.327901191883817056e+00
-6.327901191883817056e+00
-6.327901191883817056e+00
-6.327901191883817056e+00
-6.327901191883817056e+00
-6.327901191883817056e+00
-6.327901191883817056e+00
-6.327901191883817056e+00
-6.327901191883817056e+00
-6.327901191883817056e+00
-6.327901191883817056e+00
-6.327901191883817056e+00
-6.327901191883817056e+00
-6.327901191883817056e+00
-6.327901191883817056e+00
-6.327901191883817056e+00
-6.327901191883817056e+00
-6.327901191883817056e+00
-6.327901191883817056e+00
-6.327901191883817056e+00
-6.327901191883817056e+00
-6.327901191883817056e+00
-6.327901191883817056e+00
-6.327901191883817056e+00
-6.327901191883817056e+00
-6.327901191883817056e+00
-6.327901191883817056e+00
-6.327901191883817056e+00
-6.327901191883817056e+00
-6.327901191883817056e+00
-6.327901191883817056e+00
-6.327901191883817056e+00
-6.327901191883817056e+00
-6.327901191883817056e+00
-6.327901191883817056e+00
-6.327901191883817056e+00
-6.327901191883817056e+00
-6.327901191883817056e+00
-6.327901191883817056e+00
-6.327901191883817056e+00
-6.327901191883817056e+00
-6.327901191883817056e+00
-6.327901191883817056e+00
-6.327901191883817056e+00
-6.327901191883817056e+00
-6.327901191883817056e+00
-6.327901191883817056e+00
-6.327901191883817056e+00
-6.327901191883817056e+00
-6.327901191883817056e+00
-6.327901191883817056e+00
-6.327901191883817056e+00
-6.327901191883817056e+00
-6.327901191883817056e+00
-6.327901191883817056e+00
-6.327901191883817056e+00
-6.327901191883817056e+00
-6.327901191883817056e+00
-6.327901191883817056e+00
-6.327901191883817056e+00
-6.327901191883817056e+00
-6.327901191883817056e+00
-6.327901191883817056e+00
-6.327901191883817056e+00
-6.327901191883817056e+00
-6.327901191883817056e+00
-6.327901191883817056e+00
-6.327901191883817056e+00
-6.327901191883817056e+00
-6.327901191883817056e+00
-6.327901191883817056e+00
-6.327901191883817056e+00
-6.327901191883817056e+00
-6.327901191883817056e+00
-6.327901191883817056e+00
-6.327901191883817056e+00
-6.327901191883817056e+00
-6.327901191883817056e+00
-6.327901191883817056e+00
-6.327901191883817056e+00
-6.327901191883817056e+00
-6.327901191883817056e+00
-6.327901191883817056e+00
-6.327901191883817056e+00
-6.327901191883817056e+00
-6.327901191883817056e+00
-6.327901191883817056e+00
-6.327901191883817056e+00
-6.327901191883817056e+00
-6.327901191883817056e+00
-6.327901191883817056e+00
-6.327901191883817056e+00
-6.327901191883817056e+00
-6.327901191883817056e+00
-6.327901191883817056e+00
-6.327901191883817056e+00
-6.327901191883817056e+00
-6.327901191883817056e+00
-6.327901191883817056e+00
-6.327901191883817056e+00
-6.327901191883817056e+00
-6.327901191883817056e+00
-6.327901191883817056e+00
-6.327901191883817056e+00
-6.327901191883817056e+00
-6.327901191883817056e+00
-6.327901191883817056e+00
-6.327901191883817056e+00
-6.327901191883817056e+00
-6.327901191883817056e+00
-6.327901191883817056e+00
-6.327901191883817056e+00
-6.327901191883817056e+00
-6.327901191883817056e+00
-6.327901191883817056e+00
-6.327901191883817056e+00
-6.327901191883817056e+00
-6.327901191883817056e+00
-6.327901191883817056e+00
-6.327901191883817056e+00
-6.327901191883817056e+00
-6.327901191883817056e+00
-6.327901191883817056e+00
-6.327901191883817056e+00
-6.327901191883817056e+00
-6.327901191883817056e+00
-6.327901191883817056e+00
-6.327901191883817056e+00
-6.327901191883817056e+00
-6.327901191883817056e+00
-6.327901191883817056e+00
-6.327901191883817056e+00
-6.327901191883817056e+00
-6.327901191883817056e+00
-6.327901191883817056e+00
-6.327901191883817056e+00
-6.327901191883817056e+00
-6.327901191883817056e+00
-6.327901191883817056e+00
-6.327901191883817056e+00
-6.327901191883817056e+00
-6.327901191883817056e+00
-6.327901191883817056e+00
-6.327901191883817056e+00
-6.327901191883817056e+00
-6.327901191883817056e+00
-6.327901191883817056e+00
-6.327901191883817056e+00
-6.327901191883817056e+00
-6.327901191883817056e+00
-6.327901191883817056e+00
-6.327901191883817056e+00
-6.327901191883817056e+00
-6.327901191883817056e+00
-6.327901191883817056e+00
-6.327901191883817056e+00
-6.327901191883817056e+00
-6.327901191883817056e+00
-6.327901191883817056e+00
-6.327901191883817056e+00
-6.327901191883817056e+00
-6.327901191883817056e+00
-6.327901191883817056e+00
-6.327901191883817056e+00
-6.327901191883817056e+00
-6.327901191883817056e+00
-6.327901191883817056e+00
-6.327901191883817056e+00
-6.327901191883817056e+00
-6.327901191883817056e+00
-6.327901191883817056e+00
-6.327901191883817056e+00
-6.327901191883817056e+00
-6.327901191883817056e+00
-6.327901191883817056e+00
-6.327901191883817056e+00
-6.327901191883817056e+00
-6.327901191883817056e+00
-6.327901191883817056e+00
-6.327901191883817056e+00
-6.327901191883817056e+00
-6.327901191883817056e+00
-6.327901191883817056e+00
-6.327901191883817056e+00
-6.327901191883817056e+00
-6.327901191883817056e+00
-6.327901191883817056e+00
-6.327901191883817056e+00
-6.327901191883817056e+00
-6.327901191883817056e+00
-6.327901191883817056e+00
-6.327901191883817056e+00
-6.327901191883817056e+00
-6.327901191883817056e+00
-6.327901191883817056e+00
-6.327901191883817056e+00
-6.327901191883817056e+00
-6.327901191883817056e+00
-6.327901191883817056e+00
-6.327901191883817056e+00
-6.327901191883817056e+00
-6.327901191883817056e+00
-6.327901191883817056e+00
-6.327901191883817056e+00
-6.327901191883817056e+00
-6.327901191883817056e+00
-6.327901191883817056e+00
-6.327901191883817056e+00
-6.327901191883817056e+00
-6.327901191883817056e+00
-6.327901191883817056e+00
-6.327901191883817056e+00
-6.327901191883817056e+00
-6.327901191883817056e+00
-6.327901191883817056e+00
-6.327901191883817056e+00
-6.327901191883817056e+00
-6.327901191883817056e+00
-6.327901191883817056e+00
-6.327901191883817056e+00
-6.327901191883817056e+00
-6.327901191883817056e+00
-6.327901191883817056e+00
-6.327901191883817056e+00
-7.160161019555436823e+00
-7.160161019555436823e+00
-7.190207183972767702e+00
-7.190207183972767702e+00
-7.190207183972767702e+00
-7.190207183972767702e+00
-7.190207183972767702e+00
-7.190207183972767702e+00
-7.190207183972767702e+00
-7.190207183972767702e+00
-7.190207183972767702e+00
-7.190207183972767702e+00
-7.190207183972767702e+00
-7.190207183972767702e+00
-7.190207183972767702e+00
-7.190207183972767702e+00
-7.190207183972767702e+00
-7.190207183972767702e+00
-7.190207183972767702e+00
-7.190207183972767702e+00
-7.190207183972767702e+00
-7.190207183972767702e+00
-7.190207183972767702e+00
-7.190207183972767702e+00
-7.190207183972767702e+00
-7.190207183972767702e+00
-7.190207183972767702e+00
-7.190207183972767702e+00
-7.190207183972767702e+00
-7.190207183972767702e+00
-7.190207183972767702e+00
-7.190207183972767702e+00
-7.190207183972767702e+00
-7.190207183972767702e+00
-7.190207183972767702e+00
-7.190207183972767702e+00
-7.190207183972767702e+00
-7.190207183972767702e+00
-7.190207183972767702e+00
-7.190207183972767702e+00
-7.190207183972767702e+00
-7.190207183972767702e+00
-7.190207183972767702e+00
-7.190207183972767702e+00
-7.190207183972767702e+00
-7.190207183972767702e+00
-7.190207183972767702e+00
-7.190207183972767702e+00
-7.190207183972767702e+00
-7.190207183972767702e+00
-7.190207183972767702e+00
-7.190207183972767702e+00
-7.190207183972767702e+00
-7.190207183972767702e+00
-7.190207183972767702e+00
-7.190207183972767702e+00
-7.190207183972767702e+00
-7.190207183972767702e+00
-7.190207183972767702e+00
-7.190207183972767702e+00
-7.190207183972767702e+00
-7.190207183972767702e+00
-7.190207183972767702e+00
-7.190207183972767702e+00
-7.190207183972767702e+00
-7.190207183972767702e+00
-7.190207183972767702e+00
-7.190207183972767702e+00
-7.190207183972767702e+00
-7.190207183972767702e+00
-7.190207183972767702e+00
-7.190207183972767702e+00
-7.190207183972767702e+00
-7.190207183972767702e+00
-7.190207183972767702e+00
-7.190207183972767702e+00
-7.190207183972767702e+00
-7.190207183972767702e+00
-7.190207183972767702e+00
-7.190207183972767702e+00
-7.190207183972767702e+00
-7.190207183972767702e+00
-7.190207183972767702e+00
-7.190207183972767702e+00
-7.190207183972767702e+00
-7.190207183972767702e+00
-7.190207183972767702e+00
-7.190207183972767702e+00
-7.190207183972767702e+00
-7.190207183972767702e+00
-7.190207183972767702e+00
-7.190207183972767702e+00
-7.190207183972767702e+00
-7.190207183972767702e+00
-7.190207183972767702e+00
-7.190207183972767702e+00
-7.190207183972767702e+00
-7.190207183972767702e+00
-7.190207183972767702e+00
-7.190207183972767702e+00
-7.190207183972767702e+00
-7.190207183972767702e+00
-7.190207183972767702e+00
-7.190207183972767702e+00
-7.190207183972767702e+00
-7.190207183972767702e+00
-7.190207183972767702e+00
-7.190207183972767702e+00
-7.190207183972767702e+00
-7.805477464690772749e+00
-7.805477464690772749e+00
-7.805477464690772749e+00
-7.805477464690772749e+00
-7.805477464690772749e+00
-7.805477464690772749e+00
-7.805477464690772749e+00
-7.805477464690772749e+00
-7.805477464690772749e+00
-7.805477464690772749e+00
-7.805477464690772749e+00
-7.805477464690772749e+00
-7.805477464690772749e+00
-7.805477464690772749e+00
-7.805477464690772749e+00
-7.805477464690772749e+00
-7.805477464690772749e+00
-7.805477464690772749e+00
-7.805477464690772749e+00
-7.805477464690772749e+00
-7.805477464690772749e+00
-7.805477464690772749e+00
-7.805477464690772749e+00
-7.805477464690772749e+00
-7.805477464690772749e+00
-7.805477464690772749e+00
-7.805477464690772749e+00
-7.805477464690772749e+00
-7.805477464690772749e+00
-7.805477464690772749e+00
-8.927893080680668447e+00
-8.927893080680668447e+00
-8.927893080680668447e+00
-8.927893080680668447e+00
-8.927893080680668447e+00
-8.927893080680668447e+00
-8.927893080680668447e+00
-8.927893080680668447e+00
-8.927893080680668447e+00
-8.927893080680668447e+00
-8.927893080680668447e+00
-8.927893080680668447e+00
-8.927893080680668447e+00
-8.927893080680668447e+00
-8.927893080680668447e+00
-8.927893080680668447e+00
-8.927893080680668447e+00
-8.927893080680668447e+00
-8.927893080680668447e+00
-8.927893080680668447e+00
-8.927893080680668447e+00
-8.927893080680668447e+00
-8.927893080680668447e+00
-8.927893080680668447e+00
-8.927893080680668447e+00
-8.927893080680668447e+00
-8.927893080680668447e+00
-8.927893080680668447e+00
-8.927893080680668447e+00
-8.927893080680668447e+00
-8.927893080680668447e+00
-8.927893080680668447e+00
-8.927893080680668447e+00
-8.927893080680668447e+00
-8.927893080680668447e+00
-8.927893080680668447e+00
-8.927893080680668447e+00
-8.927893080680668447e+00
-8.927893080680668447e+00
-8.927893080680668447e+00
-8.927893080680668447e+00
-8.927893080680668447e+00
-8.927893080680668447e+00
-8.927893080680668447e+00
-8.927893080680668447e+00
-8.927893080680668447e+00
-8.927893080680668447e+00
-8.927893080680668447e+00
-8.927893080680668447e+00
-8.927893080680668447e+00
-8.927893080680668447e+00
-8.927893080680668447e+00
-8.927893080680668447e+00
-8.927893080680668447e+00
-8.927893080680668447e+00
-8.927893080680668447e+00
-8.927893080680668447e+00
-8.927893080680668447e+00
-8.927893080680668447e+00
-8.927893080680668447e+00
-8.927893080680668447e+00
-8.927893080680668447e+00
-8.927893080680668447e+00
-8.927893080680668447e+00
-8.927893080680668447e+00
-8.927893080680668447e+00
-8.927893080680668447e+00
-8.927893080680668447e+00
-8.927893080680668447e+00
-8.927893080680668447e+00
-8.927893080680668447e+00
-8.927893080680668447e+00
-8.927893080680668447e+00
-8.927893080680668447e+00
-8.927893080680668447e+00
-8.927893080680668447e+00
-8.927893080680668447e+00
-8.927893080680668447e+00
-8.927893080680668447e+00
-8.927893080680668447e+00
-8.929981659920196435e+00
-8.929981659920196435e+00
-8.929981659920196435e+00
-8.929981659920196435e+00
-8.929981659920196435e+00
-8.929981659920196435e+00
-8.929981659920196435e+00
-8.929981659920196435e+00
-8.929981659920196435e+00
-8.929981659920196435e+00
-8.929981659920196435e+00
-8.929981659920196435e+00
-8.929981659920196435e+00
-8.929981659920196435e+00
-8.929981659920196435e+00
-8.929981659920196435e+00
-8.929981659920196435e+00
-8.929981659920196435e+00
-8.929981659920196435e+00
-8.929981659920196435e+00
-8.929981659920196435e+00
-8.929981659920196435e+00
-8.929981659920196435e+00
-8.929981659920196435e+00
-8.929981659920196435e+00
-8.929981659920196435e+00
-8.929981659920196435e+00
-8.929981659920196435e+00
-8.929981659920196435e+00
-8.929981659920196435e+00
-8.946613329785499502e+00
-8.946613329785499502e+00
-8.946613329785499502e+00
-8.946613329785499502e+00
-8.946613329785499502e+00
-8.946613329785499502e+00
-8.946613329785499502e+00
-9.046724044643260854e+00
-9.046724044643260854e+00
-9.046724044643260854e+00
-9.046724044643260854e+00
-9.046724044643260854e+00
-9.046724044643260854e+00
-9.046724044643260854e+00
-9.046724044643260854e+00
-9.046724044643260854e+00
-9.046724044643260854e+00
-9.046724044643260854e+00
-9.046724044643260854e+00
-9.046724044643260854e+00
-9.046724044643260854e+00
-9.063253868594111751e+00
-9.063253868594111751e+00
-9.063253868594111751e+00
-9.063253868594111751e+00
-9.072838673195697368e+00
-9.072838673195697368e+00
-9.072838673195697368e+00
-9.072838673195697368e+00
-9.082063590487852167e+00
-9.082063590487852167e+00
-9.082063590487852167e+00
-9.082063590487852167e+00
-9.082063590487852167e+00
-9.082063590487852167e+00
-9.082063590487852167e+00
-9.082063590487852167e+00
-9.082063590487852167e+00
-9.082063590487852167e+00
-9.082063590487852167e+00
-9.082063590487852167e+00
-9.082063590487852167e+00
-9.082063590487852167e+00
-9.082063590487852167e+00
-9.082063590487852167e+00
-9.082063590487852167e+00
-9.082063590487852167e+00
-9.082063590487852167e+00
-9.082063590487852167e+00
-9.082063590487852167e+00
-9.082063590487852167e+00
-9.082063590487852167e+00
-9.082063590487852167e+00
-9.082063590487852167e+00
-9.082063590487852167e+00
-9.082063590487852167e+00
-9.082063590487852167e+00
-9.082063590487852167e+00
-9.082063590487852167e+00
-9.082063590487852167e+00
-9.082063590487852167e+00
-9.082063590487852167e+00
-9.082063590487852167e+00
-9.082063590487852167e+00
-9.082063590487852167e+00
-9.082063590487852167e+00
-9.082063590487852167e+00
-9.082063590487852167e+00
-9.082063590487852167e+00
-9.082063590487852167e+00
-9.082063590487852167e+00
-9.082063590487852167e+00
-9.082063590487852167e+00
-9.082063590487852167e+00
-9.082063590487852167e+00
-9.082063590487852167e+00
-9.082063590487852167e+00
-9.082063590487852167e+00
-9.082063590487852167e+00
-9.082063590487852167e+00
-9.100517548917153476e+00
-9.100517548917153476e+00
-9.100517548917153476e+00
-9.100517548917153476e+00
-9.100517548917153476e+00
-9.100517548917153476e+00
-9.100517548917153476e+00
-9.100517548917153476e+00
-9.100517548917153476e+00
-9.100517548917153476e+00
-9.100517548917153476e+00
-9.100517548917153476e+00
-9.100517548917153476e+00
-9.100517548917153476e+00
-9.100517548917153476e+00
-9.100517548917153476e+00
-9.100517548917153476e+00
-9.100517548917153476e+00
-9.100517548917153476e+00
-9.100517548917153476e+00
-9.102405948219869813e+00
-9.102405948219869813e+00
-9.102405948219869813e+00
-9.102405948219869813e+00
-9.102405948219869813e+00
-9.102405948219869813e+00
-9.102405948219869813e+00
-9.102405948219869813e+00
-9.142572950117818564e+00
-9.142572950117818564e+00
-9.142572950117818564e+00
-9.187022121554207388e+00
-9.187022121554207388e+00
-9.187022121554207388e+00
-9.187022121554207388e+00
-9.187022121554207388e+00
-9.187022121554207388e+00
-9.187022121554207388e+00
-9.187022121554207388e+00
-9.236239986451566963e+00
-9.236239986451566963e+00
-9.236239986451566963e+00
-9.236239986451566963e+00
-9.236239986451566963e+00
-9.236239986451566963e+00
-9.236239986451566963e+00
-9.236239986451566963e+00
-9.236239986451566963e+00
-9.236239986451566963e+00
-9.236239986451566963e+00
-9.236239986451566963e+00
-9.236239986451566963e+00
-9.236239986451566963e+00
-9.236239986451566963e+00
-9.236239986451566963e+00
-9.236239986451566963e+00
-9.236239986451566963e+00
-9.236239986451566963e+00
-9.261838762738054953e+00
-9.261838762738054953e+00
-9.261838762738054953e+00
-9.261838762738054953e+00
-9.261838762738054953e+00
-9.261838762738054953e+00
-9.261838762738054953e+00
-9.262260091963566921e+00
-9.262260091963566921e+00
-9.262260091963566921e+00
-9.262260091963566921e+00
-9.311445480807511998e+00
-9.311445480807511998e+00
-9.311445480807511998e+00
-9.311445480807511998e+00
-9.311445480807511998e+00
-9.311445480807511998e+00
-9.317622486307575613e+00
-9.317622486307575613e+00
-9.317622486307575613e+00
-9.317622486307575613e+00
-9.317622486307575613e+00
-9.317622486307575613e+00
-9.317622486307575613e+00
-9.317622486307575613e+00
-9.317622486307575613e+00
-9.317622486307575613e+00
-9.317622486307575613e+00
-9.317622486307575613e+00
-9.317622486307575613e+00
-9.317622486307575613e+00
-9.317622486307575613e+00
-9.317622486307575613e+00
-9.317622486307575613e+00
-9.317622486307575613e+00
-9.317622486307575613e+00
-9.317622486307575613e+00
-9.317622486307575613e+00
-9.317622486307575613e+00
-9.317622486307575613e+00
-9.317622486307575613e+00
-9.317622486307575613e+00
-9.317622486307575613e+00
-9.317622486307575613e+00
-9.317622486307575613e+00
-9.317622486307575613e+00
-9.317622486307575613e+00
-9.317622486307575613e+00
-9.317622486307575613e+00
-9.317622486307575613e+00
-9.317622486307575613e+00
-9.317622486307575613e+00
-9.317622486307575613e+00
-9.317622486307575613e+00
-9.317622486307575613e+00
-9.317622486307575613e+00
-9.317622486307575613e+00
-9.317622486307575613e+00
-9.317622486307575613e+00
-9.317622486307575613e+00
-9.317622486307575613e+00
-9.317622486307575613e+00
-9.317622486307575613e+00
-9.317622486307575613e+00
-9.317622486307575613e+00
-9.317622486307575613e+00
-9.317622486307575613e+00
-9.317622486307575613e+00
-9.317622486307575613e+00
-9.317622486307575613e+00
-9.317622486307575613e+00
-9.317622486307575613e+00
-9.317622486307575613e+00
-9.317622486307575613e+00
-9.317622486307575613e+00
-9.317622486307575613e+00
-9.317622486307575613e+00
-9.317622486307575613e+00
-9.317622486307575613e+00
-9.317622486307575613e+00
-9.317622486307575613e+00
-9.317622486307575613e+00
-9.317622486307575613e+00
-9.317622486307575613e+00
-9.317622486307575613e+00
-9.317622486307575613e+00
-9.317622486307575613e+00
-9.317622486307575613e+00
-9.317622486307575613e+00
-9.317622486307575613e+00
-9.317622486307575613e+00
-9.317622486307575613e+00
-9.317622486307575613e+00
-9.317622486307575613e+00
-9.317622486307575613e+00
-9.317622486307575613e+00
-9.317622486307575613e+00
-9.317622486307575613e+00
-9.317622486307575613e+00
-9.317622486307575613e+00
-9.317622486307575613e+00
-9.317622486307575613e+00
-9.317622486307575613e+00
-9.317622486307575613e+00
-9.317622486307575613e+00
-9.317622486307575613e+00
-9.317622486307575613e+00
-9.317622486307575613e+00
-9.317622486307575613e+00
-9.317622486307575613e+00
-9.317622486307575613e+00
-9.317622486307575613e+00
-9.317622486307575613e+00
-9.317622486307575613e+00
-9.317622486307575613e+00
-9.317622486307575613e+00
-9.317622486307575613e+00
-9.317622486307575613e+00
-9.317622486307575613e+00
-9.317622486307575613e+00
-9.317622486307575613e+00
-9.317622486307575613e+00
-9.317622486307575613e+00
-9.317622486307575613e+00
-9.317622486307575613e+00
-9.317622486307575613e+00
-9.317622486307575613e+00
-9.317622486307575613e+00
-9.317622486307575613e+00
-9.317622486307575613e+00
-9.317622486307575613e+00
-9.317622486307575613e+00
-9.317622486307575613e+00
-9.317622486307575613e+00
-9.317622486307575613e+00
-9.317622486307575613e+00
-9.317622486307575613e+00
-9.317622486307575613e+00
-9.317622486307575613e+00
-9.317622486307575613e+00
-9.317622486307575613e+00
-9.317622486307575613e+00
-9.317622486307575613e+00
-9.317622486307575613e+00
-9.317622486307575613e+00
-9.317622486307575613e+00
-9.317622486307575613e+00
-9.317622486307575613e+00
-9.317622486307575613e+00
-9.317622486307575613e+00
-9.317622486307575613e+00
-9.317622486307575613e+00
-9.317622486307575613e+00
-9.317622486307575613e+00
-9.317622486307575613e+00
-9.317622486307575613e+00
-9.317622486307575613e+00
-9.317622486307575613e+00
-9.317622486307575613e+00
-9.317622486307575613e+00
-9.317622486307575613e+00
-9.317622486307575613e+00
-9.317622486307575613e+00
-9.317622486307575613e+00
-9.317622486307575613e+00
-9.317622486307575613e+00
-9.317622486307575613e+00
-9.317622486307575613e+00
-9.317622486307575613e+00
-9.317622486307575613e+00
-9.317622486307575613e+00
-9.317622486307575613e+00
-9.317622486307575613e+00
-9.317622486307575613e+00
-9.317622486307575613e+00
-9.317622486307575613e+00
-9.317622486307575613e+00
-9.317622486307575613e+00
-9.317622486307575613e+00
-9.317622486307575613e+00
-9.326181537318293024e+00
-9.326181537318293024e+00
-9.375289747593081202e+00
-9.375289747593081202e+00
-9.375289747593081202e+00
-9.375289747593081202e+00
-9.375289747593081202e+00
-9.375289747593081202e+00
-9.378228131561302305e+00
-9.378228131561302305e+00
-9.378228131561302305e+00
-9.378228131561302305e+00
-9.378228131561302305e+00
-9.378228131561302305e+00
-9.378228131561302305e+00
-9.378228131561302305e+00
-9.378228131561302305e+00
-9.378228131561302305e+00
-9.378228131561302305e+00
-9.378228131561302305e+00
-9.378228131561302305e+00
-9.378228131561302305e+00
-9.378228131561302305e+00
-9.378228131561302305e+00
-9.384810459455810161e+00
-9.384810459455810161e+00
-9.384810459455810161e+00
-9.384810459455810161e+00
-9.384810459455810161e+00
-9.384810459455810161e+00
-9.384810459455810161e+00
-9.384810459455810161e+00
-9.384810459455810161e+00
-9.384810459455810161e+00
-9.384810459455810161e+00
-9.384810459455810161e+00
-9.384810459455810161e+00
-9.384810459455810161e+00
-9.384810459455810161e+00
-9.384810459455810161e+00
-9.384810459455810161e+00
-9.384810459455810161e+00
-9.384810459455810161e+00
-9.384810459455810161e+00
-9.384810459455810161e+00
-9.384810459455810161e+00
-9.384810459455810161e+00
-9.384810459455810161e+00
-9.384810459455810161e+00
-9.384810459455810161e+00
-9.384810459455810161e+00
-9.384810459455810161e+00
-9.384810459455810161e+00
-9.384810459455810161e+00
-9.384810459455810161e+00
-9.384810459455810161e+00
-9.384810459455810161e+00
-9.384810459455810161e+00
-9.384810459455810161e+00
-9.384810459455810161e+00
-9.384810459455810161e+00
-9.384810459455810161e+00
-9.384810459455810161e+00
-9.384810459455810161e+00
-9.384810459455810161e+00
-9.384810459455810161e+00
-9.384810459455810161e+00
-9.384810459455810161e+00
-9.384810459455810161e+00
-9.384810459455810161e+00
-9.384810459455810161e+00
-9.384810459455810161e+00
-9.384810459455810161e+00
-9.384810459455810161e+00
-9.384810459455810161e+00
-9.384810459455810161e+00
-9.384810459455810161e+00
-9.384810459455810161e+00
-9.384810459455810161e+00
-9.384810459455810161e+00
-9.384810459455810161e+00
-9.384810459455810161e+00
-9.384810459455810161e+00
-9.384810459455810161e+00
-9.384810459455810161e+00
-9.384810459455810161e+00
-9.384810459455810161e+00
-9.384810459455810161e+00
-9.384810459455810161e+00
-9.384810459455810161e+00
-9.387100731543061016e+00
-9.387100731543061016e+00
-9.387100731543061016e+00
-9.387100731543061016e+00
-9.387100731543061016e+00
-9.387100731543061016e+00
-9.424003741521946864e+00
-9.424003741521946864e+00
-9.424003741521946864e+00
-9.424003741521946864e+00
-9.424003741521946864e+00
-9.424003741521946864e+00
-9.424003741521946864e+00
-9.424003741521946864e+00
-9.424003741521946864e+00
-9.424003741521946864e+00
-9.424003741521946864e+00
-9.424003741521946864e+00
-9.424003741521946864e+00
-9.424003741521946864e+00
-9.424003741521946864e+00
-9.424003741521946864e+00
-9.424003741521946864e+00
-9.424003741521946864e+00
-9.426863841142679945e+00
-9.426863841142679945e+00
-9.426863841142679945e+00
-9.426863841142679945e+00
-9.426863841142679945e+00
-9.426863841142679945e+00
-9.426863841142679945e+00
-9.426863841142679945e+00
-9.426863841142679945e+00
-9.426863841142679945e+00
-9.426863841142679945e+00
-9.426863841142679945e+00
-9.426863841142679945e+00
-9.426863841142679945e+00
-9.426863841142679945e+00
-9.426863841142679945e+00
-9.426863841142679945e+00
-9.426863841142679945e+00
-9.434616828592728766e+00
-9.434616828592728766e+00
-9.434616828592728766e+00
-9.434616828592728766e+00
-9.434616828592728766e+00
-9.434616828592728766e+00
-9.434616828592728766e+00
-9.434616828592728766e+00
-9.434616828592728766e+00
-9.434616828592728766e+00
-9.434616828592728766e+00
-9.434616828592728766e+00
-9.434616828592728766e+00
-9.434616828592728766e+00
-9.434616828592728766e+00
-9.434616828592728766e+00
-9.434616828592728766e+00
-9.440999690760884633e+00
-9.440999690760884633e+00
-9.440999690760884633e+00
-9.440999690760884633e+00
-9.440999690760884633e+00
-9.440999690760884633e+00
-9.440999690760884633e+00
-9.440999690760884633e+00
-9.440999690760884633e+00
-9.440999690760884633e+00
-9.440999690760884633e+00
-9.440999690760884633e+00
-9.440999690760884633e+00
-9.440999690760884633e+00
-9.440999690760884633e+00
-9.440999690760884633e+00
-9.440999690760884633e+00
-9.440999690760884633e+00
-9.440999690760884633e+00
-9.440999690760884633e+00
-9.440999690760884633e+00
-9.440999690760884633e+00
-9.456046551145565360e+00
-9.456046551145565360e+00
-9.456046551145565360e+00
-9.456046551145565360e+00
-9.456046551145565360e+00
-9.456046551145565360e+00
-9.456046551145565360e+00
-9.456046551145565360e+00
-9.480776089916069793e+00
-9.503348945019189031e+00
-9.503348945019189031e+00
-9.503348945019189031e+00
-9.503348945019189031e+00
-9.503348945019189031e+00
-9.503348945019189031e+00
-9.503348945019189031e+00
-9.503348945019189031e+00
-9.503348945019189031e+00
-9.503348945019189031e+00
-9.503348945019189031e+00
-9.503348945019189031e+00
-9.503348945019189031e+00
-9.503348945019189031e+00
-9.503348945019189031e+00
-9.503348945019189031e+00
-9.503348945019189031e+00
-9.503348945019189031e+00
-9.503348945019189031e+00
-9.503348945019189031e+00
-9.503348945019189031e+00
-9.503348945019189031e+00
-9.503348945019189031e+00
-9.503348945019189031e+00
-9.507393418154656217e+00
-9.507393418154656217e+00
-9.507393418154656217e+00
-9.507393418154656217e+00
-9.507393418154656217e+00
-9.507393418154656217e+00
-9.507393418154656217e+00
-9.507393418154656217e+00
-9.507393418154656217e+00
-9.507393418154656217e+00
-9.507393418154656217e+00
-9.507393418154656217e+00
-9.507393418154656217e+00
-9.512063276163704728e+00
-9.512063276163704728e+00
-9.512063276163704728e+00
-9.512063276163704728e+00
-9.512063276163704728e+00
-9.512063276163704728e+00
-9.512063276163704728e+00
-9.512063276163704728e+00
-9.512063276163704728e+00
-9.512063276163704728e+00
-9.512063276163704728e+00
-9.512063276163704728e+00
-9.512063276163704728e+00
-9.512063276163704728e+00
-9.513645305381116302e+00
-9.513645305381116302e+00
-9.513645305381116302e+00
-9.513645305381116302e+00
-9.513645305381116302e+00
-9.513645305381116302e+00
-9.513645305381116302e+00
-9.513645305381116302e+00
-9.513645305381116302e+00
-9.513645305381116302e+00
-9.513645305381116302e+00
-9.513645305381116302e+00
-9.513645305381116302e+00
-9.513645305381116302e+00
-9.513645305381116302e+00
-9.513645305381116302e+00
-9.513645305381116302e+00
-9.537752839938105964e+00
-9.537752839938105964e+00
-9.537752839938105964e+00
-9.537752839938105964e+00
-9.537752839938105964e+00
-9.537752839938105964e+00
-9.537752839938105964e+00
-9.537752839938105964e+00
-9.537752839938105964e+00
