3.482782261785338051e+05
3.482782261785338051e+05
3.482782261785338051e+05
3.482782261785338051e+05
3.482782261785338051e+05
3.482782261785338051e+05
3.482782261785338051e+05
3.482782261785338051e+05
3.482782261785338051e+05
3.482782261785338051e+05
3.482782261785338051e+05
3.482782261785338051e+05
3.482782261785338051e+05
3.482782261785338051e+05
3.482782261785338051e+05
3.482782261785338051e+05
3.482782261785338051e+05
3.482782261785338051e+05
3.482782261785338051e+05
3.482782261785338051e+05
3.482782261785338051e+05
3.482782261785338051e+05
3.482782261785338051e+05
3.482782261785338051e+05
3.482782261785338051e+05
3.482782261785338051e+05
3.482782261785338051e+05
3.482782261785338051e+05
3.482782261785338051e+05
3.482782261785338051e+05
3.482782261785338051e+05
3.482782261785338051e+05
3.482782261785338051e+05
3.482782261785338051e+05
3.482782261785338051e+05
3.482782261785338051e+05
3.482782261785338051e+05
3.482782261785338051e+05
3.482782261785338051e+05
3.482782261785338051e+05
3.482782261785338051e+05
3.482782261785338051e+05
3.482782261785338051e+05
3.482782261785338051e+05
3.482782261785338051e+05
3.482782261785338051e+05
3.482782261785338051e+05
3.482782261785338051e+05
3.482782261785338051e+05
3.482782261785338051e+05
3.482782261785338051e+05
3.482782261785338051e+05
3.482782261785338051e+05
3.482782261785338051e+05
3.482782261785338051e+05
3.482782261785338051e+05
3.482782261785338051e+05
3.482782261785338051e+05
3.482782261785338051e+05
3.482782261785338051e+05
3.482782261785338051e+05
3.482782261785338051e+05
3.482782261785338051e+05
3.482782261785338051e+05
3.482782261785338051e+05
3.482782261785338051e+05
3.482782261785338051e+05
3.482782261785338051e+05
3.482782261785338051e+05
3.482782261785338051e+05
3.482782261785338051e+05
3.482782261785338051e+05
3.482782261785338051e+05
3.482782261785338051e+05
3.482782261785338051e+05
3.482782261785338051e+05
3.482782261785338051e+05
3.482782261785338051e+05
3.482782261785338051e+05
3.482782261785338051e+05
3.482782261785338051e+05
3.482782261785338051e+05
3.482782261785338051e+05
3.482782261785338051e+05
3.482782261785338051e+05
3.482782261785338051e+05
