3.482647643935436499e+05
3.482647643935436499e+05
3.482647643935436499e+05
3.482647643935436499e+05
3.482647643935436499e+05
3.482647643935436499e+05
3.482647643935436499e+05
3.482647643935436499e+05
3.482647643935436499e+05
3.482647643935436499e+05
3.482647643935436499e+05
3.482647643935436499e+05
3.482647643935436499e+05
3.482647643935436499e+05
3.482647643935436499e+05
3.482647643935436499e+05
3.482647643935436499e+05
3.482647643935436499e+05
3.482647643935436499e+05
3.482647643935436499e+05
3.482647643935436499e+05
3.482647643935436499e+05
3.482647643935436499e+05
3.482647643935436499e+05
3.482647643935436499e+05
3.482647643935436499e+05
3.482647643935436499e+05
3.482647643935436499e+05
3.482647643935436499e+05
3.482647643935436499e+05
3.482647643935436499e+05
3.482647643935436499e+05
3.482647643935436499e+05
3.482647643935436499e+05
3.482647643935436499e+05
3.482647643935436499e+05
3.482647643935436499e+05
3.482647643935436499e+05
3.482647643935436499e+05
3.482647643935436499e+05
3.482647643935436499e+05
3.482647643935436499e+05
3.482647643935436499e+05
3.482647643935436499e+05
3.482647643935436499e+05
3.482647643935436499e+05
3.482647643935436499e+05
3.482647643935436499e+05
3.482647643935436499e+05
3.482647643935436499e+05
3.482647643935436499e+05
3.482647643935436499e+05
3.482647643935436499e+05
3.482647643935436499e+05
3.482647643935436499e+05
3.482647643935436499e+05
3.482647643935436499e+05
3.482647643935436499e+05
3.482647643935436499e+05
3.482647643935436499e+05
3.482647643935436499e+05
3.482647643935436499e+05
3.482647643935436499e+05
3.482647643935436499e+05
3.482647643935436499e+05
3.482647643935436499e+05
3.482647643935436499e+05
3.482647643935436499e+05
3.482647643935436499e+05
3.482647643935436499e+05
3.482647643935436499e+05
3.482647643935436499e+05
3.482647643935436499e+05
3.482647643935436499e+05
3.482647643935436499e+05
3.482647643935436499e+05
3.482647643935436499e+05
3.482647643935436499e+05
3.482647643935436499e+05
3.482647643935436499e+05
3.482647643935436499e+05
3.482647643935436499e+05
3.482647643935436499e+05
3.482647643935436499e+05
3.482647643935436499e+05
3.482647643935436499e+05
3.482647643935436499e+05
3.482647643935436499e+05
3.482647643935436499e+05
3.482647643935436499e+05
3.482647643935436499e+05
3.482647643935436499e+05
3.482647643935436499e+05
3.482647643935436499e+05
3.482647643935436499e+05
3.482647643935436499e+05
3.482647643935436499e+05
3.482647643935436499e+05
3.482647643935436499e+05
3.482647643935436499e+05
3.482647643935436499e+05
3.482647643935436499e+05
3.482647643935436499e+05
3.482647643935436499e+05
3.482647643935436499e+05
3.482647643935436499e+05
3.482647643935436499e+05
3.482647643935436499e+05
3.482647643935436499e+05
3.482647643935436499e+05
3.482647643935436499e+05
3.482647643935436499e+05
3.166722239466495812e+05
3.166722239466495812e+05
3.166722239466495812e+05
3.166722239466495812e+05
3.166722239466495812e+05
3.166722239466495812e+05
3.166722239466495812e+05
3.166722239466495812e+05
3.166722239466495812e+05
3.166722239466495812e+05
3.166722239466495812e+05
3.166722239466495812e+05
3.166722239466495812e+05
3.166722239466495812e+05
