3.166722239466495812e+05
3.166722239466495812e+05
3.166722239466495812e+05
3.166722239466495812e+05
3.166722239466495812e+05
3.166722239466495812e+05
3.166722239466495812e+05
3.166722239466495812e+05
3.166722239466495812e+05
3.166722239466495812e+05
3.166722239466495812e+05
3.166722239466495812e+05
3.166722239466495812e+05
3.166722239466495812e+05
3.166722239466495812e+05
3.166722239466495812e+05
3.166722239466495812e+05
3.166722239466495812e+05
3.166722239466495812e+05
3.166722239466495812e+05
3.166722239466495812e+05
3.166722239466495812e+05
3.166722239466495812e+05
3.166722239466495812e+05
3.166722239466495812e+05
3.166722239466495812e+05
3.166722239466495812e+05
3.166722239466495812e+05
3.166722239466495812e+05
3.166722239466495812e+05
3.166722239466495812e+05
3.166722239466495812e+05
3.166722239466495812e+05
3.166722239466495812e+05
3.166722239466495812e+05
3.166722239466495812e+05
3.166722239466495812e+05
3.166722239466495812e+05
3.166722239466495812e+05
3.166722239466495812e+05
3.166722239466495812e+05
3.166722239466495812e+05
3.166722239466495812e+05
3.166722239466495812e+05
3.166722239466495812e+05
3.166722239466495812e+05
3.166722239466495812e+05
3.166722239466495812e+05
3.166722239466495812e+05
3.166722239466495812e+05
3.166722239466495812e+05
3.166722239466495812e+05
3.166722239466495812e+05
3.166722239466495812e+05
3.166722239466495812e+05
3.166722239466495812e+05
3.166722239466495812e+05
3.166722239466495812e+05
3.166722239466495812e+05
3.166722239466495812e+05
3.166722239466495812e+05
3.166722239466495812e+05
3.166722239466495812e+05
3.166722239466495812e+05
