3.482647643935436499e+05
3.482647643935436499e+05
3.482647643935436499e+05
3.482647643935436499e+05
3.482647643935436499e+05
3.482647643935436499e+05
3.482647643935436499e+05
3.482647643935436499e+05
3.482647643935436499e+05
3.482647643935436499e+05
3.482647643935436499e+05
3.482647643935436499e+05
3.482647643935436499e+05
3.482647643935436499e+05
3.482647643935436499e+05
3.482647643935436499e+05
3.482647643935436499e+05
3.482647643935436499e+05
3.482647643935436499e+05
3.482647643935436499e+05
3.482647643935436499e+05
3.482647643935436499e+05
3.482647643935436499e+05
3.482647643935436499e+05
3.482647643935436499e+05
3.482647643935436499e+05
3.482647643935436499e+05
3.482647643935436499e+05
3.482647643935436499e+05
3.482647643935436499e+05
3.482647643935436499e+05
3.482647643935436499e+05
3.482647643935436499e+05
3.482647643935436499e+05
3.482647643935436499e+05
3.482647643935436499e+05
3.482647643935436499e+05
3.482647643935436499e+05
3.482647643935436499e+05
3.482647643935436499e+05
3.482647643935436499e+05
3.482647643935436499e+05
3.482647643935436499e+05
3.482647643935436499e+05
3.482647643935436499e+05
3.482647643935436499e+05
3.482647643935436499e+05
3.482647643935436499e+05
3.482647643935436499e+05
3.482647643935436499e+05
3.482647643935436499e+05
3.482647643935436499e+05
3.482647643935436499e+05
3.482647643935436499e+05
3.482647643935436499e+05
3.482647643935436499e+05
3.482647643935436499e+05
3.482647643935436499e+05
3.482647643935436499e+05
3.482647643935436499e+05
3.482647643935436499e+05
3.482647643935436499e+05
3.482647643935436499e+05
3.482647643935436499e+05
3.482647643935436499e+05
3.482647643935436499e+05
3.482647643935436499e+05
3.482647643935436499e+05
3.482647643935436499e+05
3.482647643935436499e+05
3.482647643935436499e+05
3.482647643935436499e+05
3.482647643935436499e+05
3.482647643935436499e+05
3.482647643935436499e+05
3.482647643935436499e+05
