7.707269961161406400e+02
4.866538111219612119e+02
4.866538111219612119e+02
4.866538111219612119e+02
4.866538111219612119e+02
4.866538111219612119e+02
4.866538111219612119e+02
4.866538111219612119e+02
4.866538111219612119e+02
4.866538111219612119e+02
4.866538111219612119e+02
4.866538111219612119e+02
4.762100002513906247e+02
4.762100002513906247e+02
3.646170694497210434e+02
3.646170694497210434e+02
3.646170694497210434e+02
2.734199363632132531e+02
2.734199363632132531e+02
2.734199363632132531e+02
2.734199363632132531e+02
2.734199363632132531e+02
2.734199363632132531e+02
2.734199363632132531e+02
2.734199363632132531e+02
2.734199363632132531e+02
2.734199363632132531e+02
2.734199363632132531e+02
2.734199363632132531e+02
2.734199363632132531e+02
2.734199363632132531e+02
2.734199363632132531e+02
2.734199363632132531e+02
2.734199363632132531e+02
2.734199363632132531e+02
2.734199363632132531e+02
2.734199363632132531e+02
2.734199363632132531e+02
2.686318337428558607e+02
2.686318337428558607e+02
1.731086400539588794e+02
1.731086400539588794e+02
1.731086400539588794e+02
1.731086400539588794e+02
1.731086400539588794e+02
1.731086400539588794e+02
1.731086400539588794e+02
1.731086400539588794e+02
1.731086400539588794e+02
1.731086400539588794e+02
1.731086400539588794e+02
1.731086400539588794e+02
1.731086400539588794e+02
1.731086400539588794e+02
1.731086400539588794e+02
1.731086400539588794e+02
1.731086400539588794e+02
1.731086400539588794e+02
1.731086400539588794e+02
1.731086400539588794e+02
1.731086400539588794e+02
1.731086400539588794e+02
1.731086400539588794e+02
1.731086400539588794e+02
1.731086400539588794e+02
1.731086400539588794e+02
1.731086400539588794e+02
1.731086400539588794e+02
1.731086400539588794e+02
1.731086400539588794e+02
1.731086400539588794e+02
1.731086400539588794e+02
1.731086400539588794e+02
1.726936783171198613e+02
1.726936783171198613e+02
1.726936783171198613e+02
1.726936783171198613e+02
1.726936783171198613e+02
1.726936783171198613e+02
1.429972584789166490e+02
1.429972584789166490e+02
1.429972584789166490e+02
1.429972584789166490e+02
1.429972584789166490e+02
1.429972584789166490e+02
1.429972584789166490e+02
1.429972584789166490e+02
1.429972584789166490e+02
1.429972584789166490e+02
1.429972584789166490e+02
1.429972584789166490e+02
1.429972584789166490e+02
1.429972584789166490e+02
1.429972584789166490e+02
1.429972584789166490e+02
1.429972584789166490e+02
1.429972584789166490e+02
1.429972584789166490e+02
1.429972584789166490e+02
1.285202471106950952e+02
1.285202471106950952e+02
1.285202471106950952e+02
1.285202471106950952e+02
1.285202471106950952e+02
1.285202471106950952e+02
1.285202471106950952e+02
1.285202471106950952e+02
1.285202471106950952e+02
1.285202471106950952e+02
1.285202471106950952e+02
1.285202471106950952e+02
1.142604370179928566e+02
1.142604370179928566e+02
1.142604370179928566e+02
1.142604370179928566e+02
1.142604370179928566e+02
1.142604370179928566e+02
1.142604370179928566e+02
1.142604370179928566e+02
1.142604370179928566e+02
1.142604370179928566e+02
1.142604370179928566e+02
1.142604370179928566e+02
1.142604370179928566e+02
1.142604370179928566e+02
1.142604370179928566e+02
1.142604370179928566e+02
1.142604370179928566e+02
1.142604370179928566e+02
1.142604370179928566e+02
1.142604370179928566e+02
1.142604370179928566e+02
1.142604370179928566e+02
1.142604370179928566e+02
1.142604370179928566e+02
1.142604370179928566e+02
1.142604370179928566e+02
1.142604370179928566e+02
1.142604370179928566e+02
1.142604370179928566e+02
1.142604370179928566e+02
1.142604370179928566e+02
1.142604370179928566e+02
1.142604370179928566e+02
1.142604370179928566e+02
1.036321757876110610e+02
1.036321757876110610e+02
1.036321757876110610e+02
1.036321757876110610e+02
1.036321757876110610e+02
1.008936918360589061e+02
1.008936918360589061e+02
1.008936918360589061e+02
8.821927648527460519e+01
8.821927648527460519e+01
8.821927648527460519e+01
8.821927648527460519e+01
8.821927648527460519e+01
8.821927648527460519e+01
8.821927648527460519e+01
8.821927648527460519e+01
7.564310988620802334e+01
7.564310988620802334e+01
7.564310988620802334e+01
7.564310988620802334e+01
7.564310988620802334e+01
7.564310988620802334e+01
7.564310988620802334e+01
7.564310988620802334e+01
7.564310988620802334e+01
7.564310988620802334e+01
7.564310988620802334e+01
7.564310988620802334e+01
7.564310988620802334e+01
7.564310988620802334e+01
7.564310988620802334e+01
7.564310988620802334e+01
5.627920089485604649e+01
5.627920089485604649e+01
5.627920089485604649e+01
5.627920089485604649e+01
5.627920089485604649e+01
5.627920089485604649e+01
5.627920089485604649e+01
5.627920089485604649e+01
5.627920089485604649e+01
5.627920089485604649e+01
5.627920089485604649e+01
5.627920089485604649e+01
5.627920089485604649e+01
5.627920089485604649e+01
5.627920089485604649e+01
5.627920089485604649e+01
5.627920089485604649e+01
5.627920089485604649e+01
5.627920089485604649e+01
5.627920089485604649e+01
5.627920089485604649e+01
5.627920089485604649e+01
5.627920089485604649e+01
4.731196923870346893e+01
4.731196923870346893e+01
4.731196923870346893e+01
4.731196923870346893e+01
4.731196923870346893e+01
4.731196923870346893e+01
4.731196923870346893e+01
4.731196923870346893e+01
4.731196923870346893e+01
4.731196923870346893e+01
4.731196923870346893e+01
4.731196923870346893e+01
4.731196923870346893e+01
4.731196923870346893e+01
4.731196923870346893e+01
4.731196923870346893e+01
4.731196923870346893e+01
4.731196923870346893e+01
4.554485932280130811e+01
4.554485932280130811e+01
4.554485932280130811e+01
4.554485932280130811e+01
4.554485932280130811e+01
4.554485932280130811e+01
4.554485932280130811e+01
4.554485932280130811e+01
4.554485932280130811e+01
4.554485932280130811e+01
4.554485932280130811e+01
4.554485932280130811e+01
4.554485932280130811e+01
4.554485932280130811e+01
4.554485932280130811e+01
4.554485932280130811e+01
4.554485932280130811e+01
4.554485932280130811e+01
4.554485932280130811e+01
4.554485932280130811e+01
4.554485932280130811e+01
4.554485932280130811e+01
4.554485932280130811e+01
4.554485932280130811e+01
4.554485932280130811e+01
4.554485932280130811e+01
4.554485932280130811e+01
4.554485932280130811e+01
4.554485932280130811e+01
4.554485932280130811e+01
4.554485932280130811e+01
4.554485932280130811e+01
4.554485932280130811e+01
4.554485932280130811e+01
4.554485932280130811e+01
4.554485932280130811e+01
4.554485932280130811e+01
4.554485932280130811e+01
4.446357851130790806e+01
4.446357851130790806e+01
4.446357851130790806e+01
4.446357851130790806e+01
4.446357851130790806e+01
4.446357851130790806e+01
4.446357851130790806e+01
4.446357851130790806e+01
4.446357851130790806e+01
4.446357851130790806e+01
4.336059728354035769e+01
4.336059728354035769e+01
4.336059728354035769e+01
4.336059728354035769e+01
4.336059728354035769e+01
4.336059728354035769e+01
4.336059728354035769e+01
4.336059728354035769e+01
4.336059728354035769e+01
4.336059728354035769e+01
4.336059728354035769e+01
4.336059728354035769e+01
4.336059728354035769e+01
4.336059728354035769e+01
4.336059728354035769e+01
4.104880521055820708e+01
4.104880521055820708e+01
4.104880521055820708e+01
4.104880521055820708e+01
4.104880521055820708e+01
4.104880521055820708e+01
4.104880521055820708e+01
4.097796913880605985e+01
4.097796913880605985e+01
4.097796913880605985e+01
4.089695361805419083e+01
4.089695361805419083e+01
4.089695361805419083e+01
4.089695361805419083e+01
4.089695361805419083e+01
4.089695361805419083e+01
3.883035053788651680e+01
3.883035053788651680e+01
3.883035053788651680e+01
3.883035053788651680e+01
3.883035053788651680e+01
3.883035053788651680e+01
3.883035053788651680e+01
3.883035053788651680e+01
3.883035053788651680e+01
3.883035053788651680e+01
3.762776394325179297e+01
3.762776394325179297e+01
3.762776394325179297e+01
3.762776394325179297e+01
3.762776394325179297e+01
3.762776394325179297e+01
3.762776394325179297e+01
3.762776394325179297e+01
3.762776394325179297e+01
3.762776394325179297e+01
3.762776394325179297e+01
3.762776394325179297e+01
3.762776394325179297e+01
3.762776394325179297e+01
3.481536586834315017e+01
3.481536586834315017e+01
3.481536586834315017e+01
3.481536586834315017e+01
3.481536586834315017e+01
3.481536586834315017e+01
3.481536586834315017e+01
3.481536586834315017e+01
3.481536586834315017e+01
3.481536586834315017e+01
3.481536586834315017e+01
3.481536586834315017e+01
3.481536586834315017e+01
3.481536586834315017e+01
3.481536586834315017e+01
3.481536586834315017e+01
3.481536586834315017e+01
3.481536586834315017e+01
3.481536586834315017e+01
3.481536586834315017e+01
3.481536586834315017e+01
3.481536586834315017e+01
3.481536586834315017e+01
3.481536586834315017e+01
3.481536586834315017e+01
3.481536586834315017e+01
3.481536586834315017e+01
3.481536586834315017e+01
3.481536586834315017e+01
3.481536586834315017e+01
3.481536586834315017e+01
3.481536586834315017e+01
3.481536586834315017e+01
3.481536586834315017e+01
3.481536586834315017e+01
3.481536586834315017e+01
3.481536586834315017e+01
3.481536586834315017e+01
3.481536586834315017e+01
3.481536586834315017e+01
3.481536586834315017e+01
3.481536586834315017e+01
3.481536586834315017e+01
3.481536586834315017e+01
3.481536586834315017e+01
3.481536586834315017e+01
3.481536586834315017e+01
3.481536586834315017e+01
3.481536586834315017e+01
3.481536586834315017e+01
3.481536586834315017e+01
3.481536586834315017e+01
3.481536586834315017e+01
3.481536586834315017e+01
3.481536586834315017e+01
3.481536586834315017e+01
3.481536586834315017e+01
3.481536586834315017e+01
3.481536586834315017e+01
3.481536586834315017e+01
3.481536586834315017e+01
3.481536586834315017e+01
3.481536586834315017e+01
3.481536586834315017e+01
3.481536586834315017e+01
3.481536586834315017e+01
3.481536586834315017e+01
3.481536586834315017e+01
3.481536586834315017e+01
3.481536586834315017e+01
3.481536586834315017e+01
3.481536586834315017e+01
3.481536586834315017e+01
3.481536586834315017e+01
3.481536586834315017e+01
3.481536586834315017e+01
3.481536586834315017e+01
3.481536586834315017e+01
3.481536586834315017e+01
3.481536586834315017e+01
3.481536586834315017e+01
3.481536586834315017e+01
3.481536586834315017e+01
3.481536586834315017e+01
3.481536586834315017e+01
3.481536586834315017e+01
3.481536586834315017e+01
3.481536586834315017e+01
3.481536586834315017e+01
3.481536586834315017e+01
3.481536586834315017e+01
3.481536586834315017e+01
3.481536586834315017e+01
3.481536586834315017e+01
3.481536586834315017e+01
3.481536586834315017e+01
3.481536586834315017e+01
3.481536586834315017e+01
3.481536586834315017e+01
3.481536586834315017e+01
3.481536586834315017e+01
3.481536586834315017e+01
3.481536586834315017e+01
3.481536586834315017e+01
3.481536586834315017e+01
3.481536586834315017e+01
3.481536586834315017e+01
3.481536586834315017e+01
3.481536586834315017e+01
3.481536586834315017e+01
3.481536586834315017e+01
3.481536586834315017e+01
3.481536586834315017e+01
3.481536586834315017e+01
3.481536586834315017e+01
3.481536586834315017e+01
3.481536586834315017e+01
3.481536586834315017e+01
3.481536586834315017e+01
3.481536586834315017e+01
3.481536586834315017e+01
3.481536586834315017e+01
3.481536586834315017e+01
3.481536586834315017e+01
3.481536586834315017e+01
3.481536586834315017e+01
3.481536586834315017e+01
3.481536586834315017e+01
3.481536586834315017e+01
3.481536586834315017e+01
3.481536586834315017e+01
3.481536586834315017e+01
3.481536586834315017e+01
3.481536586834315017e+01
3.481536586834315017e+01
3.481536586834315017e+01
3.481536586834315017e+01
3.481536586834315017e+01
3.481536586834315017e+01
3.481536586834315017e+01
3.481536586834315017e+01
3.481536586834315017e+01
3.481536586834315017e+01
3.481536586834315017e+01
3.481536586834315017e+01
3.481536586834315017e+01
3.481536586834315017e+01
3.481536586834315017e+01
3.481536586834315017e+01
3.481536586834315017e+01
3.481536586834315017e+01
3.481536586834315017e+01
3.481536586834315017e+01
3.481536586834315017e+01
3.481536586834315017e+01
3.481536586834315017e+01
3.481536586834315017e+01
3.481536586834315017e+01
3.481536586834315017e+01
3.481536586834315017e+01
3.481536586834315017e+01
3.481536586834315017e+01
3.481536586834315017e+01
3.481536586834315017e+01
3.481536586834315017e+01
3.481536586834315017e+01
3.481536586834315017e+01
3.481536586834315017e+01
3.481536586834315017e+01
3.481536586834315017e+01
3.481536586834315017e+01
3.481536586834315017e+01
3.481536586834315017e+01
3.481536586834315017e+01
3.481536586834315017e+01
3.481536586834315017e+01
3.481536586834315017e+01
3.481536586834315017e+01
3.481536586834315017e+01
3.481536586834315017e+01
3.481536586834315017e+01
3.481536586834315017e+01
3.481536586834315017e+01
3.481536586834315017e+01
3.481536586834315017e+01
3.481536586834315017e+01
3.481536586834315017e+01
3.481536586834315017e+01
3.481536586834315017e+01
3.481536586834315017e+01
3.481536586834315017e+01
3.481536586834315017e+01
3.481536586834315017e+01
3.481536586834315017e+01
3.481536586834315017e+01
3.481536586834315017e+01
3.481536586834315017e+01
3.481536586834315017e+01
3.481536586834315017e+01
3.481536586834315017e+01
3.481536586834315017e+01
3.481536586834315017e+01
3.481536586834315017e+01
3.481536586834315017e+01
3.481536586834315017e+01
3.481536586834315017e+01
3.481536586834315017e+01
3.481536586834315017e+01
3.481536586834315017e+01
3.481536586834315017e+01
3.481536586834315017e+01
3.481536586834315017e+01
3.472320772960128465e+01
3.472320772960128465e+01
3.472320772960128465e+01
3.472320772960128465e+01
3.472320772960128465e+01
3.472320772960128465e+01
3.472320772960128465e+01
3.472320772960128465e+01
3.472320772960128465e+01
3.472320772960128465e+01
3.472320772960128465e+01
3.472320772960128465e+01
3.472320772960128465e+01
3.465345153884970131e+01
3.465345153884970131e+01
3.465345153884970131e+01
3.465345153884970131e+01
3.465345153884970131e+01
3.465345153884970131e+01
3.465345153884970131e+01
3.465345153884970131e+01
3.465345153884970131e+01
3.465345153884970131e+01
3.465345153884970131e+01
3.465345153884970131e+01
3.465345153884970131e+01
3.465345153884970131e+01
3.459307881372247806e+01
3.459307881372247806e+01
3.459307881372247806e+01
3.459307881372247806e+01
3.459307881372247806e+01
3.459307881372247806e+01
3.459307881372247806e+01
3.459307881372247806e+01
3.459307881372247806e+01
3.459307881372247806e+01
3.459307881372247806e+01
3.459307881372247806e+01
3.459307881372247806e+01
3.459307881372247806e+01
3.459307881372247806e+01
3.459307881372247806e+01
3.459307881372247806e+01
3.459307881372247806e+01
3.459307881372247806e+01
3.459307881372247806e+01
3.459307881372247806e+01
3.459307881372247806e+01
3.459307881372247806e+01
3.459307881372247806e+01
3.459307881372247806e+01
3.459307881372247806e+01
3.459307881372247806e+01
3.459307881372247806e+01
3.459307881372247806e+01
3.451413872936743132e+01
3.451413872936743132e+01
3.451413872936743132e+01
3.451413872936743132e+01
3.451413872936743132e+01
3.451413872936743132e+01
3.451413872936743132e+01
3.451413872936743132e+01
3.451413872936743132e+01
3.451413872936743132e+01
3.440515120456240794e+01
3.440515120456240794e+01
3.440515120456240794e+01
3.440515120456240794e+01
3.440515120456240794e+01
3.440515120456240794e+01
3.440515120456240794e+01
3.440515120456240794e+01
3.440515120456240794e+01
3.440515120456240794e+01
3.440515120456240794e+01
3.440515120456240794e+01
3.440515120456240794e+01
3.440515120456240794e+01
3.440515120456240794e+01
3.440515120456240794e+01
3.440515120456240794e+01
3.440515120456240794e+01
3.440515120456240794e+01
3.440515120456240794e+01
3.440515120456240794e+01
3.440515120456240794e+01
3.440515120456240794e+01
3.440515120456240794e+01
3.440515120456240794e+01
3.440515120456240794e+01
3.440515120456240794e+01
3.440515120456240794e+01
3.436605464085639028e+01
3.425685226081296264e+01
3.425685226081296264e+01
3.425685226081296264e+01
3.425685226081296264e+01
3.425685226081296264e+01
3.425685226081296264e+01
3.425685226081296264e+01
3.425685226081296264e+01
3.424636682225968087e+01
3.424636682225968087e+01
3.424636682225968087e+01
3.417498977368735780e+01
3.417498977368735780e+01
3.417498977368735780e+01
3.417498977368735780e+01
3.417498977368735780e+01
3.417498977368735780e+01
3.417498977368735780e+01
3.417498977368735780e+01
3.417498977368735780e+01
3.417498977368735780e+01
3.417498977368735780e+01
3.417498977368735780e+01
3.417498977368735780e+01
3.417498977368735780e+01
3.417498977368735780e+01
3.417498977368735780e+01
3.417498977368735780e+01
3.417498977368735780e+01
3.417498977368735780e+01
3.417498977368735780e+01
3.417498977368735780e+01
3.417498977368735780e+01
3.417498977368735780e+01
3.417498977368735780e+01
3.417498977368735780e+01
3.417498977368735780e+01
3.417498977368735780e+01
3.417498977368735780e+01
3.417498977368735780e+01
3.417498977368735780e+01
3.417498977368735780e+01
3.417498977368735780e+01
3.417498977368735780e+01
3.417498977368735780e+01
3.417498977368735780e+01
3.417498977368735780e+01
3.417498977368735780e+01
3.417498977368735780e+01
3.417498977368735780e+01
3.417498977368735780e+01
3.417498977368735780e+01
3.417498977368735780e+01
3.417498977368735780e+01
3.417498977368735780e+01
3.417498977368735780e+01
3.417498977368735780e+01
3.417498977368735780e+01
3.417498977368735780e+01
3.417498977368735780e+01
3.417498977368735780e+01
3.417498977368735780e+01
3.417498977368735780e+01
3.417498977368735780e+01
3.417498977368735780e+01
3.405606342084696081e+01
3.405606342084696081e+01
3.405606342084696081e+01
3.405606342084696081e+01
3.405606342084696081e+01
3.405606342084696081e+01
3.405606342084696081e+01
3.405606342084696081e+01
3.405606342084696081e+01
3.405606342084696081e+01
3.405606342084696081e+01
3.405606342084696081e+01
3.405606342084696081e+01
3.405606342084696081e+01
3.405606342084696081e+01
3.405606342084696081e+01
3.405606342084696081e+01
3.405606342084696081e+01
3.405606342084696081e+01
3.405606342084696081e+01
3.405606342084696081e+01
3.405606342084696081e+01
3.405606342084696081e+01
3.405606342084696081e+01
3.405606342084696081e+01
3.405606342084696081e+01
3.405606342084696081e+01
3.405606342084696081e+01
3.405606342084696081e+01
3.405606342084696081e+01
3.405606342084696081e+01
3.405606342084696081e+01
3.405606342084696081e+01
3.405606342084696081e+01
3.405606342084696081e+01
3.405606342084696081e+01
3.405606342084696081e+01
3.405606342084696081e+01
3.405606342084696081e+01
3.405606342084696081e+01
3.405606342084696081e+01
3.405606342084696081e+01
3.405606342084696081e+01
3.405606342084696081e+01
3.405606342084696081e+01
3.405606342084696081e+01
3.405606342084696081e+01
3.405606342084696081e+01
3.405606342084696081e+01
3.405606342084696081e+01
3.405606342084696081e+01
3.405606342084696081e+01
3.405606342084696081e+01
3.405606342084696081e+01
3.405606342084696081e+01
3.405606342084696081e+01
3.405606342084696081e+01
3.405606342084696081e+01
3.405606342084696081e+01
3.405606342084696081e+01
3.405606342084696081e+01
3.405606342084696081e+01
3.405606342084696081e+01
3.405606342084696081e+01
3.405606342084696081e+01
3.405606342084696081e+01
3.405606342084696081e+01
3.405606342084696081e+01
3.405606342084696081e+01
3.405606342084696081e+01
3.405606342084696081e+01
3.405606342084696081e+01
3.405606342084696081e+01
3.405606342084696081e+01
3.405606342084696081e+01
3.405606342084696081e+01
3.405606342084696081e+01
3.405606342084696081e+01
3.405606342084696081e+01
3.405606342084696081e+01
3.405606342084696081e+01
3.405606342084696081e+01
3.405606342084696081e+01
3.405606342084696081e+01
3.405606342084696081e+01
3.405606342084696081e+01
3.405606342084696081e+01
3.405606342084696081e+01
3.405606342084696081e+01
3.405606342084696081e+01
3.405606342084696081e+01
3.405606342084696081e+01
3.405606342084696081e+01
3.405606342084696081e+01
3.405606342084696081e+01
3.405606342084696081e+01
3.405606342084696081e+01
3.405606342084696081e+01
3.405606342084696081e+01
3.405606342084696081e+01
3.405606342084696081e+01
3.405606342084696081e+01
3.405606342084696081e+01
3.405606342084696081e+01
3.405606342084696081e+01
3.405606342084696081e+01
3.405606342084696081e+01
3.405606342084696081e+01
3.405606342084696081e+01
3.405606342084696081e+01
3.405606342084696081e+01
3.405606342084696081e+01
3.405606342084696081e+01
3.405606342084696081e+01
3.405606342084696081e+01
3.405606342084696081e+01
3.405606342084696081e+01
3.405606342084696081e+01
3.405606342084696081e+01
3.405606342084696081e+01
3.405606342084696081e+01
3.405606342084696081e+01
3.405606342084696081e+01
3.405606342084696081e+01
3.405606342084696081e+01
3.405606342084696081e+01
3.405606342084696081e+01
3.405606342084696081e+01
3.405606342084696081e+01
3.405606342084696081e+01
3.405606342084696081e+01
3.405606342084696081e+01
3.405606342084696081e+01
3.405606342084696081e+01
3.405606342084696081e+01
3.405606342084696081e+01
3.405606342084696081e+01
3.405606342084696081e+01
3.405606342084696081e+01
3.405606342084696081e+01
3.405606342084696081e+01
3.405606342084696081e+01
3.405606342084696081e+01
3.405606342084696081e+01
3.405606342084696081e+01
3.405606342084696081e+01
3.405606342084696081e+01
3.405606342084696081e+01
3.405606342084696081e+01
3.405606342084696081e+01
3.405606342084696081e+01
3.405606342084696081e+01
3.405606342084696081e+01
3.405606342084696081e+01
3.405606342084696081e+01
3.405606342084696081e+01
3.405606342084696081e+01
3.405606342084696081e+01
3.405606342084696081e+01
3.405606342084696081e+01
3.405606342084696081e+01
3.405606342084696081e+01
3.405606342084696081e+01
3.405606342084696081e+01
3.405606342084696081e+01
3.405606342084696081e+01
3.405606342084696081e+01
3.405606342084696081e+01
3.405606342084696081e+01
3.405606342084696081e+01
3.405606342084696081e+01
3.405606342084696081e+01
3.405606342084696081e+01
3.405606342084696081e+01
3.405606342084696081e+01
3.405606342084696081e+01
3.405606342084696081e+01
3.405606342084696081e+01
3.405606342084696081e+01
3.405606342084696081e+01
3.405606342084696081e+01
3.405606342084696081e+01
3.405606342084696081e+01
3.405606342084696081e+01
3.405606342084696081e+01
3.405606342084696081e+01
3.405606342084696081e+01
3.405606342084696081e+01
3.405606342084696081e+01
3.405606342084696081e+01
3.405606342084696081e+01
3.405606342084696081e+01
3.405606342084696081e+01
3.405606342084696081e+01
3.405606342084696081e+01
3.405606342084696081e+01
3.405606342084696081e+01
3.405606342084696081e+01
3.405606342084696081e+01
3.405606342084696081e+01
3.405606342084696081e+01
3.405606342084696081e+01
3.405606342084696081e+01
3.405606342084696081e+01
3.405606342084696081e+01
3.405606342084696081e+01
3.405606342084696081e+01
3.405606342084696081e+01
3.405606342084696081e+01
3.405606342084696081e+01
3.405606342084696081e+01
3.405606342084696081e+01
3.405606342084696081e+01
3.405606342084696081e+01
3.405606342084696081e+01
3.405606342084696081e+01
3.405606342084696081e+01
3.405606342084696081e+01
3.404888816378868910e+01
3.404888816378868910e+01
3.404888816378868910e+01
3.404888816378868910e+01
3.404888816378868910e+01
3.404888816378868910e+01
3.404888816378868910e+01
3.404888816378868910e+01
3.404888816378868910e+01
3.404888816378868910e+01
3.404111664904522172e+01
3.404111664904522172e+01
3.404111664904522172e+01
3.404111664904522172e+01
3.404111664904522172e+01
3.404111664904522172e+01
3.404111664904522172e+01
3.404111664904522172e+01
3.404111664904522172e+01
3.404111664904522172e+01
3.404111664904522172e+01
3.404111664904522172e+01
3.404111664904522172e+01
3.404111664904522172e+01
3.404111664904522172e+01
3.404111664904522172e+01
3.404111664904522172e+01
3.404111664904522172e+01
3.404111664904522172e+01
3.404111664904522172e+01
3.404111664904522172e+01
3.404111664904522172e+01
3.404111664904522172e+01
3.404111664904522172e+01
3.404111664904522172e+01
3.404111664904522172e+01
3.404111664904522172e+01
3.404111664904522172e+01
3.404111664904522172e+01
3.404111664904522172e+01
3.404111664904522172e+01
3.404111664904522172e+01
3.404111664904522172e+01
3.404111664904522172e+01
3.404111664904522172e+01
3.404111664904522172e+01
3.404111664904522172e+01
3.404111664904522172e+01
3.404111664904522172e+01
3.404111664904522172e+01
3.404111664904522172e+01
3.404111664904522172e+01
3.404111664904522172e+01
3.404111664904522172e+01
3.404111664904522172e+01
3.404111664904522172e+01
3.404111664904522172e+01
3.404111664904522172e+01
3.404111664904522172e+01
3.404111664904522172e+01
3.404111664904522172e+01
3.404111664904522172e+01
3.404111664904522172e+01
3.404111664904522172e+01
3.404111664904522172e+01
3.404111664904522172e+01
3.404111664904522172e+01
3.404111664904522172e+01
3.404111664904522172e+01
3.404111664904522172e+01
3.404111664904522172e+01
3.404111664904522172e+01
3.404111664904522172e+01
3.404111664904522172e+01
3.404111664904522172e+01
3.404111664904522172e+01
3.404111664904522172e+01
