1.161273246975714528e+03
6.844260150838809977e+02
6.844260150838809977e+02
5.027812438159027693e+02
5.027812438159027693e+02
5.027812438159027693e+02
5.027812438159027693e+02
5.027812438159027693e+02
2.794205192894592642e+02
2.794205192894592642e+02
2.794205192894592642e+02
2.794205192894592642e+02
2.794205192894592642e+02
2.794205192894592642e+02
2.794205192894592642e+02
2.794205192894592642e+02
2.794205192894592642e+02
2.794205192894592642e+02
2.794205192894592642e+02
2.794205192894592642e+02
2.794205192894592642e+02
2.794205192894592642e+02
2.733788509955899144e+02
2.733788509955899144e+02
2.733788509955899144e+02
2.733788509955899144e+02
2.733788509955899144e+02
2.733788509955899144e+02
2.733788509955899144e+02
2.733788509955899144e+02
2.733788509955899144e+02
2.733788509955899144e+02
2.733788509955899144e+02
2.733788509955899144e+02
2.733788509955899144e+02
2.733788509955899144e+02
2.733788509955899144e+02
2.733788509955899144e+02
2.733788509955899144e+02
2.733788509955899144e+02
2.733788509955899144e+02
2.733788509955899144e+02
2.733788509955899144e+02
2.733788509955899144e+02
2.733788509955899144e+02
2.733788509955899144e+02
2.733788509955899144e+02
2.733788509955899144e+02
2.733788509955899144e+02
2.733788509955899144e+02
2.733788509955899144e+02
2.733788509955899144e+02
2.733788509955899144e+02
2.733788509955899144e+02
2.733788509955899144e+02
2.733788509955899144e+02
2.733788509955899144e+02
2.702357255650940715e+02
2.702357255650940715e+02
2.702357255650940715e+02
2.702357255650940715e+02
2.702357255650940715e+02
2.702357255650940715e+02
2.702357255650940715e+02
2.702357255650940715e+02
2.702357255650940715e+02
2.702357255650940715e+02
2.351310027792868880e+02
2.351310027792868880e+02
2.351310027792868880e+02
2.351310027792868880e+02
2.351310027792868880e+02
2.351310027792868880e+02
2.351310027792868880e+02
2.105115642351322265e+02
2.105115642351322265e+02
2.105115642351322265e+02
2.105115642351322265e+02
2.018053052982708380e+02
2.018053052982708380e+02
2.018053052982708380e+02
2.018053052982708380e+02
2.018053052982708380e+02
2.018053052982708380e+02
2.018053052982708380e+02
2.018053052982708380e+02
2.018053052982708380e+02
2.018053052982708380e+02
2.018053052982708380e+02
2.018053052982708380e+02
2.018053052982708380e+02
2.018053052982708380e+02
2.018053052982708380e+02
2.018053052982708380e+02
1.572459670871492108e+02
1.572459670871492108e+02
1.572459670871492108e+02
1.555109873947472465e+02
1.555109873947472465e+02
1.555109873947472465e+02
1.555109873947472465e+02
1.555109873947472465e+02
1.555109873947472465e+02
1.555109873947472465e+02
1.402890411904950270e+02
1.402890411904950270e+02
9.622214838462849684e+01
9.622214838462849684e+01
9.622214838462849684e+01
9.622214838462849684e+01
9.622214838462849684e+01
9.622214838462849684e+01
9.622214838462849684e+01
9.622214838462849684e+01
9.622214838462849684e+01
9.622214838462849684e+01
9.622214838462849684e+01
9.622214838462849684e+01
9.622214838462849684e+01
9.622214838462849684e+01
9.622214838462849684e+01
9.622214838462849684e+01
9.622214838462849684e+01
7.979492122210396587e+01
7.979492122210396587e+01
7.979492122210396587e+01
7.979492122210396587e+01
7.979492122210396587e+01
7.979492122210396587e+01
7.979492122210396587e+01
7.979492122210396587e+01
7.979492122210396587e+01
7.979492122210396587e+01
7.979492122210396587e+01
7.979492122210396587e+01
7.979492122210396587e+01
7.979492122210396587e+01
7.979492122210396587e+01
7.979492122210396587e+01
7.979492122210396587e+01
7.979492122210396587e+01
7.979492122210396587e+01
7.979492122210396587e+01
7.979492122210396587e+01
7.979492122210396587e+01
7.979492122210396587e+01
7.979492122210396587e+01
7.979492122210396587e+01
7.979492122210396587e+01
7.979492122210396587e+01
7.979492122210396587e+01
7.979492122210396587e+01
7.979492122210396587e+01
7.979492122210396587e+01
7.979492122210396587e+01
7.979492122210396587e+01
7.979492122210396587e+01
7.979492122210396587e+01
7.979492122210396587e+01
7.979492122210396587e+01
7.979492122210396587e+01
7.979492122210396587e+01
7.979492122210396587e+01
7.961435448150015759e+01
7.961435448150015759e+01
7.961435448150015759e+01
7.961435448150015759e+01
7.961435448150015759e+01
7.961435448150015759e+01
7.961435448150015759e+01
7.961435448150015759e+01
7.961435448150015759e+01
7.961435448150015759e+01
7.961435448150015759e+01
7.961435448150015759e+01
7.961435448150015759e+01
7.961435448150015759e+01
7.544946109368693499e+01
7.544946109368693499e+01
7.544946109368693499e+01
7.544946109368693499e+01
7.544946109368693499e+01
7.544946109368693499e+01
7.346015275132360500e+01
7.346015275132360500e+01
7.346015275132360500e+01
7.346015275132360500e+01
7.346015275132360500e+01
7.346015275132360500e+01
7.346015275132360500e+01
7.346015275132360500e+01
6.565451106162748829e+01
6.565451106162748829e+01
6.565451106162748829e+01
6.565451106162748829e+01
6.565451106162748829e+01
6.565451106162748829e+01
6.565451106162748829e+01
6.565451106162748829e+01
6.565451106162748829e+01
6.565451106162748829e+01
6.565451106162748829e+01
6.565451106162748829e+01
6.565451106162748829e+01
6.565451106162748829e+01
6.565451106162748829e+01
6.565451106162748829e+01
6.565451106162748829e+01
6.565451106162748829e+01
6.565451106162748829e+01
6.565451106162748829e+01
6.565451106162748829e+01
6.565451106162748829e+01
6.565451106162748829e+01
6.565451106162748829e+01
6.565451106162748829e+01
6.565451106162748829e+01
6.565451106162748829e+01
6.565451106162748829e+01
6.565451106162748829e+01
6.565451106162748829e+01
6.565451106162748829e+01
6.565451106162748829e+01
6.565451106162748829e+01
6.565451106162748829e+01
6.565451106162748829e+01
6.565451106162748829e+01
6.565451106162748829e+01
6.565451106162748829e+01
6.565451106162748829e+01
6.565451106162748829e+01
6.565451106162748829e+01
6.565451106162748829e+01
6.565451106162748829e+01
6.565451106162748829e+01
6.565451106162748829e+01
6.565451106162748829e+01
6.565451106162748829e+01
6.565451106162748829e+01
6.565451106162748829e+01
6.565451106162748829e+01
6.565451106162748829e+01
6.565451106162748829e+01
6.565451106162748829e+01
6.565451106162748829e+01
6.565451106162748829e+01
6.565451106162748829e+01
6.565451106162748829e+01
6.565451106162748829e+01
6.565451106162748829e+01
6.565451106162748829e+01
6.565451106162748829e+01
6.565451106162748829e+01
6.565451106162748829e+01
6.565451106162748829e+01
6.565451106162748829e+01
6.565451106162748829e+01
6.565451106162748829e+01
6.565451106162748829e+01
6.565451106162748829e+01
6.565451106162748829e+01
6.565451106162748829e+01
6.565451106162748829e+01
6.565451106162748829e+01
6.565451106162748829e+01
6.565451106162748829e+01
6.565451106162748829e+01
6.565451106162748829e+01
6.565451106162748829e+01
6.565451106162748829e+01
6.565451106162748829e+01
6.565451106162748829e+01
6.565451106162748829e+01
6.565451106162748829e+01
6.565451106162748829e+01
6.565451106162748829e+01
6.565451106162748829e+01
6.565451106162748829e+01
6.565451106162748829e+01
6.565451106162748829e+01
6.565451106162748829e+01
6.565451106162748829e+01
6.565451106162748829e+01
6.565451106162748829e+01
6.565451106162748829e+01
6.565451106162748829e+01
6.565451106162748829e+01
6.565451106162748829e+01
6.565451106162748829e+01
6.565451106162748829e+01
6.473308232873573331e+01
6.473308232873573331e+01
6.473308232873573331e+01
6.473308232873573331e+01
6.469540106628343779e+01
6.131234033039359588e+01
6.131234033039359588e+01
6.131234033039359588e+01
6.131234033039359588e+01
6.131234033039359588e+01
6.131234033039359588e+01
6.131234033039359588e+01
5.749389423239614416e+01
5.749389423239614416e+01
5.749389423239614416e+01
5.749389423239614416e+01
5.486585447041522912e+01
5.486585447041522912e+01
5.486585447041522912e+01
5.486585447041522912e+01
5.486585447041522912e+01
5.486585447041522912e+01
5.486585447041522912e+01
5.486585447041522912e+01
5.486585447041522912e+01
5.486585447041522912e+01
5.486585447041522912e+01
5.486585447041522912e+01
5.486585447041522912e+01
5.486585447041522912e+01
5.486585447041522912e+01
4.988748451412619289e+01
4.988748451412619289e+01
4.988748451412619289e+01
4.988748451412619289e+01
4.988748451412619289e+01
4.988748451412619289e+01
4.988748451412619289e+01
4.988748451412619289e+01
4.988748451412619289e+01
4.988748451412619289e+01
4.988748451412619289e+01
4.626868690120276995e+01
4.626868690120276995e+01
4.626868690120276995e+01
4.626868690120276995e+01
4.626868690120276995e+01
4.626868690120276995e+01
4.626868690120276995e+01
4.626868690120276995e+01
4.626868690120276995e+01
4.626868690120276995e+01
4.626868690120276995e+01
4.626868690120276995e+01
4.626868690120276995e+01
4.626868690120276995e+01
4.626868690120276995e+01
4.626868690120276995e+01
4.626868690120276995e+01
4.626868690120276995e+01
4.626868690120276995e+01
4.626868690120276995e+01
4.626868690120276995e+01
4.626868690120276995e+01
4.626868690120276995e+01
4.626868690120276995e+01
4.626868690120276995e+01
4.626868690120276995e+01
4.626868690120276995e+01
4.626868690120276995e+01
4.626868690120276995e+01
4.626868690120276995e+01
4.626868690120276995e+01
4.626868690120276995e+01
4.626868690120276995e+01
4.626868690120276995e+01
4.626868690120276995e+01
4.626868690120276995e+01
4.626868690120276995e+01
4.626868690120276995e+01
4.626868690120276995e+01
4.626868690120276995e+01
4.626868690120276995e+01
4.626868690120276995e+01
4.626868690120276995e+01
4.626868690120276995e+01
4.626868690120276995e+01
4.626868690120276995e+01
4.626868690120276995e+01
4.626868690120276995e+01
4.626868690120276995e+01
4.626868690120276995e+01
4.626868690120276995e+01
4.626868690120276995e+01
4.626868690120276995e+01
4.626868690120276995e+01
4.626868690120276995e+01
4.626868690120276995e+01
4.626868690120276995e+01
3.787915480675746238e+01
3.787915480675746238e+01
3.787915480675746238e+01
3.787915480675746238e+01
3.787915480675746238e+01
3.787915480675746238e+01
3.787915480675746238e+01
3.787915480675746238e+01
3.787915480675746238e+01
3.787915480675746238e+01
3.787915480675746238e+01
3.787915480675746238e+01
3.787915480675746238e+01
3.787915480675746238e+01
3.787915480675746238e+01
3.787915480675746238e+01
3.787915480675746238e+01
3.787915480675746238e+01
3.787915480675746238e+01
3.787915480675746238e+01
3.787915480675746238e+01
3.787915480675746238e+01
3.787915480675746238e+01
3.787915480675746238e+01
3.787915480675746238e+01
3.787915480675746238e+01
3.787915480675746238e+01
3.787915480675746238e+01
3.787915480675746238e+01
3.787915480675746238e+01
3.787915480675746238e+01
3.787915480675746238e+01
3.787915480675746238e+01
3.787915480675746238e+01
3.787915480675746238e+01
3.787915480675746238e+01
3.787915480675746238e+01
3.787915480675746238e+01
3.787915480675746238e+01
3.787915480675746238e+01
3.787915480675746238e+01
3.787915480675746238e+01
3.787915480675746238e+01
3.787915480675746238e+01
3.787915480675746238e+01
3.787915480675746238e+01
3.787915480675746238e+01
3.787915480675746238e+01
3.787915480675746238e+01
3.787915480675746238e+01
3.787915480675746238e+01
3.787915480675746238e+01
3.787915480675746238e+01
3.787915480675746238e+01
3.787915480675746238e+01
3.787915480675746238e+01
3.787915480675746238e+01
3.787915480675746238e+01
3.787915480675746238e+01
3.787915480675746238e+01
3.787915480675746238e+01
3.787915480675746238e+01
3.787915480675746238e+01
3.787915480675746238e+01
3.787915480675746238e+01
3.787915480675746238e+01
3.787915480675746238e+01
3.787915480675746238e+01
3.787915480675746238e+01
3.787915480675746238e+01
3.787915480675746238e+01
3.787915480675746238e+01
3.787915480675746238e+01
3.787915480675746238e+01
3.787915480675746238e+01
3.787915480675746238e+01
3.787915480675746238e+01
3.787915480675746238e+01
3.787915480675746238e+01
3.787915480675746238e+01
3.787915480675746238e+01
3.787915480675746238e+01
3.787915480675746238e+01
3.787915480675746238e+01
3.787915480675746238e+01
3.787915480675746238e+01
3.787915480675746238e+01
3.787915480675746238e+01
3.787915480675746238e+01
3.787915480675746238e+01
3.787915480675746238e+01
3.787915480675746238e+01
3.787915480675746238e+01
3.787915480675746238e+01
3.787915480675746238e+01
3.787915480675746238e+01
3.787915480675746238e+01
3.787915480675746238e+01
3.787915480675746238e+01
3.787915480675746238e+01
3.787915480675746238e+01
3.787915480675746238e+01
3.787915480675746238e+01
3.787915480675746238e+01
3.787915480675746238e+01
3.787915480675746238e+01
3.787915480675746238e+01
3.787915480675746238e+01
3.787915480675746238e+01
3.787915480675746238e+01
3.787915480675746238e+01
3.787915480675746238e+01
3.787915480675746238e+01
3.787915480675746238e+01
3.787915480675746238e+01
3.787915480675746238e+01
3.787915480675746238e+01
3.787915480675746238e+01
3.787915480675746238e+01
3.787915480675746238e+01
3.787915480675746238e+01
3.787915480675746238e+01
3.787915480675746238e+01
3.787915480675746238e+01
3.787915480675746238e+01
3.787915480675746238e+01
3.787915480675746238e+01
3.787915480675746238e+01
3.787915480675746238e+01
3.787915480675746238e+01
3.787915480675746238e+01
3.787915480675746238e+01
3.787915480675746238e+01
3.787915480675746238e+01
3.787915480675746238e+01
3.787915480675746238e+01
3.787915480675746238e+01
3.787915480675746238e+01
3.787915480675746238e+01
3.787915480675746238e+01
3.787915480675746238e+01
3.787915480675746238e+01
3.787915480675746238e+01
3.787915480675746238e+01
3.787915480675746238e+01
3.787915480675746238e+01
3.787915480675746238e+01
3.787915480675746238e+01
3.787915480675746238e+01
3.787915480675746238e+01
3.787915480675746238e+01
3.787915480675746238e+01
3.787915480675746238e+01
3.787915480675746238e+01
3.787915480675746238e+01
3.787915480675746238e+01
3.787915480675746238e+01
3.787915480675746238e+01
3.787915480675746238e+01
3.787915480675746238e+01
3.787915480675746238e+01
3.787915480675746238e+01
3.787915480675746238e+01
3.787915480675746238e+01
3.787915480675746238e+01
3.787915480675746238e+01
3.787915480675746238e+01
3.787915480675746238e+01
3.787915480675746238e+01
3.787915480675746238e+01
3.787915480675746238e+01
3.787915480675746238e+01
3.787915480675746238e+01
3.787915480675746238e+01
3.787915480675746238e+01
3.787915480675746238e+01
3.787915480675746238e+01
3.787915480675746238e+01
3.787915480675746238e+01
3.787915480675746238e+01
3.787915480675746238e+01
3.787915480675746238e+01
3.787915480675746238e+01
3.787915480675746238e+01
3.787915480675746238e+01
3.787915480675746238e+01
3.787915480675746238e+01
3.787915480675746238e+01
3.787915480675746238e+01
3.787915480675746238e+01
3.787915480675746238e+01
3.787915480675746238e+01
3.787915480675746238e+01
3.787915480675746238e+01
3.787915480675746238e+01
3.787915480675746238e+01
3.787915480675746238e+01
3.787915480675746238e+01
3.787915480675746238e+01
3.787915480675746238e+01
3.787915480675746238e+01
3.787915480675746238e+01
3.787915480675746238e+01
3.787915480675746238e+01
3.787915480675746238e+01
3.787915480675746238e+01
3.787915480675746238e+01
3.787915480675746238e+01
3.787915480675746238e+01
3.787915480675746238e+01
3.787915480675746238e+01
3.787915480675746238e+01
3.787915480675746238e+01
3.787915480675746238e+01
3.787915480675746238e+01
3.787915480675746238e+01
3.787915480675746238e+01
3.787915480675746238e+01
3.787915480675746238e+01
3.787915480675746238e+01
3.787915480675746238e+01
3.787915480675746238e+01
3.787915480675746238e+01
3.787915480675746238e+01
3.787915480675746238e+01
3.787915480675746238e+01
3.787915480675746238e+01
3.787915480675746238e+01
3.787915480675746238e+01
3.787915480675746238e+01
3.787915480675746238e+01
3.787915480675746238e+01
3.787915480675746238e+01
3.787915480675746238e+01
3.787915480675746238e+01
3.787915480675746238e+01
3.787915480675746238e+01
3.770233920475132550e+01
3.770233920475132550e+01
3.770233920475132550e+01
3.754828798883599461e+01
3.754828798883599461e+01
3.754828798883599461e+01
3.754828798883599461e+01
3.754828798883599461e+01
3.754828798883599461e+01
3.754828798883599461e+01
3.754828798883599461e+01
3.754828798883599461e+01
3.754828798883599461e+01
3.754828798883599461e+01
3.754828798883599461e+01
3.754828798883599461e+01
3.754828798883599461e+01
3.754828798883599461e+01
3.754828798883599461e+01
3.754828798883599461e+01
3.754828798883599461e+01
3.754828798883599461e+01
3.754828798883599461e+01
3.754828798883599461e+01
3.754828798883599461e+01
3.754828798883599461e+01
3.754828798883599461e+01
3.754828798883599461e+01
3.754828798883599461e+01
3.754828798883599461e+01
3.736358814195138933e+01
3.736358814195138933e+01
3.736358814195138933e+01
3.736358814195138933e+01
3.736358814195138933e+01
3.736358814195138933e+01
3.736358814195138933e+01
3.736358814195138933e+01
3.736358814195138933e+01
3.736358814195138933e+01
3.736358814195138933e+01
3.736358814195138933e+01
3.736358814195138933e+01
3.736358814195138933e+01
3.736358814195138933e+01
3.736358814195138933e+01
3.736358814195138933e+01
3.736358814195138933e+01
3.736358814195138933e+01
3.736358814195138933e+01
3.736358814195138933e+01
3.736358814195138933e+01
3.736358814195138933e+01
3.736358814195138933e+01
3.736358814195138933e+01
3.734421607778428154e+01
3.734421607778428154e+01
3.734421607778428154e+01
3.734421607778428154e+01
3.734421607778428154e+01
3.734421607778428154e+01
3.734421607778428154e+01
3.734421607778428154e+01
3.734421607778428154e+01
3.734421607778428154e+01
3.734421607778428154e+01
3.734421607778428154e+01
3.734421607778428154e+01
3.734421607778428154e+01
3.734421607778428154e+01
3.734421607778428154e+01
3.734421607778428154e+01
3.733913125734726890e+01
3.733913125734726890e+01
3.733913125734726890e+01
3.733913125734726890e+01
3.733913125734726890e+01
3.733913125734726890e+01
3.733913125734726890e+01
3.733913125734726890e+01
3.733913125734726890e+01
3.733913125734726890e+01
3.733913125734726890e+01
3.733913125734726890e+01
3.733913125734726890e+01
3.733913125734726890e+01
3.733913125734726890e+01
3.733913125734726890e+01
3.733913125734726890e+01
3.733913125734726890e+01
3.733913125734726890e+01
3.733913125734726890e+01
3.733913125734726890e+01
3.733913125734726890e+01
3.733913125734726890e+01
3.733913125734726890e+01
3.733913125734726890e+01
3.733913125734726890e+01
3.733913125734726890e+01
3.733913125734726890e+01
3.733913125734726890e+01
3.733913125734726890e+01
3.733913125734726890e+01
3.733913125734726890e+01
3.733913125734726890e+01
3.733913125734726890e+01
3.733913125734726890e+01
3.733913125734726890e+01
3.733913125734726890e+01
3.733913125734726890e+01
3.733913125734726890e+01
3.733913125734726890e+01
3.733913125734726890e+01
3.733913125734726890e+01
3.733913125734726890e+01
3.733913125734726890e+01
3.733913125734726890e+01
3.733913125734726890e+01
3.733913125734726890e+01
3.733913125734726890e+01
3.733913125734726890e+01
3.733913125734726890e+01
3.733913125734726890e+01
3.733913125734726890e+01
3.733913125734726890e+01
3.733913125734726890e+01
3.733913125734726890e+01
3.733913125734726890e+01
3.733913125734726890e+01
3.733913125734726890e+01
3.733913125734726890e+01
3.733913125734726890e+01
3.733913125734726890e+01
3.733913125734726890e+01
3.733913125734726890e+01
3.733913125734726890e+01
3.733913125734726890e+01
3.733913125734726890e+01
3.733913125734726890e+01
3.733913125734726890e+01
3.733913125734726890e+01
3.733913125734726890e+01
3.733913125734726890e+01
3.733913125734726890e+01
3.733913125734726890e+01
3.733913125734726890e+01
3.733913125734726890e+01
3.733913125734726890e+01
3.733913125734726890e+01
3.733913125734726890e+01
3.733913125734726890e+01
3.733913125734726890e+01
3.733913125734726890e+01
3.733913125734726890e+01
3.733913125734726890e+01
3.733913125734726890e+01
3.733913125734726890e+01
3.733913125734726890e+01
3.733913125734726890e+01
3.733913125734726890e+01
3.733913125734726890e+01
3.733913125734726890e+01
3.733913125734726890e+01
3.733913125734726890e+01
3.733913125734726890e+01
3.733913125734726890e+01
3.733913125734726890e+01
3.733913125734726890e+01
3.733913125734726890e+01
3.733913125734726890e+01
3.733913125734726890e+01
3.733913125734726890e+01
3.733913125734726890e+01
3.733913125734726890e+01
3.733913125734726890e+01
3.733913125734726890e+01
3.733913125734726890e+01
3.733913125734726890e+01
3.733913125734726890e+01
3.733913125734726890e+01
3.733913125734726890e+01
3.733913125734726890e+01
3.733913125734726890e+01
3.733913125734726890e+01
3.733913125734726890e+01
3.733913125734726890e+01
3.733913125734726890e+01
3.733913125734726890e+01
3.733913125734726890e+01
3.733913125734726890e+01
3.733913125734726890e+01
3.733913125734726890e+01
3.723158873793477852e+01
3.723158873793477852e+01
3.723158873793477852e+01
3.723158873793477852e+01
3.723158873793477852e+01
3.723158873793477852e+01
3.723158873793477852e+01
3.723158873793477852e+01
3.723158873793477852e+01
3.723158873793477852e+01
3.723158873793477852e+01
3.723158873793477852e+01
3.723158873793477852e+01
3.723158873793477852e+01
3.723158873793477852e+01
3.723158873793477852e+01
3.723158873793477852e+01
3.723158873793477852e+01
3.723158873793477852e+01
3.723158873793477852e+01
3.723158873793477852e+01
3.723158873793477852e+01
3.723158873793477852e+01
3.723158873793477852e+01
3.723158873793477852e+01
3.723158873793477852e+01
3.723158873793477852e+01
3.723158873793477852e+01
3.723158873793477852e+01
3.723158873793477852e+01
3.723158873793477852e+01
3.723158873793477852e+01
3.723158873793477852e+01
3.723158873793477852e+01
3.723158873793477852e+01
3.723158873793477852e+01
3.723158873793477852e+01
3.723158873793477852e+01
3.723158873793477852e+01
3.723158873793477852e+01
3.721924879783023954e+01
3.721924879783023954e+01
3.721924879783023954e+01
3.721924879783023954e+01
3.721924879783023954e+01
3.721924879783023954e+01
3.721924879783023954e+01
3.721924879783023954e+01
3.721924879783023954e+01
3.721924879783023954e+01
3.721924879783023954e+01
3.721924879783023954e+01
3.721924879783023954e+01
3.721924879783023954e+01
3.721924879783023954e+01
3.721924879783023954e+01
3.721924879783023954e+01
3.721924879783023954e+01
3.721924879783023954e+01
3.721924879783023954e+01
3.721924879783023954e+01
3.721924879783023954e+01
3.708966283954166698e+01
3.708966283954166698e+01
3.708966283954166698e+01
3.708966283954166698e+01
3.708966283954166698e+01
3.708966283954166698e+01
3.708966283954166698e+01
3.708966283954166698e+01
3.708966283954166698e+01
3.708966283954166698e+01
3.708966283954166698e+01
3.708966283954166698e+01
3.708966283954166698e+01
3.708966283954166698e+01
3.708966283954166698e+01
3.708966283954166698e+01
3.708966283954166698e+01
3.708966283954166698e+01
3.708966283954166698e+01
3.708966283954166698e+01
3.708966283954166698e+01
3.708966283954166698e+01
3.708966283954166698e+01
3.708966283954166698e+01
3.708966283954166698e+01
3.708966283954166698e+01
3.708966283954166698e+01
3.708966283954166698e+01
3.708966283954166698e+01
3.708966283954166698e+01
3.708966283954166698e+01
3.708966283954166698e+01
3.708966283954166698e+01
3.708966283954166698e+01
3.708966283954166698e+01
3.708966283954166698e+01
3.708966283954166698e+01
3.708966283954166698e+01
3.708966283954166698e+01
3.708966283954166698e+01
3.708966283954166698e+01
3.708966283954166698e+01
3.708966283954166698e+01
3.708966283954166698e+01
3.708966283954166698e+01
3.708966283954166698e+01
3.708966283954166698e+01
3.708966283954166698e+01
3.708966283954166698e+01
3.708966283954166698e+01
3.708966283954166698e+01
3.708966283954166698e+01
3.708966283954166698e+01
3.708966283954166698e+01
3.708966283954166698e+01
3.708966283954166698e+01
3.708966283954166698e+01
3.708966283954166698e+01
3.708966283954166698e+01
3.708966283954166698e+01
3.708966283954166698e+01
3.708966283954166698e+01
3.708966283954166698e+01
3.708966283954166698e+01
3.708966283954166698e+01
3.708966283954166698e+01
3.708966283954166698e+01
3.708966283954166698e+01
3.708966283954166698e+01
3.708966283954166698e+01
3.708966283954166698e+01
3.708966283954166698e+01
3.708966283954166698e+01
3.708966283954166698e+01
3.708966283954166698e+01
3.708966283954166698e+01
3.708966283954166698e+01
3.708966283954166698e+01
3.708966283954166698e+01
3.708966283954166698e+01
3.708966283954166698e+01
3.708966283954166698e+01
3.708966283954166698e+01
3.708966283954166698e+01
3.704429779716616622e+01
3.704429779716616622e+01
3.704429779716616622e+01
3.704429779716616622e+01
3.704429779716616622e+01
3.704429779716616622e+01
3.704429779716616622e+01
3.704429779716616622e+01
3.704429779716616622e+01
3.704429779716616622e+01
3.704429779716616622e+01
3.704429779716616622e+01
3.704429779716616622e+01
3.704429779716616622e+01
3.704429779716616622e+01
3.704429779716616622e+01
3.704429779716616622e+01
3.704429779716616622e+01
3.704429779716616622e+01
3.704429779716616622e+01
3.704429779716616622e+01
3.704429779716616622e+01
3.704429779716616622e+01
3.704429779716616622e+01
3.704429779716616622e+01
3.704429779716616622e+01
3.704429779716616622e+01
3.704429779716616622e+01
3.704429779716616622e+01
3.704429779716616622e+01
3.704429779716616622e+01
3.704429779716616622e+01
3.704429779716616622e+01
3.704429779716616622e+01
3.704429779716616622e+01
3.704429779716616622e+01
3.704429779716616622e+01
3.704429779716616622e+01
3.704429779716616622e+01
3.704429779716616622e+01
3.704429779716616622e+01
3.704429779716616622e+01
3.704429779716616622e+01
3.704429779716616622e+01
3.704429779716616622e+01
3.704429779716616622e+01
3.704429779716616622e+01
3.704429779716616622e+01
3.704429779716616622e+01
3.703402150182755292e+01
3.703402150182755292e+01
3.703402150182755292e+01
3.703402150182755292e+01
3.703402150182755292e+01
3.703402150182755292e+01
3.703402150182755292e+01
3.703402150182755292e+01
3.703402150182755292e+01
3.703402150182755292e+01
3.703402150182755292e+01
3.703402150182755292e+01
3.703402150182755292e+01
3.703402150182755292e+01
3.703402150182755292e+01
3.703402150182755292e+01
3.703402150182755292e+01
3.703402150182755292e+01
3.703402150182755292e+01
3.703402150182755292e+01
3.703402150182755292e+01
