1.550619129549909303e+03
1.550619129549909303e+03
1.550619129549909303e+03
1.550619129549909303e+03
1.550619129549909303e+03
1.550619129549909303e+03
1.550619129549909303e+03
1.242950997597054538e+03
1.242950997597054538e+03
1.242950997597054538e+03
1.242950997597054538e+03
1.242950997597054538e+03
1.242950997597054538e+03
1.242950997597054538e+03
6.513024521524271222e+02
6.513024521524271222e+02
6.513024521524271222e+02
6.513024521524271222e+02
6.513024521524271222e+02
6.513024521524271222e+02
6.513024521524271222e+02
6.513024521524271222e+02
4.749931724761447640e+02
4.749931724761447640e+02
4.749931724761447640e+02
4.749931724761447640e+02
4.749931724761447640e+02
4.749931724761447640e+02
4.749931724761447640e+02
4.749931724761447640e+02
4.749931724761447640e+02
4.749931724761447640e+02
4.749931724761447640e+02
4.749931724761447640e+02
4.749931724761447640e+02
4.749931724761447640e+02
4.749931724761447640e+02
4.749931724761447640e+02
4.749931724761447640e+02
4.520596336369886217e+02
4.520596336369886217e+02
4.520596336369886217e+02
3.756034313127702262e+02
3.756034313127702262e+02
3.756034313127702262e+02
3.756034313127702262e+02
3.756034313127702262e+02
3.756034313127702262e+02
3.756034313127702262e+02
3.756034313127702262e+02
3.745940002735234202e+02
3.745940002735234202e+02
3.745940002735234202e+02
3.745940002735234202e+02
3.745940002735234202e+02
3.745940002735234202e+02
2.229528059489119869e+02
2.229528059489119869e+02
2.229528059489119869e+02
2.229528059489119869e+02
2.229528059489119869e+02
2.229528059489119869e+02
2.229528059489119869e+02
2.229528059489119869e+02
2.229528059489119869e+02
2.229528059489119869e+02
2.229528059489119869e+02
2.229528059489119869e+02
2.229528059489119869e+02
2.229528059489119869e+02
2.229528059489119869e+02
2.229528059489119869e+02
2.229528059489119869e+02
2.229528059489119869e+02
2.229528059489119869e+02
2.229528059489119869e+02
2.229528059489119869e+02
2.229528059489119869e+02
2.229528059489119869e+02
2.229528059489119869e+02
2.229528059489119869e+02
2.229528059489119869e+02
2.229528059489119869e+02
2.229528059489119869e+02
2.229528059489119869e+02
2.229528059489119869e+02
2.229528059489119869e+02
2.229528059489119869e+02
2.229528059489119869e+02
2.229528059489119869e+02
2.229528059489119869e+02
2.229528059489119869e+02
2.229528059489119869e+02
2.229528059489119869e+02
1.862934568496727650e+02
1.862934568496727650e+02
1.862934568496727650e+02
1.862934568496727650e+02
1.862934568496727650e+02
1.862934568496727650e+02
1.862934568496727650e+02
1.862934568496727650e+02
1.862934568496727650e+02
1.862934568496727650e+02
1.862934568496727650e+02
1.862934568496727650e+02
1.862934568496727650e+02
1.862934568496727650e+02
1.862934568496727650e+02
1.862934568496727650e+02
1.862934568496727650e+02
1.862934568496727650e+02
1.862934568496727650e+02
1.862934568496727650e+02
1.862934568496727650e+02
1.862934568496727650e+02
1.862934568496727650e+02
1.862934568496727650e+02
1.862934568496727650e+02
1.764642743382844401e+02
1.764642743382844401e+02
1.764642743382844401e+02
1.764642743382844401e+02
1.764642743382844401e+02
1.764642743382844401e+02
1.764642743382844401e+02
1.764642743382844401e+02
1.764642743382844401e+02
1.764642743382844401e+02
1.764642743382844401e+02
1.621340075698163332e+02
1.621340075698163332e+02
1.621340075698163332e+02
1.621340075698163332e+02
1.621340075698163332e+02
1.621340075698163332e+02
1.621340075698163332e+02
1.621340075698163332e+02
1.621340075698163332e+02
1.621340075698163332e+02
1.621340075698163332e+02
1.621340075698163332e+02
1.621340075698163332e+02
1.621340075698163332e+02
1.621340075698163332e+02
1.621340075698163332e+02
1.621340075698163332e+02
1.621340075698163332e+02
1.621340075698163332e+02
1.621340075698163332e+02
1.621340075698163332e+02
1.621340075698163332e+02
1.621340075698163332e+02
1.621340075698163332e+02
1.621340075698163332e+02
1.621340075698163332e+02
1.621340075698163332e+02
1.621340075698163332e+02
1.621340075698163332e+02
1.621340075698163332e+02
1.621340075698163332e+02
1.621340075698163332e+02
1.621340075698163332e+02
1.621340075698163332e+02
1.621340075698163332e+02
1.621340075698163332e+02
1.621340075698163332e+02
1.621340075698163332e+02
1.621340075698163332e+02
1.621340075698163332e+02
1.621340075698163332e+02
1.621340075698163332e+02
1.621340075698163332e+02
1.621340075698163332e+02
1.621340075698163332e+02
1.621340075698163332e+02
1.621340075698163332e+02
1.621340075698163332e+02
1.621340075698163332e+02
1.621340075698163332e+02
1.621340075698163332e+02
1.621340075698163332e+02
1.621340075698163332e+02
1.621340075698163332e+02
1.621340075698163332e+02
1.621340075698163332e+02
1.621340075698163332e+02
1.621340075698163332e+02
1.621340075698163332e+02
1.621340075698163332e+02
1.621340075698163332e+02
1.621340075698163332e+02
1.621340075698163332e+02
1.621340075698163332e+02
1.621340075698163332e+02
1.621340075698163332e+02
1.621340075698163332e+02
1.621340075698163332e+02
1.621340075698163332e+02
1.621340075698163332e+02
1.621340075698163332e+02
1.621340075698163332e+02
1.621340075698163332e+02
1.338977039640409714e+02
1.338977039640409714e+02
1.338977039640409714e+02
1.338977039640409714e+02
1.338977039640409714e+02
1.338977039640409714e+02
1.338977039640409714e+02
1.338977039640409714e+02
1.338977039640409714e+02
1.338977039640409714e+02
1.338977039640409714e+02
1.338977039640409714e+02
1.338977039640409714e+02
1.338977039640409714e+02
1.338977039640409714e+02
1.338977039640409714e+02
1.338977039640409714e+02
1.338977039640409714e+02
1.338977039640409714e+02
1.338977039640409714e+02
1.338977039640409714e+02
1.338977039640409714e+02
1.338977039640409714e+02
1.338977039640409714e+02
1.338977039640409714e+02
1.338977039640409714e+02
1.338977039640409714e+02
1.338977039640409714e+02
1.338977039640409714e+02
1.338977039640409714e+02
1.338977039640409714e+02
1.338977039640409714e+02
1.338977039640409714e+02
1.214669094178599522e+02
1.214669094178599522e+02
1.214669094178599522e+02
1.214669094178599522e+02
1.214669094178599522e+02
1.214669094178599522e+02
1.214669094178599522e+02
1.018010136896173918e+02
1.018010136896173918e+02
1.018010136896173918e+02
1.018010136896173918e+02
1.018010136896173918e+02
1.018010136896173918e+02
1.018010136896173918e+02
1.018010136896173918e+02
1.018010136896173918e+02
1.018010136896173918e+02
1.018010136896173918e+02
1.018010136896173918e+02
1.018010136896173918e+02
1.018010136896173918e+02
1.018010136896173918e+02
9.795963903158761354e+01
9.795963903158761354e+01
9.795963903158761354e+01
9.795963903158761354e+01
9.795963903158761354e+01
9.795963903158761354e+01
9.795963903158761354e+01
9.795963903158761354e+01
9.795963903158761354e+01
9.795963903158761354e+01
9.795963903158761354e+01
9.795963903158761354e+01
9.795963903158761354e+01
9.795963903158761354e+01
9.795963903158761354e+01
9.795963903158761354e+01
9.795963903158761354e+01
9.795963903158761354e+01
9.615110998247078555e+01
9.615110998247078555e+01
9.615110998247078555e+01
9.615110998247078555e+01
9.615110998247078555e+01
7.956689142788950164e+01
7.956689142788950164e+01
7.748166827158524939e+01
7.748166827158524939e+01
7.748166827158524939e+01
7.748166827158524939e+01
7.748166827158524939e+01
7.748166827158524939e+01
7.748166827158524939e+01
7.748166827158524939e+01
7.748166827158524939e+01
7.748166827158524939e+01
7.748166827158524939e+01
7.748166827158524939e+01
7.748166827158524939e+01
7.748166827158524939e+01
7.748166827158524939e+01
7.748166827158524939e+01
7.748166827158524939e+01
7.748166827158524939e+01
7.748166827158524939e+01
7.748166827158524939e+01
7.748166827158524939e+01
7.748166827158524939e+01
7.748166827158524939e+01
7.748166827158524939e+01
7.748166827158524939e+01
7.748166827158524939e+01
7.748166827158524939e+01
7.748166827158524939e+01
7.748166827158524939e+01
7.748166827158524939e+01
7.748166827158524939e+01
7.748166827158524939e+01
7.748166827158524939e+01
7.748166827158524939e+01
7.748166827158524939e+01
7.748166827158524939e+01
7.748166827158524939e+01
7.748166827158524939e+01
7.748166827158524939e+01
7.748166827158524939e+01
7.748166827158524939e+01
7.748166827158524939e+01
7.748166827158524939e+01
7.748166827158524939e+01
6.458629484852568226e+01
6.458629484852568226e+01
6.458629484852568226e+01
6.458629484852568226e+01
6.458629484852568226e+01
6.458629484852568226e+01
6.337954125200364786e+01
6.337954125200364786e+01
6.337954125200364786e+01
6.337954125200364786e+01
6.337954125200364786e+01
6.337954125200364786e+01
6.337954125200364786e+01
6.337954125200364786e+01
6.337954125200364786e+01
6.337954125200364786e+01
6.337954125200364786e+01
6.337954125200364786e+01
6.337954125200364786e+01
6.177749566881284693e+01
6.177749566881284693e+01
6.177749566881284693e+01
6.177749566881284693e+01
6.177749566881284693e+01
6.177749566881284693e+01
4.742681816674991069e+01
4.742681816674991069e+01
4.742681816674991069e+01
4.742681816674991069e+01
4.742681816674991069e+01
4.742681816674991069e+01
4.742681816674991069e+01
4.742681816674991069e+01
4.742681816674991069e+01
4.742681816674991069e+01
4.742681816674991069e+01
4.742681816674991069e+01
4.742681816674991069e+01
4.742681816674991069e+01
4.742681816674991069e+01
4.742681816674991069e+01
4.742681816674991069e+01
4.742681816674991069e+01
4.742681816674991069e+01
4.742681816674991069e+01
4.742681816674991069e+01
4.742681816674991069e+01
4.742681816674991069e+01
4.742681816674991069e+01
4.742681816674991069e+01
4.742681816674991069e+01
4.742681816674991069e+01
4.742681816674991069e+01
4.742681816674991069e+01
4.742681816674991069e+01
4.742681816674991069e+01
4.742681816674991069e+01
4.742681816674991069e+01
4.742681816674991069e+01
4.742681816674991069e+01
4.742681816674991069e+01
4.742681816674991069e+01
4.742681816674991069e+01
4.742681816674991069e+01
4.742681816674991069e+01
4.742681816674991069e+01
4.742681816674991069e+01
4.742681816674991069e+01
4.742681816674991069e+01
4.742681816674991069e+01
4.742681816674991069e+01
4.742681816674991069e+01
4.742681816674991069e+01
4.742681816674991069e+01
4.742681816674991069e+01
4.742681816674991069e+01
4.742681816674991069e+01
4.742681816674991069e+01
4.742681816674991069e+01
4.742681816674991069e+01
4.742681816674991069e+01
4.742681816674991069e+01
4.742681816674991069e+01
4.742681816674991069e+01
4.742681816674991069e+01
4.742681816674991069e+01
4.742681816674991069e+01
4.742681816674991069e+01
4.742681816674991069e+01
4.462405022855566017e+01
4.462405022855566017e+01
4.462405022855566017e+01
4.462405022855566017e+01
4.462405022855566017e+01
4.462405022855566017e+01
4.462405022855566017e+01
4.462405022855566017e+01
4.462405022855566017e+01
4.462405022855566017e+01
4.462405022855566017e+01
4.462405022855566017e+01
4.462405022855566017e+01
4.462405022855566017e+01
4.462405022855566017e+01
4.462405022855566017e+01
4.462405022855566017e+01
4.462405022855566017e+01
4.462405022855566017e+01
4.462405022855566017e+01
4.462405022855566017e+01
4.462405022855566017e+01
4.462405022855566017e+01
4.462405022855566017e+01
4.462405022855566017e+01
4.462405022855566017e+01
4.462405022855566017e+01
4.462405022855566017e+01
4.462405022855566017e+01
4.462405022855566017e+01
4.462405022855566017e+01
4.462405022855566017e+01
4.462405022855566017e+01
4.462405022855566017e+01
4.462405022855566017e+01
4.462405022855566017e+01
4.462405022855566017e+01
4.462405022855566017e+01
4.462405022855566017e+01
4.462405022855566017e+01
4.462405022855566017e+01
4.462405022855566017e+01
4.462405022855566017e+01
4.462405022855566017e+01
4.462405022855566017e+01
4.462405022855566017e+01
4.462405022855566017e+01
4.462405022855566017e+01
4.462405022855566017e+01
4.462405022855566017e+01
4.462405022855566017e+01
4.462405022855566017e+01
4.462405022855566017e+01
4.462405022855566017e+01
4.462405022855566017e+01
4.462405022855566017e+01
4.462405022855566017e+01
4.462405022855566017e+01
4.462405022855566017e+01
4.462405022855566017e+01
4.462405022855566017e+01
4.462405022855566017e+01
4.462405022855566017e+01
4.443973815067189292e+01
4.443973815067189292e+01
4.443973815067189292e+01
4.443973815067189292e+01
4.443973815067189292e+01
4.443973815067189292e+01
4.443973815067189292e+01
4.443973815067189292e+01
4.443973815067189292e+01
4.443973815067189292e+01
4.443973815067189292e+01
4.443973815067189292e+01
4.443973815067189292e+01
4.443973815067189292e+01
4.443973815067189292e+01
4.443973815067189292e+01
4.443973815067189292e+01
4.443973815067189292e+01
4.443973815067189292e+01
4.443973815067189292e+01
4.443973815067189292e+01
4.443973815067189292e+01
4.390087576693748161e+01
4.113416026530870795e+01
4.113416026530870795e+01
4.113416026530870795e+01
4.113416026530870795e+01
4.113416026530870795e+01
4.113416026530870795e+01
4.113416026530870795e+01
4.113416026530870795e+01
4.113416026530870795e+01
4.113416026530870795e+01
4.113416026530870795e+01
4.113416026530870795e+01
4.113416026530870795e+01
4.113416026530870795e+01
4.113416026530870795e+01
4.113416026530870795e+01
4.113416026530870795e+01
4.113416026530870795e+01
4.113416026530870795e+01
4.113416026530870795e+01
4.113416026530870795e+01
4.113416026530870795e+01
4.113416026530870795e+01
4.113416026530870795e+01
4.113416026530870795e+01
4.113416026530870795e+01
4.113416026530870795e+01
4.113416026530870795e+01
4.113416026530870795e+01
4.113416026530870795e+01
4.113416026530870795e+01
4.113416026530870795e+01
4.113416026530870795e+01
4.113416026530870795e+01
4.113416026530870795e+01
4.113416026530870795e+01
4.113416026530870795e+01
4.113416026530870795e+01
4.113416026530870795e+01
4.113416026530870795e+01
4.113416026530870795e+01
4.113416026530870795e+01
4.032852166448360265e+01
4.032852166448360265e+01
4.032852166448360265e+01
4.032852166448360265e+01
4.032852166448360265e+01
4.032852166448360265e+01
4.032852166448360265e+01
4.032852166448360265e+01
4.032852166448360265e+01
4.032852166448360265e+01
4.032852166448360265e+01
4.032852166448360265e+01
4.032852166448360265e+01
4.032852166448360265e+01
4.032852166448360265e+01
4.032852166448360265e+01
4.032852166448360265e+01
4.032852166448360265e+01
4.032852166448360265e+01
4.032852166448360265e+01
4.032852166448360265e+01
4.032852166448360265e+01
4.032852166448360265e+01
4.032852166448360265e+01
4.032852166448360265e+01
4.032852166448360265e+01
4.032852166448360265e+01
4.032852166448360265e+01
4.032852166448360265e+01
4.032852166448360265e+01
4.032852166448360265e+01
4.032852166448360265e+01
4.032852166448360265e+01
4.032852166448360265e+01
4.032852166448360265e+01
4.032852166448360265e+01
4.032852166448360265e+01
4.032852166448360265e+01
4.032852166448360265e+01
4.032852166448360265e+01
4.032852166448360265e+01
4.032852166448360265e+01
4.032852166448360265e+01
4.032852166448360265e+01
4.032852166448360265e+01
4.032852166448360265e+01
4.032852166448360265e+01
4.032852166448360265e+01
4.032852166448360265e+01
4.032852166448360265e+01
4.032852166448360265e+01
4.032852166448360265e+01
4.032852166448360265e+01
4.032852166448360265e+01
4.032852166448360265e+01
4.032852166448360265e+01
4.032852166448360265e+01
4.032852166448360265e+01
4.032852166448360265e+01
4.032852166448360265e+01
4.032852166448360265e+01
4.032852166448360265e+01
4.032852166448360265e+01
4.032852166448360265e+01
4.032852166448360265e+01
4.032852166448360265e+01
4.032852166448360265e+01
4.032852166448360265e+01
4.032852166448360265e+01
4.032852166448360265e+01
4.032852166448360265e+01
4.032852166448360265e+01
4.032852166448360265e+01
4.032852166448360265e+01
4.032852166448360265e+01
4.032852166448360265e+01
4.032852166448360265e+01
4.032852166448360265e+01
4.032852166448360265e+01
4.032852166448360265e+01
4.032852166448360265e+01
4.032852166448360265e+01
4.032852166448360265e+01
4.032852166448360265e+01
4.032852166448360265e+01
4.032852166448360265e+01
4.032852166448360265e+01
4.032852166448360265e+01
4.032852166448360265e+01
4.032852166448360265e+01
4.032852166448360265e+01
4.032852166448360265e+01
4.032852166448360265e+01
4.032852166448360265e+01
4.032852166448360265e+01
4.032852166448360265e+01
4.032852166448360265e+01
4.031164195606501721e+01
4.031164195606501721e+01
4.031164195606501721e+01
4.031164195606501721e+01
4.031164195606501721e+01
4.031164195606501721e+01
4.031164195606501721e+01
4.031164195606501721e+01
4.031164195606501721e+01
4.031164195606501721e+01
4.031164195606501721e+01
4.031164195606501721e+01
4.031164195606501721e+01
4.031164195606501721e+01
3.987442955333642658e+01
3.987442955333642658e+01
3.987442955333642658e+01
3.987442955333642658e+01
3.987442955333642658e+01
3.987442955333642658e+01
3.987442955333642658e+01
3.987442955333642658e+01
3.987442955333642658e+01
3.987442955333642658e+01
3.987442955333642658e+01
3.987442955333642658e+01
3.987442955333642658e+01
3.987442955333642658e+01
3.987442955333642658e+01
3.987442955333642658e+01
3.987442955333642658e+01
3.987442955333642658e+01
3.987442955333642658e+01
3.987442955333642658e+01
3.987442955333642658e+01
3.987442955333642658e+01
3.987442955333642658e+01
3.987442955333642658e+01
3.978349221480418407e+01
3.978142755370814854e+01
3.978142755370814854e+01
3.978142755370814854e+01
3.978142755370814854e+01
3.978142755370814854e+01
3.946417571652064993e+01
3.946417571652064993e+01
3.946417571652064993e+01
3.946417571652064993e+01
3.946417571652064993e+01
3.946417571652064993e+01
3.946417571652064993e+01
3.946417571652064993e+01
3.945152466579947514e+01
3.945152466579947514e+01
3.914030882680982870e+01
3.914030882680982870e+01
3.914030882680982870e+01
3.914030882680982870e+01
3.914030882680982870e+01
3.914030882680982870e+01
3.914030882680982870e+01
3.908766820930263464e+01
3.908766820930263464e+01
3.908766820930263464e+01
3.856085971493541109e+01
3.856085971493541109e+01
3.856085971493541109e+01
3.856085971493541109e+01
3.856085971493541109e+01
3.850244575600618901e+01
3.850244575600618901e+01
3.850244575600618901e+01
3.850244575600618901e+01
3.850244575600618901e+01
3.850244575600618901e+01
3.850244575600618901e+01
3.850244575600618901e+01
3.850244575600618901e+01
3.850244575600618901e+01
3.843553049301964819e+01
3.843553049301964819e+01
3.843553049301964819e+01
3.843553049301964819e+01
3.843553049301964819e+01
3.843553049301964819e+01
3.826308818813912183e+01
3.826308818813912183e+01
3.826308818813912183e+01
3.826308818813912183e+01
3.826308818813912183e+01
3.826308818813912183e+01
3.826308818813912183e+01
3.826308818813912183e+01
3.826308818813912183e+01
3.826308818813912183e+01
3.826308818813912183e+01
3.826308818813912183e+01
3.810330043569755532e+01
3.810330043569755532e+01
3.810330043569755532e+01
3.810330043569755532e+01
3.810330043569755532e+01
3.810330043569755532e+01
3.810330043569755532e+01
3.810330043569755532e+01
3.810330043569755532e+01
3.810330043569755532e+01
3.810330043569755532e+01
3.810330043569755532e+01
3.810330043569755532e+01
3.810330043569755532e+01
3.810330043569755532e+01
3.810330043569755532e+01
3.810330043569755532e+01
3.810330043569755532e+01
3.810330043569755532e+01
3.810330043569755532e+01
3.810330043569755532e+01
3.810330043569755532e+01
3.810330043569755532e+01
3.810330043569755532e+01
3.810330043569755532e+01
3.810330043569755532e+01
3.810330043569755532e+01
3.810330043569755532e+01
3.804926815387619854e+01
3.804926815387619854e+01
3.804926815387619854e+01
3.804926815387619854e+01
3.804926815387619854e+01
3.804926815387619854e+01
3.804926815387619854e+01
3.804926815387619854e+01
3.779641822274984975e+01
3.779641822274984975e+01
3.779641822274984975e+01
3.779641822274984975e+01
3.779641822274984975e+01
3.779641822274984975e+01
3.779641822274984975e+01
3.779641822274984975e+01
3.755871461300680636e+01
3.755871461300680636e+01
3.755871461300680636e+01
3.755871461300680636e+01
3.755871461300680636e+01
3.755871461300680636e+01
3.755871461300680636e+01
3.755871461300680636e+01
3.755871461300680636e+01
3.755871461300680636e+01
3.755871461300680636e+01
3.755871461300680636e+01
3.755871461300680636e+01
3.755871461300680636e+01
3.755871461300680636e+01
3.755871461300680636e+01
3.755871461300680636e+01
3.755871461300680636e+01
3.755871461300680636e+01
3.755871461300680636e+01
3.755871461300680636e+01
3.755871461300680636e+01
3.755871461300680636e+01
3.755871461300680636e+01
3.755871461300680636e+01
3.755871461300680636e+01
3.755871461300680636e+01
3.755871461300680636e+01
3.755871461300680636e+01
3.755871461300680636e+01
3.755871461300680636e+01
3.755871461300680636e+01
3.755871461300680636e+01
3.755871461300680636e+01
3.754668373992795694e+01
3.754668373992795694e+01
3.754668373992795694e+01
3.754668373992795694e+01
3.750372686141460576e+01
3.750372686141460576e+01
3.750372686141460576e+01
3.750372686141460576e+01
3.750372686141460576e+01
3.750372686141460576e+01
3.750372686141460576e+01
3.750372686141460576e+01
3.750372686141460576e+01
3.750372686141460576e+01
3.750372686141460576e+01
3.750372686141460576e+01
3.750372686141460576e+01
3.750372686141460576e+01
3.750372686141460576e+01
3.750372686141460576e+01
3.748582425727821033e+01
3.748582425727821033e+01
3.748582425727821033e+01
3.748582425727821033e+01
3.748582425727821033e+01
3.748582425727821033e+01
3.748582425727821033e+01
3.748582425727821033e+01
3.748582425727821033e+01
3.748582425727821033e+01
3.748582425727821033e+01
3.748582425727821033e+01
3.748582425727821033e+01
3.748582425727821033e+01
3.748582425727821033e+01
3.748582425727821033e+01
3.748582425727821033e+01
3.748582425727821033e+01
3.748582425727821033e+01
3.748582425727821033e+01
3.748582425727821033e+01
3.748582425727821033e+01
3.748582425727821033e+01
3.748582425727821033e+01
3.748582425727821033e+01
3.748582425727821033e+01
3.748582425727821033e+01
3.748582425727821033e+01
3.748582425727821033e+01
3.748582425727821033e+01
3.748582425727821033e+01
3.748582425727821033e+01
3.748582425727821033e+01
3.748582425727821033e+01
3.748582425727821033e+01
3.748582425727821033e+01
3.748582425727821033e+01
3.748582425727821033e+01
3.748582425727821033e+01
3.748582425727821033e+01
3.748582425727821033e+01
3.748582425727821033e+01
3.748582425727821033e+01
3.748582425727821033e+01
3.748582425727821033e+01
3.748582425727821033e+01
3.748582425727821033e+01
3.748582425727821033e+01
3.748582425727821033e+01
3.748582425727821033e+01
3.748582425727821033e+01
3.748582425727821033e+01
3.748582425727821033e+01
3.748582425727821033e+01
3.748582425727821033e+01
3.748582425727821033e+01
3.748582425727821033e+01
3.748582425727821033e+01
3.748582425727821033e+01
3.748582425727821033e+01
3.748582425727821033e+01
3.748582425727821033e+01
3.748582425727821033e+01
3.748582425727821033e+01
3.748582425727821033e+01
3.748582425727821033e+01
3.748582425727821033e+01
3.748582425727821033e+01
3.748582425727821033e+01
3.748582425727821033e+01
3.748582425727821033e+01
3.748582425727821033e+01
3.748582425727821033e+01
3.748582425727821033e+01
3.748582425727821033e+01
3.748582425727821033e+01
3.748582425727821033e+01
3.748582425727821033e+01
3.748582425727821033e+01
3.748582425727821033e+01
3.748582425727821033e+01
3.748582425727821033e+01
3.748582425727821033e+01
3.748582425727821033e+01
3.748582425727821033e+01
3.747203678713125186e+01
3.747203678713125186e+01
3.747203678713125186e+01
3.747203678713125186e+01
3.747203678713125186e+01
3.747203678713125186e+01
3.747203678713125186e+01
3.747203678713125186e+01
3.747203678713125186e+01
3.747203678713125186e+01
3.747203678713125186e+01
3.747203678713125186e+01
3.747203678713125186e+01
3.747203678713125186e+01
3.747203678713125186e+01
3.747203678713125186e+01
3.747203678713125186e+01
3.747203678713125186e+01
3.747203678713125186e+01
3.747203678713125186e+01
3.747203678713125186e+01
3.747203678713125186e+01
3.747203678713125186e+01
3.747203678713125186e+01
3.747203678713125186e+01
3.747203678713125186e+01
3.747203678713125186e+01
3.747203678713125186e+01
3.747203678713125186e+01
3.747203678713125186e+01
3.747203678713125186e+01
3.747203678713125186e+01
3.747203678713125186e+01
3.747203678713125186e+01
3.747203678713125186e+01
3.747203678713125186e+01
3.747203678713125186e+01
3.747203678713125186e+01
3.747203678713125186e+01
3.747203678713125186e+01
3.747203678713125186e+01
3.747203678713125186e+01
3.747203678713125186e+01
3.747203678713125186e+01
3.747203678713125186e+01
3.747203678713125186e+01
3.747203678713125186e+01
3.747203678713125186e+01
3.747203678713125186e+01
3.747203678713125186e+01
3.747203678713125186e+01
3.747203678713125186e+01
3.747203678713125186e+01
3.747203678713125186e+01
3.747203678713125186e+01
3.747203678713125186e+01
3.747203678713125186e+01
3.747203678713125186e+01
3.747203678713125186e+01
3.747203678713125186e+01
3.747203678713125186e+01
3.747203678713125186e+01
3.747203678713125186e+01
3.747203678713125186e+01
3.747203678713125186e+01
3.747203678713125186e+01
3.747203678713125186e+01
3.747203678713125186e+01
3.747203678713125186e+01
3.742311455216646721e+01
3.742311455216646721e+01
3.742311455216646721e+01
3.742311455216646721e+01
3.742311455216646721e+01
3.742311455216646721e+01
3.742311455216646721e+01
3.742311455216646721e+01
3.742311455216646721e+01
3.742311455216646721e+01
3.742311455216646721e+01
3.742311455216646721e+01
3.742311455216646721e+01
3.742311455216646721e+01
3.742311455216646721e+01
3.742311455216646721e+01
3.742311455216646721e+01
3.742311455216646721e+01
3.742311455216646721e+01
3.742311455216646721e+01
3.742311455216646721e+01
3.742311455216646721e+01
3.742311455216646721e+01
3.742311455216646721e+01
3.742311455216646721e+01
3.742311455216646721e+01
3.742311455216646721e+01
3.742311455216646721e+01
3.742311455216646721e+01
3.742311455216646721e+01
3.742311455216646721e+01
3.742311455216646721e+01
3.742311455216646721e+01
3.742311455216646721e+01
3.742311455216646721e+01
3.742311455216646721e+01
3.742311455216646721e+01
3.742311455216646721e+01
3.742311455216646721e+01
3.742311455216646721e+01
3.742311455216646721e+01
3.742311455216646721e+01
3.742311455216646721e+01
3.742311455216646721e+01
3.742311455216646721e+01
3.740144704186848656e+01
3.740144704186848656e+01
3.739962356218208583e+01
3.739962356218208583e+01
3.739962356218208583e+01
3.739962356218208583e+01
3.739962356218208583e+01
3.739962356218208583e+01
3.739962356218208583e+01
3.739962356218208583e+01
3.739962356218208583e+01
3.739962356218208583e+01
3.739962356218208583e+01
3.738520089744322661e+01
3.738520089744322661e+01
3.738520089744322661e+01
3.738520089744322661e+01
3.733674623437588025e+01
3.733674623437588025e+01
3.733674623437588025e+01
3.733674623437588025e+01
3.733674623437588025e+01
3.733674623437588025e+01
3.733674623437588025e+01
3.733674623437588025e+01
3.733674623437588025e+01
3.733674623437588025e+01
3.733674623437588025e+01
3.731588650044388800e+01
3.731588650044388800e+01
3.731588650044388800e+01
3.731588650044388800e+01
3.731588650044388800e+01
3.731588650044388800e+01
3.730551576683220816e+01
3.730551576683220816e+01
3.728068731997858265e+01
3.728068731997858265e+01
3.728068731997858265e+01
3.728068731997858265e+01
3.728068731997858265e+01
3.728068731997858265e+01
3.728068731997858265e+01
3.728068731997858265e+01
3.721551117613270776e+01
3.721551117613270776e+01
3.721551117613270776e+01
3.721551117613270776e+01
3.721551117613270776e+01
3.721551117613270776e+01
3.721551117613270776e+01
3.721551117613270776e+01
3.721551117613270776e+01
3.716916275494348554e+01
3.716916275494348554e+01
3.716916275494348554e+01
3.716916275494348554e+01
3.716916275494348554e+01
3.716916275494348554e+01
3.716916275494348554e+01
3.716916275494348554e+01
3.716916275494348554e+01
3.716916275494348554e+01
3.716916275494348554e+01
3.716916275494348554e+01
3.716916275494348554e+01
3.716916275494348554e+01
3.716916275494348554e+01
3.716916275494348554e+01
3.716916275494348554e+01
3.716916275494348554e+01
3.716916275494348554e+01
3.716916275494348554e+01
3.716916275494348554e+01
3.716916275494348554e+01
3.716916275494348554e+01
3.716916275494348554e+01
3.716916275494348554e+01
3.716916275494348554e+01
3.716916275494348554e+01
3.716916275494348554e+01
3.716916275494348554e+01
3.716916275494348554e+01
3.716916275494348554e+01
