1.972055033209723433e+03
1.972055033209723433e+03
1.972055033209723433e+03
1.972055033209723433e+03
1.972055033209723433e+03
1.972055033209723433e+03
1.972055033209723433e+03
1.972055033209723433e+03
1.972055033209723433e+03
1.972055033209723433e+03
1.972055033209723433e+03
1.972055033209723433e+03
1.972055033209723433e+03
1.972055033209723433e+03
1.972055033209723433e+03
1.972055033209723433e+03
1.972055033209723433e+03
1.972055033209723433e+03
1.972055033209723433e+03
1.972055033209723433e+03
1.972055033209723433e+03
1.972055033209723433e+03
1.972055033209723433e+03
1.972055033209723433e+03
1.972055033209723433e+03
1.972055033209723433e+03
1.972055033209723433e+03
1.972055033209723433e+03
1.857661295867059380e+03
1.857661295867059380e+03
1.857661295867059380e+03
1.857661295867059380e+03
1.857661295867059380e+03
1.857661295867059380e+03
1.770150667539282495e+03
1.770150667539282495e+03
1.770150667539282495e+03
1.770150667539282495e+03
1.687893815272025222e+03
1.687893815272025222e+03
1.687893815272025222e+03
1.687893815272025222e+03
1.127339163544896337e+03
1.127339163544896337e+03
1.127339163544896337e+03
1.127339163544896337e+03
1.127339163544896337e+03
9.315528824782422816e+02
9.315528824782422816e+02
9.315528824782422816e+02
9.315528824782422816e+02
9.315528824782422816e+02
9.315528824782422816e+02
9.315528824782422816e+02
9.315528824782422816e+02
9.315528824782422816e+02
9.315528824782422816e+02
8.390141218140439605e+02
8.390141218140439605e+02
4.074016852606924886e+02
4.074016852606924886e+02
4.074016852606924886e+02
4.074016852606924886e+02
4.074016852606924886e+02
4.074016852606924886e+02
4.074016852606924886e+02
4.074016852606924886e+02
3.578100306955770975e+02
3.578100306955770975e+02
3.578100306955770975e+02
3.578100306955770975e+02
3.578100306955770975e+02
3.578100306955770975e+02
3.578100306955770975e+02
2.288444774484904656e+02
2.288444774484904656e+02
2.288444774484904656e+02
2.288444774484904656e+02
2.288444774484904656e+02
2.288444774484904656e+02
2.288444774484904656e+02
2.288444774484904656e+02
2.288444774484904656e+02
2.288444774484904656e+02
2.288444774484904656e+02
1.772777506576503015e+02
1.772777506576503015e+02
1.772777506576503015e+02
1.772777506576503015e+02
1.772777506576503015e+02
1.772777506576503015e+02
1.772777506576503015e+02
1.772777506576503015e+02
1.772777506576503015e+02
1.772777506576503015e+02
1.772777506576503015e+02
1.772777506576503015e+02
1.772777506576503015e+02
1.772777506576503015e+02
1.772777506576503015e+02
1.772777506576503015e+02
1.772777506576503015e+02
1.772777506576503015e+02
1.772777506576503015e+02
1.772777506576503015e+02
1.772777506576503015e+02
1.772777506576503015e+02
1.772777506576503015e+02
1.772777506576503015e+02
1.772777506576503015e+02
1.772777506576503015e+02
1.772777506576503015e+02
1.772777506576503015e+02
1.772777506576503015e+02
1.772777506576503015e+02
1.772777506576503015e+02
1.772777506576503015e+02
1.772777506576503015e+02
1.772777506576503015e+02
1.772777506576503015e+02
1.772777506576503015e+02
1.772777506576503015e+02
1.772777506576503015e+02
1.772777506576503015e+02
1.772777506576503015e+02
1.772777506576503015e+02
1.772777506576503015e+02
1.670574364296874705e+02
1.575776366055525841e+02
1.575776366055525841e+02
1.575776366055525841e+02
1.575776366055525841e+02
1.414315868562939045e+02
1.414315868562939045e+02
1.414315868562939045e+02
1.414315868562939045e+02
1.414315868562939045e+02
1.414315868562939045e+02
1.121319673360643066e+02
1.121319673360643066e+02
1.121319673360643066e+02
1.121319673360643066e+02
1.121319673360643066e+02
1.121319673360643066e+02
1.121319673360643066e+02
1.121319673360643066e+02
1.121319673360643066e+02
1.121319673360643066e+02
1.121319673360643066e+02
1.121319673360643066e+02
1.121319673360643066e+02
1.121319673360643066e+02
1.121319673360643066e+02
1.121319673360643066e+02
1.121319673360643066e+02
1.121319673360643066e+02
1.121319673360643066e+02
1.121319673360643066e+02
1.121319673360643066e+02
1.121319673360643066e+02
1.121319673360643066e+02
1.121319673360643066e+02
1.121319673360643066e+02
1.121319673360643066e+02
1.121319673360643066e+02
1.121319673360643066e+02
1.121319673360643066e+02
1.121319673360643066e+02
1.121319673360643066e+02
1.121319673360643066e+02
1.121319673360643066e+02
1.121319673360643066e+02
1.121319673360643066e+02
1.121319673360643066e+02
1.121319673360643066e+02
1.121319673360643066e+02
1.121319673360643066e+02
1.121319673360643066e+02
1.121319673360643066e+02
1.121319673360643066e+02
1.121319673360643066e+02
1.121319673360643066e+02
1.121319673360643066e+02
1.121319673360643066e+02
1.121319673360643066e+02
1.121319673360643066e+02
1.121319673360643066e+02
1.121319673360643066e+02
1.121319673360643066e+02
1.121319673360643066e+02
1.121319673360643066e+02
1.121319673360643066e+02
1.121319673360643066e+02
1.121319673360643066e+02
1.121319673360643066e+02
1.121319673360643066e+02
1.121319673360643066e+02
1.121319673360643066e+02
1.121319673360643066e+02
1.121319673360643066e+02
1.121319673360643066e+02
1.121319673360643066e+02
1.121319673360643066e+02
1.121319673360643066e+02
1.121319673360643066e+02
1.121319673360643066e+02
1.121319673360643066e+02
1.121319673360643066e+02
1.121319673360643066e+02
1.121319673360643066e+02
1.121319673360643066e+02
1.121319673360643066e+02
1.121319673360643066e+02
1.121319673360643066e+02
1.121319673360643066e+02
1.121319673360643066e+02
1.121319673360643066e+02
1.121319673360643066e+02
1.121319673360643066e+02
1.121319673360643066e+02
1.121319673360643066e+02
1.121319673360643066e+02
1.121319673360643066e+02
1.121319673360643066e+02
1.121319673360643066e+02
1.121319673360643066e+02
1.121319673360643066e+02
1.121319673360643066e+02
1.121319673360643066e+02
1.121319673360643066e+02
1.121319673360643066e+02
1.121319673360643066e+02
1.121319673360643066e+02
1.121319673360643066e+02
1.121319673360643066e+02
1.121319673360643066e+02
1.121319673360643066e+02
1.121319673360643066e+02
1.121319673360643066e+02
1.121319673360643066e+02
1.121319673360643066e+02
1.121319673360643066e+02
1.121319673360643066e+02
1.121319673360643066e+02
1.121319673360643066e+02
1.121319673360643066e+02
1.121319673360643066e+02
1.121319673360643066e+02
1.077476303822658110e+02
1.077476303822658110e+02
1.077476303822658110e+02
1.077476303822658110e+02
1.077476303822658110e+02
1.077476303822658110e+02
1.077476303822658110e+02
1.077476303822658110e+02
1.047673257172304062e+02
1.047673257172304062e+02
1.047673257172304062e+02
1.047673257172304062e+02
1.047673257172304062e+02
1.047673257172304062e+02
1.047673257172304062e+02
1.047673257172304062e+02
1.047673257172304062e+02
1.035959469430062541e+02
1.035959469430062541e+02
1.035959469430062541e+02
1.035959469430062541e+02
1.035959469430062541e+02
1.035959469430062541e+02
9.699599962632166239e+01
9.446850500088805802e+01
9.446850500088805802e+01
9.446850500088805802e+01
9.446850500088805802e+01
8.781263519476341628e+01
8.119651432899112820e+01
8.119651432899112820e+01
8.119651432899112820e+01
8.119651432899112820e+01
8.119651432899112820e+01
8.119651432899112820e+01
8.016442815307016190e+01
8.016442815307016190e+01
7.824877422365344160e+01
7.824877422365344160e+01
7.824877422365344160e+01
7.730773492696221183e+01
7.730773492696221183e+01
7.730773492696221183e+01
7.730773492696221183e+01
7.730773492696221183e+01
7.656983652257655137e+01
7.656983652257655137e+01
7.656983652257655137e+01
7.656983652257655137e+01
7.656983652257655137e+01
7.656983652257655137e+01
6.404826937446685520e+01
6.404826937446685520e+01
6.404826937446685520e+01
6.404826937446685520e+01
6.404826937446685520e+01
6.404826937446685520e+01
6.404826937446685520e+01
5.455546831838005772e+01
5.455546831838005772e+01
5.455546831838005772e+01
5.455546831838005772e+01
5.455546831838005772e+01
5.455546831838005772e+01
5.455546831838005772e+01
5.455546831838005772e+01
5.455546831838005772e+01
5.455546831838005772e+01
5.455546831838005772e+01
5.455546831838005772e+01
5.455546831838005772e+01
5.455546831838005772e+01
5.455546831838005772e+01
5.455546831838005772e+01
5.455546831838005772e+01
5.455546831838005772e+01
5.455546831838005772e+01
5.455546831838005772e+01
5.455546831838005772e+01
5.455546831838005772e+01
5.455546831838005772e+01
5.455546831838005772e+01
5.455546831838005772e+01
5.455546831838005772e+01
5.455546831838005772e+01
5.455546831838005772e+01
5.455546831838005772e+01
5.455546831838005772e+01
5.455546831838005772e+01
5.455546831838005772e+01
5.455546831838005772e+01
5.455546831838005772e+01
5.455546831838005772e+01
5.455546831838005772e+01
4.538047803420161586e+01
4.538047803420161586e+01
4.538047803420161586e+01
4.538047803420161586e+01
4.538047803420161586e+01
4.538047803420161586e+01
4.538047803420161586e+01
4.538047803420161586e+01
4.538047803420161586e+01
4.538047803420161586e+01
4.538047803420161586e+01
4.538047803420161586e+01
4.538047803420161586e+01
4.538047803420161586e+01
4.538047803420161586e+01
4.538047803420161586e+01
4.538047803420161586e+01
4.538047803420161586e+01
4.538047803420161586e+01
4.538047803420161586e+01
4.538047803420161586e+01
4.538047803420161586e+01
4.538047803420161586e+01
4.538047803420161586e+01
4.538047803420161586e+01
4.538047803420161586e+01
4.538047803420161586e+01
4.538047803420161586e+01
4.538047803420161586e+01
4.538047803420161586e+01
4.538047803420161586e+01
4.538047803420161586e+01
4.538047803420161586e+01
4.538047803420161586e+01
4.538047803420161586e+01
4.538047803420161586e+01
4.538047803420161586e+01
4.538047803420161586e+01
4.538047803420161586e+01
4.538047803420161586e+01
4.538047803420161586e+01
4.538047803420161586e+01
4.538047803420161586e+01
4.538047803420161586e+01
4.538047803420161586e+01
4.538047803420161586e+01
4.538047803420161586e+01
4.538047803420161586e+01
4.538047803420161586e+01
4.538047803420161586e+01
4.538047803420161586e+01
4.538047803420161586e+01
4.538047803420161586e+01
4.538047803420161586e+01
4.538047803420161586e+01
4.538047803420161586e+01
4.538047803420161586e+01
4.538047803420161586e+01
4.538047803420161586e+01
4.538047803420161586e+01
4.538047803420161586e+01
4.538047803420161586e+01
4.538047803420161586e+01
4.538047803420161586e+01
4.537189393730285758e+01
4.537189393730285758e+01
4.537189393730285758e+01
4.537189393730285758e+01
4.537189393730285758e+01
4.537189393730285758e+01
4.537189393730285758e+01
4.537189393730285758e+01
4.537189393730285758e+01
4.537189393730285758e+01
4.537189393730285758e+01
4.537189393730285758e+01
4.537189393730285758e+01
4.406519081308606189e+01
4.406519081308606189e+01
4.260868755333675750e+01
4.260868755333675750e+01
4.260868755333675750e+01
4.260868755333675750e+01
4.260868755333675750e+01
4.260868755333675750e+01
4.110620906195067192e+01
4.110620906195067192e+01
4.110620906195067192e+01
4.110620906195067192e+01
4.110620906195067192e+01
4.110620906195067192e+01
4.110620906195067192e+01
4.110620906195067192e+01
4.110620906195067192e+01
4.110620906195067192e+01
4.110620906195067192e+01
4.110620906195067192e+01
4.110620906195067192e+01
4.110620906195067192e+01
4.110620906195067192e+01
4.110620906195067192e+01
4.098009392519126948e+01
4.098009392519126948e+01
4.098009392519126948e+01
3.931955422217188811e+01
3.931955422217188811e+01
3.931955422217188811e+01
3.931955422217188811e+01
3.931955422217188811e+01
3.931955422217188811e+01
3.931955422217188811e+01
3.931955422217188811e+01
3.931955422217188811e+01
3.931955422217188811e+01
3.922262427383771666e+01
3.922262427383771666e+01
3.922262427383771666e+01
3.922262427383771666e+01
3.922262427383771666e+01
3.922262427383771666e+01
3.706715218501473430e+01
3.706715218501473430e+01
3.706715218501473430e+01
3.706715218501473430e+01
3.706715218501473430e+01
3.706715218501473430e+01
3.706715218501473430e+01
3.706715218501473430e+01
3.706715218501473430e+01
3.706715218501473430e+01
3.706715218501473430e+01
3.706715218501473430e+01
3.706715218501473430e+01
3.706715218501473430e+01
3.706715218501473430e+01
3.706715218501473430e+01
3.706715218501473430e+01
3.706715218501473430e+01
3.706715218501473430e+01
3.706715218501473430e+01
3.706715218501473430e+01
3.706715218501473430e+01
3.706715218501473430e+01
3.706715218501473430e+01
3.706715218501473430e+01
3.706715218501473430e+01
3.706715218501473430e+01
3.706715218501473430e+01
3.706715218501473430e+01
3.706715218501473430e+01
3.706715218501473430e+01
3.706715218501473430e+01
3.706715218501473430e+01
3.706715218501473430e+01
3.706715218501473430e+01
3.706715218501473430e+01
3.706715218501473430e+01
3.706715218501473430e+01
3.706715218501473430e+01
3.706715218501473430e+01
3.706715218501473430e+01
3.706715218501473430e+01
3.706715218501473430e+01
3.706715218501473430e+01
3.706715218501473430e+01
3.657241249043801190e+01
3.657241249043801190e+01
3.657241249043801190e+01
3.657241249043801190e+01
3.657241249043801190e+01
3.657241249043801190e+01
3.657241249043801190e+01
3.657241249043801190e+01
3.650871711024101529e+01
3.650871711024101529e+01
3.650871711024101529e+01
3.650871711024101529e+01
3.650871711024101529e+01
3.650871711024101529e+01
3.650871711024101529e+01
3.650871711024101529e+01
3.650871711024101529e+01
3.650871711024101529e+01
3.650871711024101529e+01
3.650871711024101529e+01
3.650871711024101529e+01
3.650871711024101529e+01
3.650871711024101529e+01
3.650871711024101529e+01
3.650871711024101529e+01
3.650871711024101529e+01
3.650871711024101529e+01
3.650871711024101529e+01
3.650871711024101529e+01
3.650871711024101529e+01
3.650871711024101529e+01
3.650871711024101529e+01
3.650871711024101529e+01
3.650871711024101529e+01
3.650871711024101529e+01
3.650871711024101529e+01
3.650871711024101529e+01
3.650871711024101529e+01
3.650871711024101529e+01
3.650871711024101529e+01
3.650871711024101529e+01
3.650871711024101529e+01
3.650871711024101529e+01
3.650871711024101529e+01
3.605235776981677276e+01
3.605235776981677276e+01
3.605235776981677276e+01
3.605235776981677276e+01
3.605235776981677276e+01
3.605235776981677276e+01
3.605235776981677276e+01
3.605235776981677276e+01
3.605235776981677276e+01
3.605235776981677276e+01
3.605235776981677276e+01
3.605235776981677276e+01
3.605235776981677276e+01
3.605235776981677276e+01
3.605235776981677276e+01
3.605235776981677276e+01
3.605235776981677276e+01
3.605235776981677276e+01
3.605235776981677276e+01
3.605235776981677276e+01
3.571690512711132470e+01
3.571690512711132470e+01
3.571690512711132470e+01
3.571690512711132470e+01
3.571690512711132470e+01
3.571690512711132470e+01
3.571690512711132470e+01
3.571690512711132470e+01
3.571690512711132470e+01
3.571690512711132470e+01
3.571690512711132470e+01
3.571690512711132470e+01
3.571690512711132470e+01
3.571690512711132470e+01
3.571690512711132470e+01
3.571690512711132470e+01
3.571690512711132470e+01
3.571690512711132470e+01
3.571690512711132470e+01
3.571690512711132470e+01
3.571690512711132470e+01
3.571690512711132470e+01
3.571690512711132470e+01
3.571690512711132470e+01
3.571690512711132470e+01
3.571690512711132470e+01
3.571690512711132470e+01
3.571690512711132470e+01
3.571690512711132470e+01
3.571690512711132470e+01
3.571690512711132470e+01
3.571690512711132470e+01
3.571690512711132470e+01
3.571690512711132470e+01
3.571690512711132470e+01
3.571690512711132470e+01
3.571690512711132470e+01
3.571690512711132470e+01
3.571690512711132470e+01
3.571690512711132470e+01
3.571690512711132470e+01
3.571690512711132470e+01
3.571690512711132470e+01
3.571690512711132470e+01
3.571690512711132470e+01
3.571690512711132470e+01
3.571690512711132470e+01
3.571690512711132470e+01
3.571690512711132470e+01
3.571690512711132470e+01
3.571690512711132470e+01
3.571690512711132470e+01
3.571690512711132470e+01
3.571690512711132470e+01
3.571690512711132470e+01
3.571690512711132470e+01
3.571690512711132470e+01
3.571690512711132470e+01
3.571690512711132470e+01
3.571690512711132470e+01
3.571690512711132470e+01
3.571690512711132470e+01
3.571690512711132470e+01
3.571690512711132470e+01
3.571690512711132470e+01
3.571690512711132470e+01
3.571690512711132470e+01
3.571690512711132470e+01
3.571690512711132470e+01
3.571690512711132470e+01
3.571690512711132470e+01
3.568156157298692932e+01
3.568156157298692932e+01
3.568156157298692932e+01
3.568156157298692932e+01
3.568156157298692932e+01
3.568156157298692932e+01
3.568156157298692932e+01
3.568156157298692932e+01
3.568156157298692932e+01
3.568156157298692932e+01
3.568156157298692932e+01
3.568156157298692932e+01
3.537936136818918698e+01
3.537936136818918698e+01
3.537936136818918698e+01
3.537936136818918698e+01
3.537936136818918698e+01
3.537936136818918698e+01
3.503607004357048993e+01
3.503607004357048993e+01
3.503607004357048993e+01
3.503607004357048993e+01
3.503607004357048993e+01
3.503607004357048993e+01
3.503607004357048993e+01
3.503607004357048993e+01
3.503607004357048993e+01
3.503607004357048993e+01
3.492144022273231485e+01
3.492144022273231485e+01
3.492144022273231485e+01
3.492144022273231485e+01
3.492144022273231485e+01
3.492144022273231485e+01
3.492144022273231485e+01
3.492144022273231485e+01
3.492144022273231485e+01
3.492144022273231485e+01
3.492144022273231485e+01
3.492144022273231485e+01
3.492144022273231485e+01
3.492144022273231485e+01
3.492144022273231485e+01
3.492144022273231485e+01
3.492144022273231485e+01
3.492144022273231485e+01
3.492144022273231485e+01
3.492144022273231485e+01
3.492144022273231485e+01
3.492144022273231485e+01
3.492144022273231485e+01
3.492144022273231485e+01
3.492144022273231485e+01
3.492144022273231485e+01
3.492144022273231485e+01
3.492144022273231485e+01
3.492144022273231485e+01
3.492144022273231485e+01
3.492144022273231485e+01
3.492144022273231485e+01
3.492144022273231485e+01
3.492144022273231485e+01
3.485041493030374227e+01
3.485041493030374227e+01
3.485041493030374227e+01
3.482936199391653531e+01
3.482936199391653531e+01
3.482936199391653531e+01
3.482936199391653531e+01
3.482936199391653531e+01
3.482936199391653531e+01
3.482936199391653531e+01
3.482936199391653531e+01
3.482936199391653531e+01
3.462239256672548038e+01
3.462239256672548038e+01
3.462239256672548038e+01
3.462239256672548038e+01
3.462239256672548038e+01
3.462239256672548038e+01
3.449467452521550825e+01
3.449467452521550825e+01
3.449467452521550825e+01
3.449467452521550825e+01
3.449467452521550825e+01
3.449467452521550825e+01
3.449467452521550825e+01
3.449467452521550825e+01
3.449467452521550825e+01
3.449467452521550825e+01
3.449467452521550825e+01
3.449467452521550825e+01
3.449467452521550825e+01
3.449467452521550825e+01
3.449467452521550825e+01
3.449467452521550825e+01
3.449467452521550825e+01
3.449467452521550825e+01
3.449467452521550825e+01
3.449467452521550825e+01
3.449467452521550825e+01
3.449467452521550825e+01
3.449467452521550825e+01
3.449467452521550825e+01
3.449467452521550825e+01
3.449467452521550825e+01
3.449467452521550825e+01
3.449467452521550825e+01
3.449467452521550825e+01
3.449467452521550825e+01
3.449467452521550825e+01
3.449467452521550825e+01
3.449467452521550825e+01
3.449467452521550825e+01
3.449467452521550825e+01
3.449467452521550825e+01
3.449467452521550825e+01
3.449467452521550825e+01
3.442633679518871759e+01
3.442633679518871759e+01
3.442633679518871759e+01
3.442633679518871759e+01
3.442633679518871759e+01
3.442633679518871759e+01
3.442633679518871759e+01
3.442633679518871759e+01
3.442633679518871759e+01
3.442633679518871759e+01
3.442633679518871759e+01
3.442633679518871759e+01
3.442633679518871759e+01
3.442633679518871759e+01
3.442633679518871759e+01
3.442633679518871759e+01
3.442633679518871759e+01
3.442633679518871759e+01
3.442633679518871759e+01
3.442633679518871759e+01
3.442633679518871759e+01
3.442633679518871759e+01
3.442633679518871759e+01
3.442633679518871759e+01
3.442633679518871759e+01
3.442633679518871759e+01
3.442633679518871759e+01
3.442633679518871759e+01
3.442633679518871759e+01
3.442633679518871759e+01
3.442633679518871759e+01
3.442633679518871759e+01
3.442633679518871759e+01
3.442633679518871759e+01
3.437344821478711765e+01
3.432669932543613101e+01
3.432669932543613101e+01
3.432669932543613101e+01
3.432669932543613101e+01
3.432669932543613101e+01
3.432669932543613101e+01
3.432669932543613101e+01
3.432669932543613101e+01
3.432669932543613101e+01
3.432669932543613101e+01
3.432669932543613101e+01
3.432669932543613101e+01
3.432669932543613101e+01
3.432669932543613101e+01
3.432669932543613101e+01
3.432669932543613101e+01
3.432669932543613101e+01
3.432669932543613101e+01
3.432669932543613101e+01
3.432669932543613101e+01
3.432669932543613101e+01
3.432669932543613101e+01
3.430535940978105458e+01
3.430535940978105458e+01
3.430535940978105458e+01
3.430535940978105458e+01
3.430535940978105458e+01
3.430535940978105458e+01
3.430535940978105458e+01
3.430535940978105458e+01
3.430535940978105458e+01
3.430535940978105458e+01
3.430535940978105458e+01
3.430535940978105458e+01
3.430535940978105458e+01
3.430535940978105458e+01
3.430535940978105458e+01
3.430535940978105458e+01
3.430535940978105458e+01
3.430535940978105458e+01
3.430535940978105458e+01
3.430535940978105458e+01
3.430535940978105458e+01
3.430535940978105458e+01
3.430535940978105458e+01
3.430535940978105458e+01
3.430535940978105458e+01
3.430535940978105458e+01
3.430535940978105458e+01
3.430535940978105458e+01
3.430535940978105458e+01
3.430535940978105458e+01
3.430535940978105458e+01
3.430535940978105458e+01
3.430535940978105458e+01
3.427926273976105165e+01
3.427926273976105165e+01
3.427926273976105165e+01
3.427926273976105165e+01
3.427926273976105165e+01
3.427926273976105165e+01
3.427926273976105165e+01
3.427926273976105165e+01
3.425843582322869452e+01
3.425843582322869452e+01
3.425843582322869452e+01
3.425843582322869452e+01
3.425843582322869452e+01
3.425843582322869452e+01
3.425843582322869452e+01
3.425843582322869452e+01
3.425843582322869452e+01
3.425843582322869452e+01
3.425843582322869452e+01
3.425843582322869452e+01
3.425843582322869452e+01
3.425843582322869452e+01
3.425843582322869452e+01
3.425843582322869452e+01
3.425843582322869452e+01
3.425843582322869452e+01
3.425843582322869452e+01
3.425843582322869452e+01
3.425843582322869452e+01
3.425843582322869452e+01
3.425843582322869452e+01
3.425843582322869452e+01
3.425843582322869452e+01
3.425843582322869452e+01
3.425843582322869452e+01
3.425843582322869452e+01
3.421839451528877873e+01
3.421839451528877873e+01
3.421839451528877873e+01
3.421503509404826104e+01
3.421503509404826104e+01
3.421503509404826104e+01
3.421503509404826104e+01
3.421503509404826104e+01
3.421503509404826104e+01
3.421503509404826104e+01
3.419742460032261988e+01
3.415338662382167456e+01
3.415338662382167456e+01
3.415338662382167456e+01
3.415338662382167456e+01
3.415338662382167456e+01
3.415338662382167456e+01
3.415338662382167456e+01
3.415338662382167456e+01
3.415338662382167456e+01
3.415338662382167456e+01
3.415338662382167456e+01
3.415338662382167456e+01
3.415338662382167456e+01
3.415338662382167456e+01
3.415338662382167456e+01
3.415338662382167456e+01
3.415338662382167456e+01
3.415338662382167456e+01
3.415338662382167456e+01
3.415338662382167456e+01
3.415338662382167456e+01
3.415338662382167456e+01
3.415338662382167456e+01
3.415338662382167456e+01
3.415338662382167456e+01
3.415338662382167456e+01
3.415338662382167456e+01
3.415338662382167456e+01
3.415338662382167456e+01
3.415338662382167456e+01
3.415338662382167456e+01
3.415338662382167456e+01
3.415338662382167456e+01
3.415338662382167456e+01
3.415338662382167456e+01
3.415338662382167456e+01
3.415338662382167456e+01
3.415338662382167456e+01
3.415338662382167456e+01
3.415338662382167456e+01
3.415338662382167456e+01
3.415338662382167456e+01
3.415338662382167456e+01
3.415338662382167456e+01
3.415338662382167456e+01
3.415338662382167456e+01
3.415338662382167456e+01
3.415338662382167456e+01
3.415338662382167456e+01
3.415338662382167456e+01
3.415338662382167456e+01
3.415338662382167456e+01
3.415338662382167456e+01
3.415338662382167456e+01
3.415338662382167456e+01
3.415338662382167456e+01
3.415338662382167456e+01
3.415338662382167456e+01
3.415338662382167456e+01
3.415338662382167456e+01
3.415338662382167456e+01
3.415338662382167456e+01
3.415338662382167456e+01
3.415338662382167456e+01
3.415338662382167456e+01
3.415338662382167456e+01
3.414786985535258879e+01
3.414786985535258879e+01
3.414786985535258879e+01
3.414786985535258879e+01
3.414786985535258879e+01
3.414786985535258879e+01
3.411710174565344289e+01
3.411710174565344289e+01
3.411710174565344289e+01
3.411710174565344289e+01
3.411710174565344289e+01
3.411710174565344289e+01
3.411710174565344289e+01
3.411710174565344289e+01
3.411710174565344289e+01
3.411710174565344289e+01
3.411710174565344289e+01
3.411710174565344289e+01
3.411710174565344289e+01
3.411710174565344289e+01
3.411710174565344289e+01
3.411710174565344289e+01
3.411710174565344289e+01
3.411710174565344289e+01
3.411710174565344289e+01
3.411710174565344289e+01
3.411710174565344289e+01
3.411710174565344289e+01
3.411710174565344289e+01
3.411710174565344289e+01
3.411710174565344289e+01
3.411710174565344289e+01
3.411710174565344289e+01
3.411710174565344289e+01
3.411710174565344289e+01
3.411710174565344289e+01
3.411710174565344289e+01
3.411710174565344289e+01
3.411710174565344289e+01
3.411710174565344289e+01
3.411710174565344289e+01
3.411710174565344289e+01
3.411710174565344289e+01
3.411710174565344289e+01
3.411710174565344289e+01
3.411710174565344289e+01
3.411710174565344289e+01
3.411710174565344289e+01
3.411710174565344289e+01
3.411710174565344289e+01
3.411710174565344289e+01
3.411710174565344289e+01
3.411710174565344289e+01
3.411710174565344289e+01
3.411710174565344289e+01
3.411710174565344289e+01
3.411710174565344289e+01
3.411710174565344289e+01
3.411710174565344289e+01
3.411710174565344289e+01
3.411710174565344289e+01
3.411710174565344289e+01
3.411710174565344289e+01
