2.130329264753783718e+03
2.103593863792418233e+03
2.103593863792418233e+03
2.103593863792418233e+03
2.103593863792418233e+03
2.103593863792418233e+03
2.103593863792418233e+03
2.103593863792418233e+03
2.103593863792418233e+03
2.103593863792418233e+03
2.103593863792418233e+03
2.103593863792418233e+03
2.103593863792418233e+03
2.103593863792418233e+03
2.103593863792418233e+03
2.103593863792418233e+03
2.103593863792418233e+03
2.103593863792418233e+03
2.030337148628128489e+03
2.030337148628128489e+03
2.030337148628128489e+03
2.030337148628128489e+03
2.030337148628128489e+03
2.030337148628128489e+03
2.030337148628128489e+03
1.725323063408584403e+03
1.580791925204915060e+03
1.580791925204915060e+03
1.580791925204915060e+03
1.580791925204915060e+03
1.580791925204915060e+03
1.580791925204915060e+03
1.580791925204915060e+03
1.580791925204915060e+03
1.580791925204915060e+03
1.580791925204915060e+03
1.580791925204915060e+03
1.580791925204915060e+03
1.580791925204915060e+03
1.580791925204915060e+03
1.580791925204915060e+03
1.197879254593171709e+03
1.197879254593171709e+03
1.197879254593171709e+03
1.197879254593171709e+03
1.197879254593171709e+03
1.197879254593171709e+03
1.197879254593171709e+03
1.197879254593171709e+03
1.197879254593171709e+03
1.197879254593171709e+03
1.197879254593171709e+03
1.197879254593171709e+03
1.197879254593171709e+03
1.197879254593171709e+03
1.197879254593171709e+03
1.197879254593171709e+03
1.197879254593171709e+03
1.197879254593171709e+03
1.197879254593171709e+03
1.197879254593171709e+03
1.197879254593171709e+03
1.197879254593171709e+03
1.197879254593171709e+03
1.197879254593171709e+03
1.197879254593171709e+03
1.197879254593171709e+03
1.197879254593171709e+03
1.197879254593171709e+03
1.154389222548081989e+03
1.085896075394368381e+03
1.085896075394368381e+03
1.085896075394368381e+03
1.085896075394368381e+03
1.085896075394368381e+03
1.085896075394368381e+03
1.085896075394368381e+03
1.085896075394368381e+03
1.085896075394368381e+03
1.085896075394368381e+03
1.085896075394368381e+03
1.073160787545627272e+03
1.073160787545627272e+03
9.785000430471812933e+02
9.785000430471812933e+02
9.785000430471812933e+02
9.785000430471812933e+02
9.785000430471812933e+02
9.785000430471812933e+02
9.785000430471812933e+02
9.785000430471812933e+02
9.785000430471812933e+02
9.785000430471812933e+02
9.785000430471812933e+02
7.886068917276784305e+02
7.886068917276784305e+02
7.726048138816109940e+02
7.726048138816109940e+02
7.726048138816109940e+02
7.726048138816109940e+02
7.726048138816109940e+02
7.726048138816109940e+02
7.726048138816109940e+02
7.726048138816109940e+02
7.460242077391164912e+02
7.460242077391164912e+02
7.460242077391164912e+02
7.460242077391164912e+02
7.460242077391164912e+02
7.460242077391164912e+02
7.460242077391164912e+02
7.460242077391164912e+02
7.460242077391164912e+02
7.460242077391164912e+02
7.460242077391164912e+02
7.460242077391164912e+02
7.460242077391164912e+02
7.394612248876104559e+02
6.800274476708419797e+02
6.406039823447937351e+02
6.406039823447937351e+02
6.406039823447937351e+02
6.406039823447937351e+02
6.406039823447937351e+02
6.406039823447937351e+02
6.406039823447937351e+02
6.406039823447937351e+02
6.406039823447937351e+02
6.406039823447937351e+02
6.252984458978786506e+02
6.252984458978786506e+02
6.252984458978786506e+02
6.252984458978786506e+02
6.252984458978786506e+02
6.252984458978786506e+02
6.252984458978786506e+02
6.252984458978786506e+02
6.252984458978786506e+02
6.252984458978786506e+02
6.252984458978786506e+02
6.252984458978786506e+02
6.252984458978786506e+02
6.252984458978786506e+02
6.252984458978786506e+02
6.252984458978786506e+02
6.252984458978786506e+02
6.252984458978786506e+02
6.252984458978786506e+02
6.252984458978786506e+02
6.252984458978786506e+02
6.252984458978786506e+02
6.252984458978786506e+02
6.252984458978786506e+02
6.252984458978786506e+02
5.506022475034416175e+02
5.506022475034416175e+02
5.506022475034416175e+02
5.506022475034416175e+02
5.506022475034416175e+02
5.506022475034416175e+02
5.506022475034416175e+02
5.506022475034416175e+02
5.421389555924870365e+02
5.421389555924870365e+02
3.891377377243246087e+02
3.891377377243246087e+02
3.891377377243246087e+02
3.891377377243246087e+02
3.891377377243246087e+02
3.891377377243246087e+02
3.891377377243246087e+02
3.891377377243246087e+02
3.891377377243246087e+02
3.891377377243246087e+02
3.891377377243246087e+02
3.891377377243246087e+02
3.891377377243246087e+02
3.891377377243246087e+02
3.891377377243246087e+02
3.891377377243246087e+02
3.891377377243246087e+02
3.891377377243246087e+02
3.891377377243246087e+02
3.891377377243246087e+02
3.891377377243246087e+02
3.891377377243246087e+02
3.891377377243246087e+02
3.891377377243246087e+02
3.891377377243246087e+02
3.891377377243246087e+02
3.891377377243246087e+02
3.831249914975803108e+02
3.831249914975803108e+02
3.831249914975803108e+02
3.831249914975803108e+02
3.831249914975803108e+02
3.831249914975803108e+02
3.422711165135397096e+02
3.422711165135397096e+02
3.422711165135397096e+02
3.422711165135397096e+02
3.422711165135397096e+02
3.422711165135397096e+02
3.422711165135397096e+02
3.422711165135397096e+02
3.193558510222160294e+02
3.193558510222160294e+02
3.193558510222160294e+02
3.193558510222160294e+02
3.193558510222160294e+02
3.193558510222160294e+02
3.193558510222160294e+02
3.193558510222160294e+02
3.193558510222160294e+02
3.002628791561591584e+02
3.002628791561591584e+02
3.002628791561591584e+02
3.002628791561591584e+02
3.002628791561591584e+02
3.002628791561591584e+02
3.002628791561591584e+02
3.002628791561591584e+02
3.002628791561591584e+02
3.002628791561591584e+02
3.002628791561591584e+02
3.002628791561591584e+02
3.002628791561591584e+02
3.002628791561591584e+02
3.002628791561591584e+02
3.002628791561591584e+02
3.002628791561591584e+02
3.002628791561591584e+02
3.002628791561591584e+02
3.002628791561591584e+02
3.002628791561591584e+02
2.852111200230393706e+02
2.852111200230393706e+02
2.852111200230393706e+02
2.570639145597785955e+02
2.570639145597785955e+02
2.570639145597785955e+02
2.570639145597785955e+02
2.570639145597785955e+02
2.570639145597785955e+02
2.570639145597785955e+02
2.570639145597785955e+02
2.570639145597785955e+02
2.161458123194029781e+02
2.161458123194029781e+02
2.161458123194029781e+02
2.161458123194029781e+02
2.161458123194029781e+02
2.161458123194029781e+02
1.985557181515983700e+02
1.985557181515983700e+02
1.985557181515983700e+02
1.389756484678081847e+02
1.389756484678081847e+02
1.389756484678081847e+02
1.389756484678081847e+02
1.389756484678081847e+02
1.389756484678081847e+02
1.389756484678081847e+02
1.389756484678081847e+02
1.389756484678081847e+02
1.389756484678081847e+02
1.389756484678081847e+02
1.389756484678081847e+02
1.389756484678081847e+02
1.289716182328558034e+02
1.265683012043964055e+02
1.265683012043964055e+02
1.265683012043964055e+02
1.265683012043964055e+02
1.265683012043964055e+02
1.265683012043964055e+02
1.265683012043964055e+02
1.265683012043964055e+02
1.265683012043964055e+02
1.265683012043964055e+02
1.265683012043964055e+02
1.265683012043964055e+02
1.265683012043964055e+02
1.265683012043964055e+02
1.265683012043964055e+02
1.265683012043964055e+02
1.265683012043964055e+02
1.265683012043964055e+02
1.265683012043964055e+02
1.265683012043964055e+02
1.265683012043964055e+02
1.265683012043964055e+02
1.265683012043964055e+02
1.265683012043964055e+02
1.016869679793454679e+02
1.016869679793454679e+02
1.016869679793454679e+02
1.016869679793454679e+02
1.016869679793454679e+02
1.016869679793454679e+02
1.016869679793454679e+02
1.016869679793454679e+02
1.016869679793454679e+02
7.457000316534499973e+01
7.457000316534499973e+01
7.457000316534499973e+01
7.457000316534499973e+01
7.457000316534499973e+01
7.457000316534499973e+01
7.457000316534499973e+01
7.457000316534499973e+01
7.457000316534499973e+01
7.457000316534499973e+01
7.457000316534499973e+01
7.457000316534499973e+01
7.457000316534499973e+01
7.457000316534499973e+01
7.457000316534499973e+01
7.457000316534499973e+01
7.457000316534499973e+01
7.457000316534499973e+01
7.457000316534499973e+01
7.457000316534499973e+01
7.457000316534499973e+01
7.457000316534499973e+01
7.457000316534499973e+01
7.457000316534499973e+01
7.457000316534499973e+01
7.457000316534499973e+01
7.457000316534499973e+01
7.457000316534499973e+01
7.457000316534499973e+01
7.457000316534499973e+01
7.457000316534499973e+01
7.457000316534499973e+01
7.457000316534499973e+01
7.457000316534499973e+01
7.457000316534499973e+01
7.457000316534499973e+01
7.457000316534499973e+01
7.457000316534499973e+01
7.457000316534499973e+01
7.457000316534499973e+01
7.457000316534499973e+01
7.457000316534499973e+01
7.457000316534499973e+01
7.457000316534499973e+01
7.457000316534499973e+01
7.457000316534499973e+01
7.457000316534499973e+01
7.457000316534499973e+01
7.457000316534499973e+01
7.457000316534499973e+01
7.457000316534499973e+01
7.457000316534499973e+01
7.457000316534499973e+01
7.457000316534499973e+01
7.457000316534499973e+01
7.457000316534499973e+01
7.457000316534499973e+01
7.457000316534499973e+01
7.457000316534499973e+01
7.457000316534499973e+01
7.457000316534499973e+01
7.457000316534499973e+01
7.457000316534499973e+01
7.457000316534499973e+01
7.457000316534499973e+01
7.457000316534499973e+01
7.457000316534499973e+01
7.457000316534499973e+01
7.457000316534499973e+01
7.144834228001248277e+01
7.144834228001248277e+01
7.144834228001248277e+01
7.144834228001248277e+01
7.144834228001248277e+01
6.921995810095845059e+01
6.921995810095845059e+01
6.921995810095845059e+01
6.921995810095845059e+01
6.921995810095845059e+01
6.921995810095845059e+01
6.921995810095845059e+01
6.921995810095845059e+01
6.921995810095845059e+01
6.921995810095845059e+01
6.921995810095845059e+01
6.921995810095845059e+01
6.921995810095845059e+01
6.921995810095845059e+01
6.921995810095845059e+01
6.921995810095845059e+01
6.921995810095845059e+01
6.921995810095845059e+01
6.921995810095845059e+01
6.729119569302866921e+01
6.729119569302866921e+01
6.729119569302866921e+01
6.729119569302866921e+01
6.570864648339065184e+01
6.570864648339065184e+01
6.570864648339065184e+01
6.570864648339065184e+01
6.570864648339065184e+01
6.570864648339065184e+01
6.570864648339065184e+01
6.570864648339065184e+01
6.570864648339065184e+01
6.570864648339065184e+01
6.570864648339065184e+01
6.570864648339065184e+01
6.570864648339065184e+01
6.224915015794655204e+01
6.224915015794655204e+01
6.224915015794655204e+01
6.224915015794655204e+01
6.224915015794655204e+01
6.224915015794655204e+01
6.224915015794655204e+01
6.224915015794655204e+01
6.224915015794655204e+01
6.224915015794655204e+01
6.224915015794655204e+01
6.224915015794655204e+01
6.224915015794655204e+01
6.224915015794655204e+01
6.224915015794655204e+01
6.172527996859775357e+01
6.172527996859775357e+01
6.172527996859775357e+01
6.114571920751902212e+01
6.114571920751902212e+01
6.114571920751902212e+01
6.114571920751902212e+01
6.114571920751902212e+01
6.114571920751902212e+01
6.114571920751902212e+01
5.684544034262619761e+01
5.684544034262619761e+01
5.321964850494224208e+01
5.321964850494224208e+01
5.321964850494224208e+01
5.243097172302991993e+01
5.243097172302991993e+01
5.243097172302991993e+01
5.243097172302991993e+01
5.243097172302991993e+01
5.243097172302991993e+01
5.243097172302991993e+01
5.243097172302991993e+01
5.243097172302991993e+01
5.243097172302991993e+01
5.243097172302991993e+01
5.243097172302991993e+01
5.243097172302991993e+01
5.243097172302991993e+01
5.243097172302991993e+01
5.243097172302991993e+01
5.243097172302991993e+01
5.243097172302991993e+01
5.243097172302991993e+01
5.243097172302991993e+01
5.243097172302991993e+01
5.243097172302991993e+01
5.243097172302991993e+01
5.243097172302991993e+01
5.243097172302991993e+01
5.243097172302991993e+01
5.243097172302991993e+01
5.243097172302991993e+01
5.243097172302991993e+01
5.169475926791305653e+01
5.169475926791305653e+01
5.169475926791305653e+01
4.975283846706921054e+01
4.975283846706921054e+01
4.975283846706921054e+01
4.975283846706921054e+01
4.975283846706921054e+01
4.975283846706921054e+01
4.975283846706921054e+01
4.975283846706921054e+01
4.975283846706921054e+01
4.975283846706921054e+01
4.975283846706921054e+01
4.975283846706921054e+01
4.975283846706921054e+01
4.975283846706921054e+01
4.969505304485745967e+01
4.969505304485745967e+01
4.969505304485745967e+01
4.969505304485745967e+01
4.969505304485745967e+01
4.969505304485745967e+01
4.969505304485745967e+01
4.969505304485745967e+01
4.969505304485745967e+01
4.969505304485745967e+01
4.969505304485745967e+01
4.969505304485745967e+01
4.969505304485745967e+01
4.969505304485745967e+01
4.969505304485745967e+01
4.969505304485745967e+01
4.969505304485745967e+01
4.969505304485745967e+01
4.969505304485745967e+01
4.969505304485745967e+01
4.759573741922082490e+01
4.759573741922082490e+01
4.759573741922082490e+01
4.759573741922082490e+01
4.759573741922082490e+01
4.759573741922082490e+01
4.759573741922082490e+01
4.759573741922082490e+01
4.759573741922082490e+01
4.759573741922082490e+01
4.759573741922082490e+01
4.759573741922082490e+01
4.759573741922082490e+01
4.677687563244241886e+01
4.677687563244241886e+01
4.677687563244241886e+01
4.677687563244241886e+01
4.677687563244241886e+01
4.677687563244241886e+01
4.677687563244241886e+01
4.677687563244241886e+01
4.677687563244241886e+01
4.677687563244241886e+01
4.677687563244241886e+01
4.677687563244241886e+01
4.677687563244241886e+01
4.677687563244241886e+01
4.677687563244241886e+01
4.677687563244241886e+01
4.677687563244241886e+01
4.677687563244241886e+01
4.677687563244241886e+01
4.677687563244241886e+01
4.677687563244241886e+01
4.677687563244241886e+01
4.677687563244241886e+01
4.501628437482282408e+01
4.501628437482282408e+01
4.501628437482282408e+01
4.501628437482282408e+01
4.501628437482282408e+01
4.501628437482282408e+01
4.501628437482282408e+01
4.501628437482282408e+01
4.501628437482282408e+01
4.501628437482282408e+01
4.501628437482282408e+01
4.501628437482282408e+01
4.501628437482282408e+01
4.501628437482282408e+01
4.501628437482282408e+01
4.501628437482282408e+01
4.443722566875212010e+01
4.443722566875212010e+01
4.443722566875212010e+01
4.443722566875212010e+01
4.443722566875212010e+01
4.443722566875212010e+01
4.168972959759668839e+01
4.168972959759668839e+01
4.168972959759668839e+01
4.168972959759668839e+01
4.168972959759668839e+01
4.168972959759668839e+01
4.168972959759668839e+01
4.168972959759668839e+01
4.168972959759668839e+01
4.168972959759668839e+01
4.168972959759668839e+01
4.168972959759668839e+01
4.168972959759668839e+01
4.168972959759668839e+01
4.168972959759668839e+01
4.168972959759668839e+01
4.168972959759668839e+01
4.168972959759668839e+01
4.168972959759668839e+01
4.168972959759668839e+01
4.168972959759668839e+01
4.168972959759668839e+01
4.168972959759668839e+01
4.168972959759668839e+01
4.168972959759668839e+01
4.168972959759668839e+01
4.168972959759668839e+01
4.168972959759668839e+01
4.168972959759668839e+01
4.168972959759668839e+01
4.168972959759668839e+01
4.168972959759668839e+01
4.168972959759668839e+01
4.168972959759668839e+01
4.045119157101289176e+01
4.045119157101289176e+01
4.045119157101289176e+01
4.045119157101289176e+01
4.045119157101289176e+01
4.045119157101289176e+01
4.045119157101289176e+01
4.045119157101289176e+01
4.045119157101289176e+01
4.045119157101289176e+01
4.045119157101289176e+01
4.045119157101289176e+01
4.045119157101289176e+01
4.045119157101289176e+01
4.043028780694261570e+01
4.043028780694261570e+01
3.965436483520575450e+01
3.965436483520575450e+01
3.965436483520575450e+01
3.965436483520575450e+01
3.965436483520575450e+01
3.965436483520575450e+01
3.965436483520575450e+01
3.965436483520575450e+01
3.965436483520575450e+01
3.965436483520575450e+01
3.965436483520575450e+01
3.965436483520575450e+01
3.965436483520575450e+01
3.965436483520575450e+01
3.965436483520575450e+01
3.965436483520575450e+01
3.965436483520575450e+01
3.873356746327863931e+01
3.873356746327863931e+01
3.873356746327863931e+01
3.873356746327863931e+01
3.873356746327863931e+01
3.873356746327863931e+01
3.873356746327863931e+01
3.873356746327863931e+01
3.873356746327863931e+01
3.873356746327863931e+01
3.847242338556212360e+01
3.847242338556212360e+01
3.847242338556212360e+01
3.847242338556212360e+01
3.847242338556212360e+01
3.847242338556212360e+01
3.847242338556212360e+01
3.847242338556212360e+01
3.847242338556212360e+01
3.847242338556212360e+01
3.847242338556212360e+01
3.847242338556212360e+01
3.847242338556212360e+01
3.847242338556212360e+01
3.847242338556212360e+01
3.847242338556212360e+01
3.847242338556212360e+01
3.847242338556212360e+01
3.847242338556212360e+01
3.847242338556212360e+01
3.847242338556212360e+01
3.847242338556212360e+01
3.847242338556212360e+01
3.847242338556212360e+01
3.847242338556212360e+01
3.847242338556212360e+01
3.847242338556212360e+01
3.847242338556212360e+01
3.847242338556212360e+01
3.847242338556212360e+01
3.847242338556212360e+01
3.847242338556212360e+01
3.847242338556212360e+01
3.847242338556212360e+01
3.847242338556212360e+01
3.847242338556212360e+01
3.847242338556212360e+01
3.847242338556212360e+01
3.847242338556212360e+01
3.847242338556212360e+01
3.847242338556212360e+01
3.847242338556212360e+01
3.847242338556212360e+01
3.847242338556212360e+01
3.847242338556212360e+01
3.847242338556212360e+01
3.847242338556212360e+01
3.847242338556212360e+01
3.847242338556212360e+01
3.847242338556212360e+01
3.847242338556212360e+01
3.847242338556212360e+01
3.847242338556212360e+01
3.847242338556212360e+01
3.847242338556212360e+01
3.847242338556212360e+01
3.847242338556212360e+01
3.847242338556212360e+01
3.847242338556212360e+01
3.847242338556212360e+01
3.847242338556212360e+01
3.847242338556212360e+01
3.847242338556212360e+01
3.847242338556212360e+01
3.847242338556212360e+01
3.847242338556212360e+01
3.847242338556212360e+01
3.847242338556212360e+01
3.847242338556212360e+01
3.797909140363027802e+01
3.797909140363027802e+01
3.797909140363027802e+01
3.797909140363027802e+01
3.797909140363027802e+01
3.797909140363027802e+01
3.797909140363027802e+01
3.797909140363027802e+01
3.797909140363027802e+01
3.797909140363027802e+01
3.797909140363027802e+01
3.797909140363027802e+01
3.797909140363027802e+01
3.797909140363027802e+01
3.797909140363027802e+01
3.797909140363027802e+01
3.797909140363027802e+01
3.797909140363027802e+01
3.797909140363027802e+01
3.797909140363027802e+01
3.797909140363027802e+01
3.797909140363027802e+01
3.797909140363027802e+01
3.797909140363027802e+01
3.797909140363027802e+01
3.797909140363027802e+01
3.797909140363027802e+01
3.797909140363027802e+01
3.797909140363027802e+01
3.797909140363027802e+01
3.797909140363027802e+01
3.797909140363027802e+01
3.797909140363027802e+01
3.797909140363027802e+01
3.797909140363027802e+01
3.797909140363027802e+01
3.797909140363027802e+01
3.797909140363027802e+01
3.797909140363027802e+01
3.797909140363027802e+01
3.797909140363027802e+01
3.797909140363027802e+01
3.797909140363027802e+01
3.797909140363027802e+01
3.797909140363027802e+01
3.797909140363027802e+01
3.797909140363027802e+01
3.797909140363027802e+01
3.797909140363027802e+01
3.797909140363027802e+01
3.797909140363027802e+01
3.797909140363027802e+01
3.797909140363027802e+01
3.797909140363027802e+01
3.797909140363027802e+01
3.797909140363027802e+01
3.797909140363027802e+01
3.797909140363027802e+01
3.797909140363027802e+01
3.797909140363027802e+01
3.797909140363027802e+01
3.797909140363027802e+01
3.797909140363027802e+01
3.797909140363027802e+01
3.797909140363027802e+01
3.797909140363027802e+01
3.797909140363027802e+01
3.797909140363027802e+01
3.797909140363027802e+01
3.797909140363027802e+01
3.797909140363027802e+01
3.797909140363027802e+01
3.797909140363027802e+01
3.797909140363027802e+01
3.797909140363027802e+01
3.797909140363027802e+01
3.797909140363027802e+01
3.797909140363027802e+01
3.797909140363027802e+01
3.797909140363027802e+01
3.797909140363027802e+01
3.797909140363027802e+01
3.797909140363027802e+01
3.797909140363027802e+01
3.788259607379825411e+01
3.788259607379825411e+01
3.788259607379825411e+01
3.788212999096342060e+01
3.788212999096342060e+01
3.788212999096342060e+01
3.788212999096342060e+01
3.788212999096342060e+01
3.788212999096342060e+01
3.784232825177531367e+01
3.784232825177531367e+01
3.784232825177531367e+01
3.784232825177531367e+01
3.784232825177531367e+01
3.784232825177531367e+01
3.784232825177531367e+01
3.784232825177531367e+01
3.784232825177531367e+01
3.784232825177531367e+01
3.784232825177531367e+01
3.784232825177531367e+01
3.784232825177531367e+01
3.784232825177531367e+01
3.784232825177531367e+01
3.768050891460505625e+01
3.768050891460505625e+01
3.768050891460505625e+01
3.768050891460505625e+01
3.768050891460505625e+01
3.768050891460505625e+01
3.768050891460505625e+01
3.768050891460505625e+01
3.768050891460505625e+01
3.768050891460505625e+01
3.768050891460505625e+01
3.768050891460505625e+01
3.768050891460505625e+01
3.768050891460505625e+01
3.768050891460505625e+01
3.768050891460505625e+01
3.768050891460505625e+01
3.768050891460505625e+01
3.768050891460505625e+01
3.768050891460505625e+01
3.768050891460505625e+01
3.768050891460505625e+01
3.768050891460505625e+01
3.768050891460505625e+01
3.768050891460505625e+01
3.768050891460505625e+01
3.768050891460505625e+01
3.768050891460505625e+01
3.768050891460505625e+01
3.768050891460505625e+01
3.768050891460505625e+01
3.768050891460505625e+01
3.768050891460505625e+01
3.768050891460505625e+01
3.768050891460505625e+01
3.768050891460505625e+01
3.768050891460505625e+01
3.768050891460505625e+01
3.768050891460505625e+01
3.768050891460505625e+01
3.768050891460505625e+01
3.768050891460505625e+01
3.768050891460505625e+01
3.768050891460505625e+01
3.768050891460505625e+01
3.768050891460505625e+01
3.768050891460505625e+01
3.768050891460505625e+01
3.767948979389991138e+01
3.767948979389991138e+01
3.767948979389991138e+01
3.767948979389991138e+01
3.767948979389991138e+01
3.762680500076039891e+01
3.762680500076039891e+01
3.762680500076039891e+01
3.762680500076039891e+01
3.761803049917747899e+01
3.761803049917747899e+01
3.761803049917747899e+01
3.761803049917747899e+01
3.761803049917747899e+01
3.756673536471181762e+01
3.756673536471181762e+01
3.756673536471181762e+01
3.756673536471181762e+01
3.756673536471181762e+01
3.756673536471181762e+01
3.755245347056161620e+01
3.755245347056161620e+01
3.755245347056161620e+01
3.755245347056161620e+01
3.755245347056161620e+01
3.755245347056161620e+01
3.755245347056161620e+01
3.755245347056161620e+01
3.755245347056161620e+01
3.755245347056161620e+01
3.755245347056161620e+01
3.755245347056161620e+01
3.755245347056161620e+01
3.755245347056161620e+01
3.755245347056161620e+01
3.755245347056161620e+01
3.755245347056161620e+01
3.755245347056161620e+01
3.755245347056161620e+01
3.755245347056161620e+01
3.755245347056161620e+01
3.755245347056161620e+01
3.755245347056161620e+01
3.755245347056161620e+01
3.744321062081056084e+01
3.744321062081056084e+01
3.744321062081056084e+01
3.744321062081056084e+01
3.744321062081056084e+01
3.744321062081056084e+01
3.744321062081056084e+01
3.744321062081056084e+01
3.744321062081056084e+01
3.744321062081056084e+01
3.744321062081056084e+01
3.744321062081056084e+01
3.744321062081056084e+01
3.733731844564356095e+01
3.733731844564356095e+01
3.733731844564356095e+01
3.733731844564356095e+01
3.733731844564356095e+01
3.733731844564356095e+01
3.727215950149640378e+01
3.727215950149640378e+01
3.727215950149640378e+01
3.727215950149640378e+01
3.727215950149640378e+01
3.727215950149640378e+01
3.727215950149640378e+01
3.727215950149640378e+01
3.727215950149640378e+01
3.727215950149640378e+01
3.727215950149640378e+01
3.727215950149640378e+01
3.727215950149640378e+01
3.727215950149640378e+01
3.727215950149640378e+01
3.727215950149640378e+01
3.727215950149640378e+01
3.727215950149640378e+01
3.727215950149640378e+01
3.727215950149640378e+01
3.727215950149640378e+01
3.727215950149640378e+01
3.727215950149640378e+01
3.727215950149640378e+01
3.727215950149640378e+01
3.724704085395910624e+01
3.724704085395910624e+01
3.724704085395910624e+01
3.724704085395910624e+01
3.724704085395910624e+01
3.724704085395910624e+01
3.724704085395910624e+01
3.724704085395910624e+01
3.724704085395910624e+01
3.724704085395910624e+01
3.724704085395910624e+01
3.724704085395910624e+01
3.724704085395910624e+01
3.724704085395910624e+01
3.724704085395910624e+01
3.724704085395910624e+01
3.724704085395910624e+01
3.724704085395910624e+01
3.724704085395910624e+01
3.724704085395910624e+01
3.724704085395910624e+01
3.724704085395910624e+01
3.724704085395910624e+01
3.724704085395910624e+01
3.724704085395910624e+01
3.724704085395910624e+01
3.724704085395910624e+01
3.724704085395910624e+01
3.724704085395910624e+01
3.724704085395910624e+01
3.724704085395910624e+01
3.724704085395910624e+01
3.724506374002135090e+01
3.724506374002135090e+01
3.724506374002135090e+01
3.724506374002135090e+01
3.724506374002135090e+01
3.724506374002135090e+01
3.724506374002135090e+01
3.724506374002135090e+01
3.724506374002135090e+01
3.724506374002135090e+01
3.724506374002135090e+01
3.724506374002135090e+01
3.723494253799950116e+01
3.723494253799950116e+01
3.723494253799950116e+01
