6.015696462271192104e+03
5.638180448403772971e+03
5.550069698351610896e+03
5.550069698351610896e+03
5.229858157205731914e+03
5.229858157205731914e+03
5.229858157205731914e+03
5.229858157205731914e+03
5.229858157205731914e+03
5.229858157205731914e+03
5.229858157205731914e+03
5.229858157205731914e+03
5.229858157205731914e+03
5.229858157205731914e+03
5.229858157205731914e+03
5.229858157205731914e+03
5.229858157205731914e+03
5.229858157205731914e+03
5.229858157205731914e+03
5.229858157205731914e+03
5.229858157205731914e+03
5.229858157205731914e+03
5.229858157205731914e+03
5.229858157205731914e+03
5.229858157205731914e+03
5.229858157205731914e+03
5.229858157205731914e+03
5.229858157205731914e+03
5.229858157205731914e+03
5.229858157205731914e+03
5.229858157205731914e+03
5.229858157205731914e+03
5.229858157205731914e+03
5.229858157205731914e+03
5.229858157205731914e+03
5.229858157205731914e+03
5.192766076824871561e+03
5.192766076824871561e+03
5.192766076824871561e+03
5.192766076824871561e+03
5.192766076824871561e+03
5.192766076824871561e+03
5.192766076824871561e+03
5.192766076824871561e+03
5.192766076824871561e+03
5.192766076824871561e+03
5.192766076824871561e+03
5.192766076824871561e+03
5.192766076824871561e+03
5.192766076824871561e+03
5.192766076824871561e+03
5.192766076824871561e+03
5.192766076824871561e+03
5.192766076824871561e+03
5.192766076824871561e+03
5.192766076824871561e+03
5.192766076824871561e+03
5.192766076824871561e+03
5.192766076824871561e+03
5.192766076824871561e+03
5.192766076824871561e+03
5.192766076824871561e+03
5.192766076824871561e+03
5.192766076824871561e+03
5.192766076824871561e+03
5.192766076824871561e+03
5.192766076824871561e+03
5.192766076824871561e+03
5.192766076824871561e+03
5.192766076824871561e+03
5.192766076824871561e+03
5.192766076824871561e+03
5.192766076824871561e+03
5.192766076824871561e+03
5.192766076824871561e+03
5.192766076824871561e+03
5.192766076824871561e+03
5.192766076824871561e+03
5.192766076824871561e+03
5.192766076824871561e+03
5.192766076824871561e+03
5.192766076824871561e+03
5.192766076824871561e+03
5.192766076824871561e+03
5.192766076824871561e+03
5.192766076824871561e+03
5.192766076824871561e+03
5.192766076824871561e+03
5.192766076824871561e+03
5.192766076824871561e+03
5.192766076824871561e+03
5.192766076824871561e+03
5.192766076824871561e+03
5.192766076824871561e+03
5.192766076824871561e+03
5.192766076824871561e+03
5.192766076824871561e+03
5.192766076824871561e+03
5.192766076824871561e+03
5.192766076824871561e+03
5.192766076824871561e+03
5.192766076824871561e+03
5.192766076824871561e+03
5.192766076824871561e+03
5.192766076824871561e+03
5.192766076824871561e+03
5.192766076824871561e+03
5.192766076824871561e+03
5.192766076824871561e+03
5.192766076824871561e+03
5.192766076824871561e+03
5.192766076824871561e+03
5.192766076824871561e+03
5.192766076824871561e+03
5.192766076824871561e+03
5.192766076824871561e+03
5.192766076824871561e+03
5.192766076824871561e+03
5.192766076824871561e+03
5.192766076824871561e+03
5.192766076824871561e+03
5.192766076824871561e+03
5.192766076824871561e+03
5.192766076824871561e+03
5.192766076824871561e+03
