1.075268232820431422e+03
1.035428628149854831e+03
1.035428628149854831e+03
1.035428628149854831e+03
1.035428628149854831e+03
1.035428628149854831e+03
1.035428628149854831e+03
1.035428628149854831e+03
1.035428628149854831e+03
1.035428628149854831e+03
1.035428628149854831e+03
1.035428628149854831e+03
1.035428628149854831e+03
1.035428628149854831e+03
1.035428628149854831e+03
1.035428628149854831e+03
1.035428628149854831e+03
1.035428628149854831e+03
1.035428628149854831e+03
1.035428628149854831e+03
1.035428628149854831e+03
1.035428628149854831e+03
1.035428628149854831e+03
1.035428628149854831e+03
8.810738438336488798e+02
8.810738438336488798e+02
8.810738438336488798e+02
8.810738438336488798e+02
8.810738438336488798e+02
8.810738438336488798e+02
8.810738438336488798e+02
8.810738438336488798e+02
8.810738438336488798e+02
8.810738438336488798e+02
8.810738438336488798e+02
8.810738438336488798e+02
8.810738438336488798e+02
8.810738438336488798e+02
8.810738438336488798e+02
8.810738438336488798e+02
8.810738438336488798e+02
8.810738438336488798e+02
8.810738438336488798e+02
8.810738438336488798e+02
8.810738438336488798e+02
8.810738438336488798e+02
8.810738438336488798e+02
8.810738438336488798e+02
8.810738438336488798e+02
8.810738438336488798e+02
8.810738438336488798e+02
8.810738438336488798e+02
8.810738438336488798e+02
8.810738438336488798e+02
8.810738438336488798e+02
8.810738438336488798e+02
8.810738438336488798e+02
8.810738438336488798e+02
8.810738438336488798e+02
8.810738438336488798e+02
8.810738438336488798e+02
8.810738438336488798e+02
8.810738438336488798e+02
8.810738438336488798e+02
8.810738438336488798e+02
8.810738438336488798e+02
8.810738438336488798e+02
8.810738438336488798e+02
8.810738438336488798e+02
8.810738438336488798e+02
8.810738438336488798e+02
8.810738438336488798e+02
8.810738438336488798e+02
8.810738438336488798e+02
8.810738438336488798e+02
8.810738438336488798e+02
8.810738438336488798e+02
8.810738438336488798e+02
8.810738438336488798e+02
8.810738438336488798e+02
8.810738438336488798e+02
8.810738438336488798e+02
8.810738438336488798e+02
8.810738438336488798e+02
8.810738438336488798e+02
8.810738438336488798e+02
8.810738438336488798e+02
8.810738438336488798e+02
8.810738438336488798e+02
8.810738438336488798e+02
8.810738438336488798e+02
8.810738438336488798e+02
8.810738438336488798e+02
8.810738438336488798e+02
8.810738438336488798e+02
8.803357689222106046e+02
8.803357689222106046e+02
8.803357689222106046e+02
8.803357689222106046e+02
8.803357689222106046e+02
8.803357689222106046e+02
8.803357689222106046e+02
8.803357689222106046e+02
8.803357689222106046e+02
8.803357689222106046e+02
8.803357689222106046e+02
8.803357689222106046e+02
8.803357689222106046e+02
8.803357689222106046e+02
8.803357689222106046e+02
8.803357689222106046e+02
8.803357689222106046e+02
8.803357689222106046e+02
8.803357689222106046e+02
8.803357689222106046e+02
8.803357689222106046e+02
8.803357689222106046e+02
8.803357689222106046e+02
