7.431751390138728084e+02
7.431751390138728084e+02
7.315892376562119352e+02
7.204772619282952064e+02
7.204772619282952064e+02
7.204772619282952064e+02
7.204772619282952064e+02
7.204772619282952064e+02
7.204772619282952064e+02
7.204772619282952064e+02
7.204772619282952064e+02
7.204772619282952064e+02
7.204772619282952064e+02
7.204772619282952064e+02
7.204772619282952064e+02
7.204772619282952064e+02
7.204772619282952064e+02
7.204772619282952064e+02
7.204772619282952064e+02
7.204772619282952064e+02
7.204772619282952064e+02
7.204772619282952064e+02
7.204772619282952064e+02
7.204772619282952064e+02
7.204772619282952064e+02
7.204772619282952064e+02
7.204772619282952064e+02
7.204772619282952064e+02
7.204772619282952064e+02
7.204772619282952064e+02
7.204772619282952064e+02
7.204772619282952064e+02
7.204772619282952064e+02
7.204772619282952064e+02
7.204772619282952064e+02
7.204772619282952064e+02
7.204772619282952064e+02
7.204772619282952064e+02
7.204772619282952064e+02
7.204772619282952064e+02
7.204772619282952064e+02
7.204772619282952064e+02
7.204772619282952064e+02
7.204772619282952064e+02
7.204772619282952064e+02
7.204772619282952064e+02
7.204772619282952064e+02
7.204772619282952064e+02
7.204772619282952064e+02
7.204772619282952064e+02
7.204772619282952064e+02
7.204772619282952064e+02
7.204772619282952064e+02
7.204772619282952064e+02
7.204772619282952064e+02
7.204772619282952064e+02
7.204772619282952064e+02
7.204772619282952064e+02
7.204772619282952064e+02
7.204772619282952064e+02
7.204772619282952064e+02
7.204772619282952064e+02
7.204772619282952064e+02
7.204772619282952064e+02
7.204772619282952064e+02
7.204772619282952064e+02
7.204772619282952064e+02
7.204772619282952064e+02
7.204772619282952064e+02
7.204772619282952064e+02
7.204772619282952064e+02
7.204772619282952064e+02
7.204772619282952064e+02
7.204772619282952064e+02
7.204772619282952064e+02
7.204772619282952064e+02
7.204772619282952064e+02
7.204772619282952064e+02
7.204772619282952064e+02
7.204772619282952064e+02
7.204772619282952064e+02
7.204772619282952064e+02
7.204772619282952064e+02
7.204772619282952064e+02
7.204772619282952064e+02
7.204772619282952064e+02
7.204772619282952064e+02
7.204772619282952064e+02
7.204772619282952064e+02
7.204772619282952064e+02
7.204772619282952064e+02
7.204772619282952064e+02
7.204772619282952064e+02
7.204772619282952064e+02
7.204772619282952064e+02
7.204772619282952064e+02
7.204772619282952064e+02
7.204772619282952064e+02
7.204772619282952064e+02
7.204772619282952064e+02
7.204772619282952064e+02
7.204772619282952064e+02
7.204772619282952064e+02
7.204772619282952064e+02
7.204772619282952064e+02
7.204772619282952064e+02
7.204772619282952064e+02
7.204772619282952064e+02
7.204772619282952064e+02
7.204772619282952064e+02
7.204772619282952064e+02
