1.636795383837921236e+03
1.342438522928540806e+03
1.342438522928540806e+03
1.342438522928540806e+03
1.342438522928540806e+03
1.342438522928540806e+03
1.342438522928540806e+03
1.342438522928540806e+03
1.342438522928540806e+03
1.342438522928540806e+03
1.342438522928540806e+03
1.342438522928540806e+03
8.438599757384056375e+02
8.272462469983539677e+02
8.272462469983539677e+02
8.272462469983539677e+02
8.272462469983539677e+02
8.272462469983539677e+02
8.272462469983539677e+02
8.272462469983539677e+02
8.272462469983539677e+02
8.272462469983539677e+02
8.272462469983539677e+02
8.272462469983539677e+02
8.272462469983539677e+02
8.272462469983539677e+02
8.272462469983539677e+02
8.272462469983539677e+02
8.272462469983539677e+02
8.272462469983539677e+02
8.272462469983539677e+02
8.272462469983539677e+02
8.272462469983539677e+02
8.272462469983539677e+02
8.272462469983539677e+02
8.272462469983539677e+02
8.272462469983539677e+02
8.272462469983539677e+02
8.272462469983539677e+02
8.272462469983539677e+02
8.272462469983539677e+02
8.272462469983539677e+02
8.272462469983539677e+02
8.272462469983539677e+02
8.272462469983539677e+02
8.272462469983539677e+02
8.272462469983539677e+02
8.272462469983539677e+02
8.272462469983539677e+02
8.272462469983539677e+02
8.272462469983539677e+02
8.272462469983539677e+02
8.272462469983539677e+02
8.272462469983539677e+02
8.272462469983539677e+02
8.272462469983539677e+02
8.272462469983539677e+02
8.272462469983539677e+02
8.272462469983539677e+02
8.272462469983539677e+02
8.272462469983539677e+02
8.272462469983539677e+02
8.272462469983539677e+02
8.272462469983539677e+02
8.272462469983539677e+02
8.272462469983539677e+02
8.272462469983539677e+02
8.272462469983539677e+02
8.272462469983539677e+02
8.272462469983539677e+02
8.272462469983539677e+02
8.272462469983539677e+02
8.272462469983539677e+02
8.272462469983539677e+02
8.272462469983539677e+02
8.272462469983539677e+02
8.272462469983539677e+02
8.272462469983539677e+02
8.272462469983539677e+02
8.272462469983539677e+02
8.272462469983539677e+02
8.272462469983539677e+02
8.272462469983539677e+02
8.272462469983539677e+02
8.272462469983539677e+02
8.272462469983539677e+02
8.272462469983539677e+02
8.272462469983539677e+02
8.272462469983539677e+02
8.272462469983539677e+02
8.272462469983539677e+02
8.272462469983539677e+02
8.272462469983539677e+02
8.272462469983539677e+02
8.272462469983539677e+02
8.272462469983539677e+02
8.272462469983539677e+02
8.272462469983539677e+02
8.272462469983539677e+02
8.272462469983539677e+02
8.272462469983539677e+02
8.272462469983539677e+02
8.272462469983539677e+02
8.272462469983539677e+02
8.272462469983539677e+02
8.272462469983539677e+02
8.272462469983539677e+02
8.272462469983539677e+02
8.272462469983539677e+02
8.272462469983539677e+02
8.272462469983539677e+02
8.272462469983539677e+02
8.272462469983539677e+02
8.272462469983539677e+02
8.272462469983539677e+02
8.272462469983539677e+02
8.272462469983539677e+02
8.272462469983539677e+02
8.272462469983539677e+02
8.272462469983539677e+02
8.272462469983539677e+02
8.272462469983539677e+02
8.272462469983539677e+02
8.272462469983539677e+02
8.272462469983539677e+02
8.272462469983539677e+02
8.272462469983539677e+02
