8.385411745659324806e+05
8.385411745659324806e+05
8.385411745659324806e+05
4.170867644159671727e+03
4.170867644159671727e+03
4.170867644159671727e+03
4.170867644159671727e+03
3.296211540068949034e+03
3.296211540068949034e+03
3.296211540068949034e+03
2.560390992781114619e+03
2.560390992781114619e+03
2.560390992781114619e+03
2.560390992781114619e+03
2.560390992781114619e+03
2.560390992781114619e+03
2.560390992781114619e+03
1.885738945291090658e+03
1.885738945291090658e+03
1.885738945291090658e+03
1.885738945291090658e+03
1.885738945291090658e+03
1.885738945291090658e+03
1.885738945291090658e+03
1.885738945291090658e+03
1.885738945291090658e+03
1.885738945291090658e+03
1.885738945291090658e+03
1.885738945291090658e+03
1.885738945291090658e+03
1.885738945291090658e+03
1.885738945291090658e+03
1.885738945291090658e+03
1.885738945291090658e+03
1.885738945291090658e+03
1.885738945291090658e+03
1.885738945291090658e+03
1.885738945291090658e+03
9.795668096812844396e+02
8.081323699882603933e+02
8.081323699882603933e+02
8.081323699882603933e+02
8.081323699882603933e+02
8.081323699882603933e+02
8.081323699882603933e+02
8.081323699882603933e+02
8.081323699882603933e+02
8.081323699882603933e+02
8.081323699882603933e+02
8.081323699882603933e+02
8.081323699882603933e+02
8.081323699882603933e+02
8.081323699882603933e+02
8.081323699882603933e+02
8.081323699882603933e+02
8.081323699882603933e+02
8.081323699882603933e+02
8.081323699882603933e+02
7.623336391881427971e+02
7.623336391881427971e+02
7.623336391881427971e+02
7.623336391881427971e+02
7.623336391881427971e+02
7.623336391881427971e+02
7.623336391881427971e+02
7.623336391881427971e+02
7.623336391881427971e+02
7.623336391881427971e+02
7.623336391881427971e+02
7.623336391881427971e+02
7.623336391881427971e+02
7.623336391881427971e+02
7.623336391881427971e+02
7.623336391881427971e+02
7.623336391881427971e+02
7.623336391881427971e+02
7.623336391881427971e+02
7.623336391881427971e+02
7.623336391881427971e+02
7.623336391881427971e+02
7.623336391881427971e+02
7.623336391881427971e+02
7.623336391881427971e+02
7.623336391881427971e+02
7.623336391881427971e+02
7.623336391881427971e+02
7.623336391881427971e+02
7.623336391881427971e+02
7.623336391881427971e+02
7.623336391881427971e+02
7.623336391881427971e+02
7.623336391881427971e+02
7.623336391881427971e+02
7.623336391881427971e+02
7.623336391881427971e+02
7.623336391881427971e+02
7.623336391881427971e+02
7.623336391881427971e+02
7.623336391881427971e+02
7.623336391881427971e+02
7.623336391881427971e+02
7.623336391881427971e+02
7.623336391881427971e+02
7.623336391881427971e+02
7.623336391881427971e+02
7.623336391881427971e+02
7.623336391881427971e+02
7.623336391881427971e+02
7.623336391881427971e+02
7.623336391881427971e+02
7.623336391881427971e+02
7.623336391881427971e+02
7.623336391881427971e+02
7.623336391881427971e+02
7.623336391881427971e+02
7.623336391881427971e+02
7.623336391881427971e+02
7.623336391881427971e+02
7.623336391881427971e+02
7.623336391881427971e+02
7.623336391881427971e+02
7.623336391881427971e+02
7.623336391881427971e+02
7.623336391881427971e+02
7.623336391881427971e+02
