-2.527365134590000525e+04
-2.527365134590000525e+04
-2.527365134590000525e+04
-2.527365134590000525e+04
-2.652198339511900122e+04
-2.652198339511900122e+04
-2.652198339511900122e+04
-2.652198339511900122e+04
-2.785865420911563706e+04
-2.785865420911563706e+04
-2.785865420911563706e+04
-2.785865420911563706e+04
-2.785865420911563706e+04
-2.785865420911563706e+04
-2.785865420911563706e+04
-2.785865420911563706e+04
-2.785865420911563706e+04
-2.785865420911563706e+04
-2.785865420911563706e+04
-2.785865420911563706e+04
-2.785865420911563706e+04
-2.785865420911563706e+04
-2.785865420911563706e+04
-2.785865420911563706e+04
-2.785865420911563706e+04
-2.785865420911563706e+04
-2.872513614540133131e+04
-2.872513614540133131e+04
-2.872513614540133131e+04
-2.872513614540133131e+04
-2.872513614540133131e+04
-2.872513614540133131e+04
-2.872513614540133131e+04
-2.872513614540133131e+04
-2.872513614540133131e+04
-2.872513614540133131e+04
-2.872513614540133131e+04
-2.872513614540133131e+04
-2.872513614540133131e+04
-2.872513614540133131e+04
-2.872513614540133131e+04
-2.872513614540133131e+04
-2.872513614540133131e+04
-2.872513614540133131e+04
-2.872513614540133131e+04
-2.872513614540133131e+04
-2.872513614540133131e+04
-2.872513614540133131e+04
-2.872513614540133131e+04
-2.872513614540133131e+04
-2.872513614540133131e+04
-2.872513614540133131e+04
-2.872513614540133131e+04
-2.872513614540133131e+04
-2.872513614540133131e+04
-2.872513614540133131e+04
-2.872513614540133131e+04
-2.872513614540133131e+04
-2.872513614540133131e+04
-2.872513614540133131e+04
-2.872513614540133131e+04
-2.872513614540133131e+04
-2.872513614540133131e+04
-2.872513614540133131e+04
-2.872513614540133131e+04
-2.872513614540133131e+04
-2.872513614540133131e+04
-2.872513614540133131e+04
-2.872513614540133131e+04
-2.872513614540133131e+04
-2.872513614540133131e+04
-2.872513614540133131e+04
-2.872513614540133131e+04
-2.872513614540133131e+04
-2.872513614540133131e+04
-2.872513614540133131e+04
-2.872513614540133131e+04
-2.872513614540133131e+04
-2.872513614540133131e+04
-2.872513614540133131e+04
-2.872513614540133131e+04
-2.872513614540133131e+04
-2.872513614540133131e+04
-2.872513614540133131e+04
-2.872513614540133131e+04
-2.936555825173489575e+04
-2.936555825173489575e+04
-2.936555825173489575e+04
-2.936555825173489575e+04
-2.936555825173489575e+04
-2.936555825173489575e+04
-2.936555825173489575e+04
-2.936555825173489575e+04
-2.936555825173489575e+04
-2.936555825173489575e+04
-2.936555825173489575e+04
-2.936555825173489575e+04
-2.936555825173489575e+04
-2.936555825173489575e+04
-2.936555825173489575e+04
-2.936555825173489575e+04
-2.936555825173489575e+04
-2.936555825173489575e+04
-2.936555825173489575e+04
-2.936555825173489575e+04
-2.936555825173489575e+04
-2.936555825173489575e+04
-2.936555825173489575e+04
-2.936555825173489575e+04
-2.936555825173489575e+04
-2.936555825173489575e+04
-2.936555825173489575e+04
-2.936555825173489575e+04
-2.936555825173489575e+04
-2.936555825173489575e+04
-2.936555825173489575e+04
-2.936555825173489575e+04
-2.936555825173489575e+04
-2.936555825173489575e+04
-2.936555825173489575e+04
-2.936555825173489575e+04
-2.936555825173489575e+04
-2.936555825173489575e+04
-2.936555825173489575e+04
-2.936555825173489575e+04
-2.936555825173489575e+04
-2.936555825173489575e+04
-2.936555825173489575e+04
-2.936555825173489575e+04
-2.936555825173489575e+04
-2.936555825173489575e+04
-2.936555825173489575e+04
-2.936555825173489575e+04
-2.936555825173489575e+04
