-2.855606278014235068e+04
-2.855606278014235068e+04
-2.855606278014235068e+04
-2.855606278014235068e+04
-2.855606278014235068e+04
-2.855606278014235068e+04
-2.855606278014235068e+04
-2.855606278014235068e+04
-2.855606278014235068e+04
-2.855606278014235068e+04
-2.855606278014235068e+04
-2.855606278014235068e+04
-2.855606278014235068e+04
-2.855606278014235068e+04
-2.855606278014235068e+04
-2.855606278014235068e+04
-2.855606278014235068e+04
-2.855606278014235068e+04
-2.855606278014235068e+04
-2.876426019038712548e+04
-2.876426019038712548e+04
-2.876426019038712548e+04
-2.876426019038712548e+04
-2.876426019038712548e+04
-2.876426019038712548e+04
-2.876426019038712548e+04
-2.876426019038712548e+04
-2.876426019038712548e+04
-2.876426019038712548e+04
-2.876426019038712548e+04
-2.876426019038712548e+04
-2.904177948589914740e+04
-2.904177948589914740e+04
-2.938339550834499823e+04
-2.938339550834499823e+04
-2.938339550834499823e+04
-2.938339550834499823e+04
-2.938339550834499823e+04
-2.938339550834499823e+04
-2.938339550834499823e+04
-2.938339550834499823e+04
-2.938339550834499823e+04
-2.938339550834499823e+04
-2.938339550834499823e+04
-2.938339550834499823e+04
-2.938339550834499823e+04
-2.938339550834499823e+04
-2.938339550834499823e+04
-2.938339550834499823e+04
-2.938339550834499823e+04
-2.938339550834499823e+04
-2.938339550834499823e+04
-2.938339550834499823e+04
-2.938339550834499823e+04
-2.938339550834499823e+04
-2.938339550834499823e+04
-2.938339550834499823e+04
-2.938339550834499823e+04
-2.938339550834499823e+04
-2.938339550834499823e+04
-2.938339550834499823e+04
-2.938339550834499823e+04
-2.938339550834499823e+04
-2.938339550834499823e+04
-2.938339550834499823e+04
-2.938339550834499823e+04
-2.938339550834499823e+04
-2.938339550834499823e+04
-2.938339550834499823e+04
-2.938339550834499823e+04
-2.938339550834499823e+04
-2.938339550834499823e+04
-2.938339550834499823e+04
-2.938339550834499823e+04
-2.938339550834499823e+04
-2.938339550834499823e+04
-2.938339550834499823e+04
-2.938339550834499823e+04
-2.938339550834499823e+04
-2.938339550834499823e+04
-2.938339550834499823e+04
-2.938339550834499823e+04
-2.938339550834499823e+04
-2.938339550834499823e+04
-2.938339550834499823e+04
-2.938339550834499823e+04
-2.938339550834499823e+04
-2.938339550834499823e+04
-2.938339550834499823e+04
-2.938339550834499823e+04
-2.938339550834499823e+04
-2.938339550834499823e+04
-2.979810391084926232e+04
-2.979810391084926232e+04
-2.979810391084926232e+04
-2.979810391084926232e+04
-2.979810391084926232e+04
-2.979810391084926232e+04
-2.979810391084926232e+04
-2.979810391084926232e+04
-2.979810391084926232e+04
-2.979810391084926232e+04
-2.979810391084926232e+04
-2.979810391084926232e+04
-2.979810391084926232e+04
-2.979810391084926232e+04
-2.979810391084926232e+04
-2.979810391084926232e+04
-2.979810391084926232e+04
-2.979810391084926232e+04
-2.979810391084926232e+04
-2.979810391084926232e+04
-2.979810391084926232e+04
-2.979810391084926232e+04
-2.979810391084926232e+04
-2.979810391084926232e+04
-2.979810391084926232e+04
-2.979810391084926232e+04
-2.979810391084926232e+04
-2.979810391084926232e+04
-2.979810391084926232e+04
-2.979810391084926232e+04
-2.979810391084926232e+04
-2.979810391084926232e+04
-2.979810391084926232e+04
-2.979810391084926232e+04
-2.979810391084926232e+04
-2.979810391084926232e+04
-2.979810391084926232e+04
-2.979810391084926232e+04
-2.979810391084926232e+04
-2.979810391084926232e+04
-2.979810391084926232e+04
-2.979810391084926232e+04
-2.979810391084926232e+04
