-2.787304730742735046e+04
-2.846744520645561352e+04
-2.846744520645561352e+04
-2.846744520645561352e+04
-2.846744520645561352e+04
-2.846744520645561352e+04
-2.846744520645561352e+04
-2.846744520645561352e+04
-2.846744520645561352e+04
-2.846744520645561352e+04
-2.846744520645561352e+04
-2.846744520645561352e+04
-2.846744520645561352e+04
-2.846744520645561352e+04
-2.846744520645561352e+04
-2.846744520645561352e+04
-2.846744520645561352e+04
-2.846744520645561352e+04
-2.913689687338951626e+04
-2.913689687338951626e+04
-2.913689687338951626e+04
-2.913689687338951626e+04
-2.913689687338951626e+04
-2.913689687338951626e+04
-2.913689687338951626e+04
-2.913689687338951626e+04
-2.913689687338951626e+04
-2.913689687338951626e+04
-2.913689687338951626e+04
-2.913689687338951626e+04
-2.913689687338951626e+04
-2.913689687338951626e+04
-2.913689687338951626e+04
-2.913689687338951626e+04
-2.913689687338951626e+04
-2.928107699801088529e+04
-2.928107699801088529e+04
-2.928107699801088529e+04
-2.928107699801088529e+04
-2.928107699801088529e+04
-2.928107699801088529e+04
-2.928107699801088529e+04
-2.928107699801088529e+04
-2.928107699801088529e+04
-2.928107699801088529e+04
-2.928107699801088529e+04
-2.928107699801088529e+04
-2.928107699801088529e+04
-2.928107699801088529e+04
-2.928107699801088529e+04
-2.979810391084926232e+04
-2.979810391084926232e+04
-2.979810391084926232e+04
-2.979810391084926232e+04
-2.979810391084926232e+04
-2.979810391084926232e+04
-2.979810391084926232e+04
-2.979810391084926232e+04
-2.979810391084926232e+04
-2.979810391084926232e+04
-2.979810391084926232e+04
-2.979810391084926232e+04
-2.979810391084926232e+04
-2.979810391084926232e+04
-2.979810391084926232e+04
-2.979810391084926232e+04
-2.979810391084926232e+04
-2.979810391084926232e+04
-2.979810391084926232e+04
-2.979810391084926232e+04
-2.979810391084926232e+04
-2.979810391084926232e+04
-2.979810391084926232e+04
-2.979810391084926232e+04
-2.979810391084926232e+04
-2.979810391084926232e+04
-2.979810391084926232e+04
-2.979810391084926232e+04
-2.979810391084926232e+04
-2.979810391084926232e+04
-2.979810391084926232e+04
-2.979810391084926232e+04
-2.979810391084926232e+04
-2.979810391084926232e+04
-2.979810391084926232e+04
-2.979810391084926232e+04
-2.979810391084926232e+04
-2.979810391084926232e+04
-2.979810391084926232e+04
-2.979810391084926232e+04
-2.979810391084926232e+04
-2.979810391084926232e+04
-2.979810391084926232e+04
-2.979810391084926232e+04
-2.979810391084926232e+04
-2.979810391084926232e+04
-2.979810391084926232e+04
-2.979810391084926232e+04
-2.979810391084926232e+04
-2.979810391084926232e+04
-2.979810391084926232e+04
-2.979810391084926232e+04
-2.979810391084926232e+04
-2.979810391084926232e+04
-2.979810391084926232e+04
-2.979810391084926232e+04
-2.979810391084926232e+04
-2.979810391084926232e+04
-2.979810391084926232e+04
-2.979810391084926232e+04
-2.979810391084926232e+04
-2.979810391084926232e+04
-2.979810391084926232e+04
-2.979810391084926232e+04
-2.979810391084926232e+04
-2.979810391084926232e+04
-2.979810391084926232e+04
-2.979810391084926232e+04
-2.979810391084926232e+04
-2.979810391084926232e+04
-2.979810391084926232e+04
-2.979810391084926232e+04
-2.979810391084926232e+04
-2.979810391084926232e+04
-2.979810391084926232e+04
-2.979810391084926232e+04
-2.979810391084926232e+04
-2.979810391084926232e+04
-2.979810391084926232e+04
-2.979810391084926232e+04
-2.979810391084926232e+04
-2.979810391084926232e+04
-2.979810391084926232e+04
