-2.900890610159235075e+04
-2.900890610159235075e+04
-2.900890610159235075e+04
-2.900890610159235075e+04
-2.900890610159235075e+04
-2.900890610159235075e+04
-2.900890610159235075e+04
-2.900890610159235075e+04
-2.900890610159235075e+04
-2.900890610159235075e+04
-2.900890610159235075e+04
-2.900890610159235075e+04
-2.900890610159235075e+04
-2.900890610159235075e+04
-2.900890610159235075e+04
-2.900890610159235075e+04
-2.900890610159235075e+04
-2.900890610159235075e+04
-2.900890610159235075e+04
-2.900890610159235075e+04
-2.900890610159235075e+04
-2.900890610159235075e+04
-2.900890610159235075e+04
-2.900890610159235075e+04
-2.900890610159235075e+04
-2.900890610159235075e+04
-2.900890610159235075e+04
-2.900890610159235075e+04
-2.900890610159235075e+04
-2.900890610159235075e+04
-2.900890610159235075e+04
-2.900890610159235075e+04
-2.900890610159235075e+04
-2.900890610159235075e+04
-2.900890610159235075e+04
-2.900890610159235075e+04
-2.900890610159235075e+04
-2.900890610159235075e+04
-2.900890610159235075e+04
-2.900890610159235075e+04
-2.900890610159235075e+04
-2.904177948589914740e+04
-2.904177948589914740e+04
-2.938339550834499823e+04
-2.938339550834499823e+04
-2.938339550834499823e+04
-2.938339550834499823e+04
-2.938339550834499823e+04
-2.938339550834499823e+04
-2.938339550834499823e+04
-2.938339550834499823e+04
-2.938339550834499823e+04
-2.938339550834499823e+04
-2.938339550834499823e+04
-2.938339550834499823e+04
-2.938339550834499823e+04
-2.938339550834499823e+04
-2.938339550834499823e+04
-2.938339550834499823e+04
-2.938339550834499823e+04
-2.938339550834499823e+04
-2.938339550834499823e+04
-2.938339550834499823e+04
-2.938339550834499823e+04
-2.938339550834499823e+04
-2.938339550834499823e+04
-2.938339550834499823e+04
-2.938339550834499823e+04
-2.938339550834499823e+04
-2.938339550834499823e+04
-2.938339550834499823e+04
-2.938339550834499823e+04
-2.938339550834499823e+04
-2.938339550834499823e+04
-2.938339550834499823e+04
-2.938339550834499823e+04
-2.938339550834499823e+04
-2.938339550834499823e+04
-2.938339550834499823e+04
-2.938339550834499823e+04
-2.938339550834499823e+04
-2.938339550834499823e+04
-2.938339550834499823e+04
-2.938339550834499823e+04
-2.938339550834499823e+04
-2.938339550834499823e+04
-2.938339550834499823e+04
-2.938339550834499823e+04
-2.938339550834499823e+04
-2.938339550834499823e+04
-2.938339550834499823e+04
-2.938339550834499823e+04
-2.938339550834499823e+04
-2.938339550834499823e+04
-2.938339550834499823e+04
-2.938339550834499823e+04
-2.938339550834499823e+04
-2.938339550834499823e+04
-2.938339550834499823e+04
-2.938339550834499823e+04
-2.938339550834499823e+04
-2.938339550834499823e+04
-2.979810391084926232e+04
-2.979810391084926232e+04
-2.979810391084926232e+04
-2.979810391084926232e+04
-2.979810391084926232e+04
-2.979810391084926232e+04
-2.979810391084926232e+04
-2.979810391084926232e+04
-2.979810391084926232e+04
-2.979810391084926232e+04
-2.979810391084926232e+04
-2.979810391084926232e+04
-2.979810391084926232e+04
-2.979810391084926232e+04
-2.979810391084926232e+04
-2.979810391084926232e+04
-2.979810391084926232e+04
-2.979810391084926232e+04
-2.979810391084926232e+04
-2.979810391084926232e+04
-2.979810391084926232e+04
-2.979810391084926232e+04
-2.979810391084926232e+04
-2.979810391084926232e+04
-2.979810391084926232e+04
-2.979810391084926232e+04
-2.979810391084926232e+04
-2.979810391084926232e+04
-2.979810391084926232e+04
-2.979810391084926232e+04
-2.979810391084926232e+04
-2.979810391084926232e+04
-2.979810391084926232e+04
