-2.845646219654486777e+04
-2.845646219654486777e+04
-2.845646219654486777e+04
-2.845646219654486777e+04
-2.847859600404852608e+04
-2.847859600404852608e+04
-2.847859600404852608e+04
-2.847859600404852608e+04
-2.847859600404852608e+04
-2.915347101381232278e+04
-2.915347101381232278e+04
-2.915347101381232278e+04
-2.915347101381232278e+04
-2.915347101381232278e+04
-2.915347101381232278e+04
-2.915347101381232278e+04
-2.915347101381232278e+04
-2.915347101381232278e+04
-2.952535325435490086e+04
-2.952535325435490086e+04
-2.976886046173657087e+04
-2.976886046173657087e+04
-2.976886046173657087e+04
-2.976886046173657087e+04
-2.976886046173657087e+04
-3.005310630565815518e+04
-3.005310630565815518e+04
-3.005310630565815518e+04
-3.005310630565815518e+04
-3.005310630565815518e+04
-3.005310630565815518e+04
-3.005310630565815518e+04
-3.041051754284922936e+04
-3.041051754284922936e+04
-3.041051754284922936e+04
-3.041051754284922936e+04
-3.041051754284922936e+04
-3.041051754284922936e+04
-3.041051754284922936e+04
-3.041051754284922936e+04
-3.041051754284922936e+04
-3.041051754284922936e+04
-3.041051754284922936e+04
-3.041051754284922936e+04
-3.041051754284922936e+04
-3.041051754284922936e+04
-3.041051754284922936e+04
-3.041051754284922936e+04
-3.041051754284922936e+04
-3.041051754284922936e+04
-3.041051754284922936e+04
-3.041051754284922936e+04
-3.041051754284922936e+04
-3.041051754284922936e+04
-3.041051754284922936e+04
-3.041051754284922936e+04
-3.041051754284922936e+04
-3.041051754284922936e+04
-3.041051754284922936e+04
-3.041051754284922936e+04
-3.041051754284922936e+04
-3.041051754284922936e+04
-3.041051754284922936e+04
-3.041051754284922936e+04
-3.041051754284922936e+04
-3.041051754284922936e+04
-3.041051754284922936e+04
-3.041051754284922936e+04
-3.041051754284922936e+04
-3.041051754284922936e+04
-3.041051754284922936e+04
-3.041051754284922936e+04
-3.041051754284922936e+04
-3.041051754284922936e+04
-3.041051754284922936e+04
-3.041051754284922936e+04
-3.041051754284922936e+04
-3.041051754284922936e+04
-3.041051754284922936e+04
-3.041051754284922936e+04
-3.041051754284922936e+04
-3.041051754284922936e+04
-3.041051754284922936e+04
