-2.877533667723281906e+04
-2.877533667723281906e+04
-2.899800271145012812e+04
-2.899800271145012812e+04
-2.899800271145012812e+04
-2.899800271145012812e+04
-2.899800271145012812e+04
-2.899800271145012812e+04
-2.899800271145012812e+04
-2.899800271145012812e+04
-2.899800271145012812e+04
-2.899800271145012812e+04
-2.899800271145012812e+04
-2.899800271145012812e+04
-2.939103922413373948e+04
-2.939103922413373948e+04
-2.939103922413373948e+04
-2.958884300430757139e+04
-2.958884300430757139e+04
-2.958884300430757139e+04
-2.958884300430757139e+04
-2.958884300430757139e+04
-2.958884300430757139e+04
-2.994391020646789548e+04
-2.994391020646789548e+04
-2.994391020646789548e+04
-2.994391020646789548e+04
-2.994391020646789548e+04
-2.994391020646789548e+04
-2.994391020646789548e+04
-2.994391020646789548e+04
-2.994391020646789548e+04
-2.994391020646789548e+04
-2.994391020646789548e+04
-2.994391020646789548e+04
-2.994391020646789548e+04
-2.994391020646789548e+04
-2.994391020646789548e+04
-2.994391020646789548e+04
-2.994391020646789548e+04
-2.994391020646789548e+04
-3.004654654647067946e+04
-3.034154408815968782e+04
-3.034154408815968782e+04
-3.034154408815968782e+04
-3.034154408815968782e+04
-3.034154408815968782e+04
-3.034154408815968782e+04
-3.034154408815968782e+04
-3.034154408815968782e+04
-3.034154408815968782e+04
-3.034154408815968782e+04
-3.034154408815968782e+04
-3.034154408815968782e+04
-3.034154408815968782e+04
-3.034154408815968782e+04
-3.034154408815968782e+04
-3.034154408815968782e+04
-3.034154408815968782e+04
-3.034154408815968782e+04
-3.034154408815968782e+04
-3.034154408815968782e+04
-3.034154408815968782e+04
-3.034154408815968782e+04
-3.034154408815968782e+04
-3.034154408815968782e+04
-3.034154408815968782e+04
-3.034154408815968782e+04
-3.034154408815968782e+04
-3.034154408815968782e+04
-3.034154408815968782e+04
-3.034154408815968782e+04
-3.034154408815968782e+04
-3.034154408815968782e+04
-3.034154408815968782e+04
-3.034154408815968782e+04
-3.034154408815968782e+04
-3.034154408815968782e+04
-3.034154408815968782e+04
-3.034154408815968782e+04
-3.034154408815968782e+04
-3.034154408815968782e+04
-3.034154408815968782e+04
-3.034154408815968782e+04
-3.034154408815968782e+04
-3.034154408815968782e+04
-3.034154408815968782e+04
-3.034154408815968782e+04
-3.034154408815968782e+04
-3.034154408815968782e+04
-3.034154408815968782e+04
-3.034154408815968782e+04
-3.034154408815968782e+04
-3.034154408815968782e+04
-3.034154408815968782e+04
-3.034154408815968782e+04
-3.034154408815968782e+04
-3.034154408815968782e+04
-3.034154408815968782e+04
-3.034154408815968782e+04
-3.034154408815968782e+04
-3.034154408815968782e+04
-3.034154408815968782e+04
-3.034154408815968782e+04
-3.034154408815968782e+04
-3.034154408815968782e+04
-3.034154408815968782e+04
-3.034154408815968782e+04
-3.034154408815968782e+04
-3.034154408815968782e+04
-3.034154408815968782e+04
-3.034154408815968782e+04
-3.034154408815968782e+04
-3.034154408815968782e+04
-3.034154408815968782e+04
-3.034154408815968782e+04
-3.034154408815968782e+04
-3.034154408815968782e+04
-3.034154408815968782e+04
-3.034154408815968782e+04
-3.035717555879754946e+04
-3.042956223766163384e+04
