-2.763338146643037544e+04
-2.763338146643037544e+04
-2.763338146643037544e+04
-2.763338146643037544e+04
-2.763338146643037544e+04
-2.839896860397948331e+04
-2.849242102616666307e+04
-2.849242102616666307e+04
-2.849242102616666307e+04
-2.849242102616666307e+04
-2.850795168990791717e+04
-2.899130888734856126e+04
-2.900674646735670831e+04
-2.995851453667899477e+04
-2.995851453667899477e+04
-2.995851453667899477e+04
-2.995851453667899477e+04
-2.995851453667899477e+04
-2.995851453667899477e+04
-2.995851453667899477e+04
-2.995851453667899477e+04
-2.995851453667899477e+04
-2.995851453667899477e+04
-2.995851453667899477e+04
-2.995851453667899477e+04
-2.995851453667899477e+04
-2.995851453667899477e+04
-2.995851453667899477e+04
-2.995851453667899477e+04
-3.025144664746787021e+04
-3.030668508824711171e+04
-3.030668508824711171e+04
-3.030668508824711171e+04
-3.030668508824711171e+04
-3.030668508824711171e+04
-3.030668508824711171e+04
-3.030668508824711171e+04
-3.030668508824711171e+04
-3.030668508824711171e+04
-3.030668508824711171e+04
-3.030668508824711171e+04
-3.030668508824711171e+04
-3.030668508824711171e+04
-3.030668508824711171e+04
-3.030668508824711171e+04
-3.030668508824711171e+04
-3.030668508824711171e+04
-3.030668508824711171e+04
-3.030668508824711171e+04
-3.030668508824711171e+04
-3.030668508824711171e+04
-3.030668508824711171e+04
-3.030668508824711171e+04
-3.030668508824711171e+04
-3.030668508824711171e+04
-3.030668508824711171e+04
-3.030668508824711171e+04
-3.030668508824711171e+04
-3.030668508824711171e+04
-3.030668508824711171e+04
-3.030668508824711171e+04
-3.030668508824711171e+04
-3.030668508824711171e+04
-3.030668508824711171e+04
-3.030668508824711171e+04
-3.030668508824711171e+04
-3.030668508824711171e+04
-3.030668508824711171e+04
-3.030668508824711171e+04
-3.030668508824711171e+04
-3.030668508824711171e+04
-3.030668508824711171e+04
-3.030668508824711171e+04
-3.030668508824711171e+04
-3.030668508824711171e+04
-3.030668508824711171e+04
-3.030668508824711171e+04
-3.030668508824711171e+04
-3.030668508824711171e+04
-3.030668508824711171e+04
-3.030668508824711171e+04
-3.030668508824711171e+04
-3.030668508824711171e+04
-3.030668508824711171e+04
-3.030668508824711171e+04
-3.030668508824711171e+04
-3.030668508824711171e+04
-3.030668508824711171e+04
-3.030668508824711171e+04
-3.030668508824711171e+04
-3.030668508824711171e+04
-3.030668508824711171e+04
-3.030668508824711171e+04
-3.030668508824711171e+04
-3.030668508824711171e+04
-3.030668508824711171e+04
-3.030668508824711171e+04
-3.030668508824711171e+04
-3.030668508824711171e+04
-3.030668508824711171e+04
-3.030668508824711171e+04
-3.030668508824711171e+04
-3.030668508824711171e+04
-3.030668508824711171e+04
-3.030668508824711171e+04
-3.030668508824711171e+04
-3.030668508824711171e+04
-3.030668508824711171e+04
-3.030668508824711171e+04
-3.030668508824711171e+04
-3.030668508824711171e+04
-3.030668508824711171e+04
-3.030668508824711171e+04
-3.030668508824711171e+04
-3.030668508824711171e+04
-3.030668508824711171e+04
-3.030668508824711171e+04
-3.030668508824711171e+04
-3.030668508824711171e+04
-3.030668508824711171e+04
-3.030668508824711171e+04
-3.030668508824711171e+04
-3.030668508824711171e+04
-3.030668508824711171e+04
-3.030668508824711171e+04
-3.030668508824711171e+04
-3.047079084547338425e+04
-3.047079084547338425e+04
-3.047079084547338425e+04
-3.047079084547338425e+04
-3.047079084547338425e+04
-3.047079084547338425e+04
