-2.801198683052720662e+04
-2.801198683052720662e+04
-2.904292290361659252e+04
-2.904292290361659252e+04
-2.904292290361659252e+04
-2.904292290361659252e+04
-2.904292290361659252e+04
-2.904292290361659252e+04
-2.904292290361659252e+04
-2.945976719808313646e+04
-2.945976719808313646e+04
-2.945976719808313646e+04
-2.945976719808313646e+04
-2.945976719808313646e+04
-2.945976719808313646e+04
-2.945976719808313646e+04
-2.998733291054167057e+04
-2.998733291054167057e+04
-2.998733291054167057e+04
-2.998733291054167057e+04
-3.034366874242710037e+04
-3.036498172493142920e+04
-3.036498172493142920e+04
-3.036498172493142920e+04
-3.036498172493142920e+04
-3.043647642581803666e+04
-3.043647642581803666e+04
-3.043647642581803666e+04
-3.043647642581803666e+04
-3.043647642581803666e+04
-3.043647642581803666e+04
-3.043647642581803666e+04
-3.043647642581803666e+04
-3.043647642581803666e+04
-3.043647642581803666e+04
-3.043647642581803666e+04
-3.043647642581803666e+04
-3.043647642581803666e+04
-3.043647642581803666e+04
-3.043647642581803666e+04
-3.044519691109185806e+04
-3.044519691109185806e+04
-3.044519691109185806e+04
-3.044519691109185806e+04
-3.044519691109185806e+04
-3.044519691109185806e+04
-3.044519691109185806e+04
-3.044519691109185806e+04
-3.044519691109185806e+04
-3.044519691109185806e+04
-3.044519691109185806e+04
-3.044519691109185806e+04
-3.044519691109185806e+04
-3.044519691109185806e+04
-3.044519691109185806e+04
-3.044519691109185806e+04
-3.044519691109185806e+04
-3.044519691109185806e+04
-3.044519691109185806e+04
-3.044519691109185806e+04
-3.044519691109185806e+04
-3.044519691109185806e+04
-3.044519691109185806e+04
-3.044519691109185806e+04
-3.044519691109185806e+04
-3.044519691109185806e+04
-3.044519691109185806e+04
-3.044519691109185806e+04
-3.044519691109185806e+04
-3.044519691109185806e+04
-3.044519691109185806e+04
-3.044519691109185806e+04
-3.044519691109185806e+04
-3.044519691109185806e+04
-3.044519691109185806e+04
-3.044519691109185806e+04
-3.044519691109185806e+04
-3.044519691109185806e+04
-3.044519691109185806e+04
-3.044519691109185806e+04
-3.044519691109185806e+04
-3.044519691109185806e+04
-3.044519691109185806e+04
-3.044519691109185806e+04
-3.044519691109185806e+04
-3.044519691109185806e+04
-3.044519691109185806e+04
-3.044519691109185806e+04
-3.044519691109185806e+04
-3.044519691109185806e+04
-3.044519691109185806e+04
-3.044519691109185806e+04
-3.044519691109185806e+04
-3.044519691109185806e+04
-3.044519691109185806e+04
-3.044519691109185806e+04
-3.044519691109185806e+04
-3.044519691109185806e+04
-3.044519691109185806e+04
-3.044519691109185806e+04
-3.044519691109185806e+04
-3.044519691109185806e+04
-3.044519691109185806e+04
-3.044519691109185806e+04
-3.044519691109185806e+04
-3.044519691109185806e+04
-3.044519691109185806e+04
