-2.559301170352438930e+04
-2.762937097068129515e+04
-2.928168132444335060e+04
-2.928168132444335060e+04
-2.928168132444335060e+04
-2.928168132444335060e+04
-2.928168132444335060e+04
-2.928168132444335060e+04
-2.928168132444335060e+04
-2.928168132444335060e+04
-2.928168132444335060e+04
-2.987243560150773556e+04
-2.987243560150773556e+04
-2.987243560150773556e+04
-2.987243560150773556e+04
-2.987243560150773556e+04
-2.987243560150773556e+04
-2.987243560150773556e+04
-3.020510548981736429e+04
-3.026425521806925826e+04
-3.026425521806925826e+04
-3.033716506253874104e+04
-3.033716506253874104e+04
-3.033716506253874104e+04
-3.033716506253874104e+04
-3.033716506253874104e+04
-3.037322487190361062e+04
-3.037322487190361062e+04
-3.037322487190361062e+04
-3.037322487190361062e+04
-3.037322487190361062e+04
-3.037322487190361062e+04
-3.037322487190361062e+04
-3.037322487190361062e+04
-3.037322487190361062e+04
-3.037322487190361062e+04
-3.037322487190361062e+04
-3.037322487190361062e+04
-3.037322487190361062e+04
-3.037322487190361062e+04
-3.037322487190361062e+04
-3.037322487190361062e+04
-3.037322487190361062e+04
-3.037322487190361062e+04
-3.037322487190361062e+04
-3.037322487190361062e+04
-3.037322487190361062e+04
-3.037322487190361062e+04
-3.037322487190361062e+04
-3.037322487190361062e+04
-3.037322487190361062e+04
-3.037322487190361062e+04
-3.037322487190361062e+04
-3.037322487190361062e+04
-3.037322487190361062e+04
-3.037322487190361062e+04
-3.037322487190361062e+04
-3.037322487190361062e+04
-3.037322487190361062e+04
-3.037322487190361062e+04
-3.037322487190361062e+04
-3.037322487190361062e+04
-3.037322487190361062e+04
-3.037322487190361062e+04
-3.037322487190361062e+04
-3.037322487190361062e+04
-3.037322487190361062e+04
-3.037322487190361062e+04
-3.037322487190361062e+04
-3.037322487190361062e+04
-3.037322487190361062e+04
-3.037322487190361062e+04
-3.037322487190361062e+04
-3.037322487190361062e+04
-3.037322487190361062e+04
-3.037322487190361062e+04
-3.037322487190361062e+04
-3.037322487190361062e+04
-3.037322487190361062e+04
-3.037322487190361062e+04
-3.037322487190361062e+04
-3.037322487190361062e+04
-3.037322487190361062e+04
-3.037322487190361062e+04
-3.037322487190361062e+04
-3.037322487190361062e+04
-3.037322487190361062e+04
-3.037322487190361062e+04
-3.037322487190361062e+04
-3.037322487190361062e+04
-3.037322487190361062e+04
-3.037322487190361062e+04
-3.037322487190361062e+04
-3.037322487190361062e+04
-3.037322487190361062e+04
-3.037322487190361062e+04
-3.037322487190361062e+04
-3.037322487190361062e+04
-3.037322487190361062e+04
-3.037322487190361062e+04
-3.037322487190361062e+04
-3.037322487190361062e+04
-3.037322487190361062e+04
-3.037322487190361062e+04
-3.037322487190361062e+04
-3.037322487190361062e+04
-3.037322487190361062e+04
-3.037322487190361062e+04
-3.037322487190361062e+04
-3.037322487190361062e+04
-3.037322487190361062e+04
-3.037322487190361062e+04
-3.037322487190361062e+04
-3.037322487190361062e+04
-3.037322487190361062e+04
-3.037322487190361062e+04
-3.037322487190361062e+04
-3.037322487190361062e+04
-3.037322487190361062e+04
-3.037322487190361062e+04
-3.037322487190361062e+04
-3.037322487190361062e+04
-3.037322487190361062e+04
-3.037322487190361062e+04
-3.037322487190361062e+04
-3.037322487190361062e+04
-3.037322487190361062e+04
-3.037322487190361062e+04
-3.037322487190361062e+04
-3.037322487190361062e+04
-3.037322487190361062e+04
-3.037322487190361062e+04
-3.037322487190361062e+04
-3.037322487190361062e+04
-3.037322487190361062e+04
-3.037322487190361062e+04
-3.037322487190361062e+04
-3.037322487190361062e+04
-3.037322487190361062e+04
-3.037322487190361062e+04
-3.037322487190361062e+04
-3.037322487190361062e+04
-3.037322487190361062e+04
-3.037322487190361062e+04
-3.037322487190361062e+04
-3.037322487190361062e+04
-3.037322487190361062e+04
-3.037322487190361062e+04
-3.037322487190361062e+04
-3.037322487190361062e+04
-3.037322487190361062e+04
