-1.018557137594343354e-01
-1.018557137594343354e-01
-1.018557137594343354e-01
-1.018557137594343354e-01
-1.018557137594343354e-01
-1.617533207101456427e-01
-1.617533207101456427e-01
-1.617533207101456427e-01
-1.617533207101456427e-01
-1.617533207101456427e-01
-1.617533207101456427e-01
-1.617533207101456427e-01
-1.617533207101456427e-01
-1.617533207101456427e-01
-1.617533207101456427e-01
-1.617533207101456427e-01
-1.617533207101456427e-01
-1.722987322073585847e-01
-1.722987322073585847e-01
-1.722987322073585847e-01
-1.722987322073585847e-01
-1.722987322073585847e-01
-1.722987322073585847e-01
-1.722987322073585847e-01
-1.722987322073585847e-01
-1.722987322073585847e-01
-1.722987322073585847e-01
-1.722987322073585847e-01
-1.722987322073585847e-01
-1.722987322073585847e-01
-1.722987322073585847e-01
-1.722987322073585847e-01
-1.969070973736111729e-01
-1.981764666273223841e-01
-1.981764666273223841e-01
-1.981764666273223841e-01
-1.981764666273223841e-01
-2.142880031437596200e-01
-2.142880031437596200e-01
-2.142880031437596200e-01
-2.142880031437596200e-01
-2.142880031437596200e-01
-2.142880031437596200e-01
-2.142880031437596200e-01
-2.142880031437596200e-01
-2.142880031437596200e-01
-2.142880031437596200e-01
-2.142880031437596200e-01
-2.142880031437596200e-01
-2.142880031437596200e-01
-2.142880031437596200e-01
-2.142880031437596200e-01
-2.142880031437596200e-01
-2.142880031437596200e-01
-2.142880031437596200e-01
-2.142880031437596200e-01
-2.142880031437596200e-01
-2.142880031437596200e-01
-2.142880031437596200e-01
-2.142880031437596200e-01
-2.142880031437596200e-01
-2.142880031437596200e-01
-2.142880031437596200e-01
-2.142880031437596200e-01
-2.142880031437596200e-01
-2.142880031437596200e-01
-2.142880031437596200e-01
-2.142880031437596200e-01
-2.142880031437596200e-01
-2.142880031437596200e-01
-2.142880031437596200e-01
-2.142880031437596200e-01
-2.142880031437596200e-01
-2.142880031437596200e-01
-2.142880031437596200e-01
-2.142880031437596200e-01
-2.142880031437596200e-01
-2.142880031437596200e-01
-2.142880031437596200e-01
-2.142880031437596200e-01
-2.142880031437596200e-01
-2.142880031437596200e-01
-2.142880031437596200e-01
-2.142880031437596200e-01
-2.142880031437596200e-01
-2.142880031437596200e-01
-2.142880031437596200e-01
-2.142880031437596200e-01
-2.142880031437596200e-01
-2.142880031437596200e-01
-2.142880031437596200e-01
-2.142880031437596200e-01
-2.142880031437596200e-01
-2.142880031437596200e-01
-2.142880031437596200e-01
-2.142880031437596200e-01
-2.142880031437596200e-01
-2.142880031437596200e-01
-2.142880031437596200e-01
-2.142880031437596200e-01
-2.142880031437596200e-01
-2.142880031437596200e-01
-2.142880031437596200e-01
-2.142880031437596200e-01
-2.142880031437596200e-01
-2.142880031437596200e-01
-2.142880031437596200e-01
-2.142880031437596200e-01
-2.142880031437596200e-01
-2.142880031437596200e-01
-2.142880031437596200e-01
-2.142880031437596200e-01
-2.142880031437596200e-01
-2.142880031437596200e-01
-2.142880031437596200e-01
-2.142880031437596200e-01
-2.142880031437596200e-01
-2.142880031437596200e-01
-2.142880031437596200e-01
-2.142880031437596200e-01
-2.142880031437596200e-01
-2.142880031437596200e-01
-2.142880031437596200e-01
-2.142880031437596200e-01
-2.142880031437596200e-01
-2.142880031437596200e-01
-2.142880031437596200e-01
-2.142880031437596200e-01
-2.142880031437596200e-01
-2.142880031437596200e-01
-2.142880031437596200e-01
-2.142880031437596200e-01
-2.142880031437596200e-01
-2.142880031437596200e-01
-2.142880031437596200e-01
-2.142880031437596200e-01
-2.142880031437596200e-01
-2.142880031437596200e-01
-2.142880031437596200e-01
-2.142880031437596200e-01
-2.142880031437596200e-01
-2.142880031437596200e-01
-2.142880031437596200e-01
-2.142880031437596200e-01
-2.142880031437596200e-01
-2.142880031437596200e-01
-2.142880031437596200e-01
-2.142880031437596200e-01
-2.142880031437596200e-01
-2.142880031437596200e-01
-2.142880031437596200e-01
-2.142880031437596200e-01
-2.142880031437596200e-01
-2.142880031437596200e-01
-2.142880031437596200e-01
-2.142880031437596200e-01
-2.142880031437596200e-01
-2.142880031437596200e-01
-2.142880031437596200e-01
-2.142880031437596200e-01
-2.142880031437596200e-01
-2.142880031437596200e-01
-2.142880031437596200e-01
-2.142880031437596200e-01
-2.142880031437596200e-01
-2.142880031437596200e-01
-2.142880031437596200e-01
-2.142880031437596200e-01
-2.142880031437596200e-01
-2.142880031437596200e-01
-2.142880031437596200e-01
-2.142880031437596200e-01
-2.142880031437596200e-01
-2.142880031437596200e-01
-2.142880031437596200e-01
-2.142880031437596200e-01
-2.142880031437596200e-01
-2.142880031437596200e-01
-2.142880031437596200e-01
-2.142880031437596200e-01
-2.142880031437596200e-01
-2.142880031437596200e-01
-2.142880031437596200e-01
-2.142880031437596200e-01
-2.142880031437596200e-01
-2.142880031437596200e-01
-2.142880031437596200e-01
-2.142880031437596200e-01
-2.142880031437596200e-01
-2.142880031437596200e-01
-2.142880031437596200e-01
-2.142880031437596200e-01
-2.142880031437596200e-01
-2.142880031437596200e-01
-2.142880031437596200e-01
-2.142880031437596200e-01
-2.142880031437596200e-01
-2.142880031437596200e-01
-2.142880031437596200e-01
-2.142880031437596200e-01
-2.142880031437596200e-01
-2.142880031437596200e-01
-2.142880031437596200e-01
-2.142880031437596200e-01
-2.142880031437596200e-01
-2.142880031437596200e-01
-2.142880031437596200e-01
-2.142880031437596200e-01
-2.142880031437596200e-01
-2.142880031437596200e-01
-2.142880031437596200e-01
-2.142880031437596200e-01
-2.142880031437596200e-01
-2.142880031437596200e-01
-2.142880031437596200e-01
-2.142880031437596200e-01
-2.142880031437596200e-01
-2.142880031437596200e-01
-2.142880031437596200e-01
-2.142880031437596200e-01
-2.142880031437596200e-01
-2.142880031437596200e-01
-2.142880031437596200e-01
-2.142880031437596200e-01
-2.142880031437596200e-01
-2.142880031437596200e-01
-2.142880031437596200e-01
-2.142880031437596200e-01
-2.142880031437596200e-01
-2.142880031437596200e-01
-2.142880031437596200e-01
-2.142880031437596200e-01
-2.142880031437596200e-01
-2.142880031437596200e-01
-2.142880031437596200e-01
-2.142880031437596200e-01
-2.142880031437596200e-01
-2.142880031437596200e-01
-2.142880031437596200e-01
-2.142880031437596200e-01
-2.142880031437596200e-01
-2.142880031437596200e-01
-2.142880031437596200e-01
-2.142880031437596200e-01
-2.142880031437596200e-01
-2.142880031437596200e-01
-2.142880031437596200e-01
-2.142880031437596200e-01
-2.142880031437596200e-01
-2.142880031437596200e-01
-2.142880031437596200e-01
-2.142880031437596200e-01
-2.142880031437596200e-01
-2.142880031437596200e-01
-2.142880031437596200e-01
-2.142880031437596200e-01
-2.142880031437596200e-01
-2.142880031437596200e-01
-2.142880031437596200e-01
-2.142880031437596200e-01
-2.142880031437596200e-01
-2.142880031437596200e-01
-2.142880031437596200e-01
-2.142880031437596200e-01
-2.142880031437596200e-01
-2.142880031437596200e-01
-2.142880031437596200e-01
-2.142880031437596200e-01
-2.142880031437596200e-01
-2.142880031437596200e-01
-2.142880031437596200e-01
-2.142880031437596200e-01
-2.142880031437596200e-01
-2.142880031437596200e-01
-2.142880031437596200e-01
-2.142880031437596200e-01
-2.142880031437596200e-01
-2.142880031437596200e-01
-2.142880031437596200e-01
-2.142880031437596200e-01
-2.331872284542405027e-01
-2.331872284542405027e-01
-2.331872284542405027e-01
-2.331872284542405027e-01
-2.331872284542405027e-01
-2.331872284542405027e-01
-2.331872284542405027e-01
-2.331872284542405027e-01
-2.331872284542405027e-01
-2.331872284542405027e-01
-2.331872284542405027e-01
-2.331872284542405027e-01
-2.331872284542405027e-01
-2.331872284542405027e-01
-2.331872284542405027e-01
-2.331872284542405027e-01
-2.331872284542405027e-01
-2.331872284542405027e-01
-2.331872284542405027e-01
-2.331872284542405027e-01
-2.331872284542405027e-01
-2.331872284542405027e-01
-2.331872284542405027e-01
-2.331872284542405027e-01
-2.331872284542405027e-01
-2.331872284542405027e-01
-2.331872284542405027e-01
-2.331872284542405027e-01
-2.331872284542405027e-01
-2.331872284542405027e-01
-2.331872284542405027e-01
-2.331872284542405027e-01
-2.331872284542405027e-01
-2.331872284542405027e-01
-2.331872284542405027e-01
-2.331872284542405027e-01
-2.331872284542405027e-01
-2.331872284542405027e-01
-2.331872284542405027e-01
-2.331872284542405027e-01
-2.772268970646524777e-01
-2.772268970646524777e-01
-2.772268970646524777e-01
-2.772268970646524777e-01
-2.772268970646524777e-01
-2.772268970646524777e-01
-2.772268970646524777e-01
-2.772268970646524777e-01
-2.772268970646524777e-01
-2.772268970646524777e-01
-2.772268970646524777e-01
-2.772268970646524777e-01
-2.772268970646524777e-01
-2.772268970646524777e-01
-2.772268970646524777e-01
-2.772268970646524777e-01
-2.772268970646524777e-01
-2.772268970646524777e-01
-2.772268970646524777e-01
-2.772268970646524777e-01
-2.772268970646524777e-01
-2.772268970646524777e-01
-2.772268970646524777e-01
-2.772268970646524777e-01
-2.772268970646524777e-01
-2.772268970646524777e-01
-2.772268970646524777e-01
-2.772268970646524777e-01
-2.772268970646524777e-01
-2.772268970646524777e-01
-2.772268970646524777e-01
-2.772268970646524777e-01
-2.772268970646524777e-01
-2.772268970646524777e-01
-2.772268970646524777e-01
-2.772268970646524777e-01
-2.772268970646524777e-01
-2.772268970646524777e-01
-2.772268970646524777e-01
-2.772268970646524777e-01
-2.772268970646524777e-01
-2.772268970646524777e-01
-2.772268970646524777e-01
-2.772268970646524777e-01
-2.772268970646524777e-01
-2.772268970646524777e-01
-2.772268970646524777e-01
-2.772268970646524777e-01
-2.772268970646524777e-01
-2.772268970646524777e-01
-2.772268970646524777e-01
-2.772268970646524777e-01
-2.772268970646524777e-01
-2.772268970646524777e-01
-2.772268970646524777e-01
-2.772268970646524777e-01
-2.772268970646524777e-01
-2.772268970646524777e-01
-2.772268970646524777e-01
-2.772268970646524777e-01
-2.772268970646524777e-01
-2.772268970646524777e-01
-2.772268970646524777e-01
-2.772268970646524777e-01
-2.772268970646524777e-01
-2.772268970646524777e-01
-2.772268970646524777e-01
-2.772268970646524777e-01
-2.772268970646524777e-01
-2.772268970646524777e-01
-2.772268970646524777e-01
-2.772268970646524777e-01
-2.772268970646524777e-01
-2.772268970646524777e-01
-2.772268970646524777e-01
-2.772268970646524777e-01
-2.772268970646524777e-01
-2.772268970646524777e-01
-2.772268970646524777e-01
-2.772268970646524777e-01
-2.772268970646524777e-01
-2.772268970646524777e-01
-2.772268970646524777e-01
-2.772268970646524777e-01
-2.772268970646524777e-01
-2.772268970646524777e-01
-2.772268970646524777e-01
-2.772268970646524777e-01
-2.772268970646524777e-01
-2.772268970646524777e-01
-2.772268970646524777e-01
-2.772268970646524777e-01
-2.772268970646524777e-01
-2.772268970646524777e-01
-2.772268970646524777e-01
-2.772268970646524777e-01
-2.772268970646524777e-01
-2.772268970646524777e-01
-2.772268970646524777e-01
-2.772268970646524777e-01
-2.772268970646524777e-01
-2.772268970646524777e-01
-2.772268970646524777e-01
-2.772268970646524777e-01
-2.772268970646524777e-01
-2.772268970646524777e-01
-2.772268970646524777e-01
-2.772268970646524777e-01
-2.772268970646524777e-01
-2.772268970646524777e-01
-2.772268970646524777e-01
-2.772268970646524777e-01
-2.772268970646524777e-01
-2.772268970646524777e-01
-2.772268970646524777e-01
-2.772268970646524777e-01
-2.772268970646524777e-01
-2.772268970646524777e-01
-2.772268970646524777e-01
-2.772268970646524777e-01
-2.772268970646524777e-01
-2.772268970646524777e-01
-2.772268970646524777e-01
-2.772268970646524777e-01
-2.772268970646524777e-01
-2.772268970646524777e-01
-2.772268970646524777e-01
-2.772268970646524777e-01
-2.772268970646524777e-01
-2.772268970646524777e-01
-2.772268970646524777e-01
-2.772268970646524777e-01
-2.772268970646524777e-01
-2.772268970646524777e-01
-2.772268970646524777e-01
-2.772268970646524777e-01
-2.772268970646524777e-01
-2.772268970646524777e-01
-2.772268970646524777e-01
-2.772268970646524777e-01
-2.772268970646524777e-01
-2.772268970646524777e-01
-2.772268970646524777e-01
-2.772268970646524777e-01
-2.772268970646524777e-01
-2.772268970646524777e-01
-2.772268970646524777e-01
-2.772268970646524777e-01
-2.772268970646524777e-01
-2.772268970646524777e-01
-2.772268970646524777e-01
-2.772268970646524777e-01
-2.772268970646524777e-01
-2.772268970646524777e-01
-2.772268970646524777e-01
-2.772268970646524777e-01
-2.772268970646524777e-01
-2.772268970646524777e-01
-2.772268970646524777e-01
-2.772268970646524777e-01
-2.772268970646524777e-01
-2.772268970646524777e-01
-2.772268970646524777e-01
-2.772268970646524777e-01
-2.772268970646524777e-01
-2.772268970646524777e-01
-2.772268970646524777e-01
-2.772268970646524777e-01
-2.772268970646524777e-01
-2.772268970646524777e-01
-2.772268970646524777e-01
-2.772268970646524777e-01
-2.772268970646524777e-01
-2.772268970646524777e-01
-2.772268970646524777e-01
-2.772268970646524777e-01
-2.772268970646524777e-01
-2.772268970646524777e-01
-2.772268970646524777e-01
-2.772268970646524777e-01
-2.772268970646524777e-01
-2.772268970646524777e-01
-2.772268970646524777e-01
-2.772268970646524777e-01
-2.772268970646524777e-01
-2.772268970646524777e-01
-2.772268970646524777e-01
-2.772268970646524777e-01
-2.772268970646524777e-01
-2.772268970646524777e-01
-2.772268970646524777e-01
-2.772268970646524777e-01
-2.772268970646524777e-01
-2.772268970646524777e-01
-2.772268970646524777e-01
-2.772268970646524777e-01
-2.772268970646524777e-01
-2.772268970646524777e-01
-2.772268970646524777e-01
-2.772268970646524777e-01
-2.772268970646524777e-01
-2.772268970646524777e-01
-2.772268970646524777e-01
-2.772268970646524777e-01
-2.772268970646524777e-01
-2.772268970646524777e-01
-2.772268970646524777e-01
-2.772268970646524777e-01
-2.772268970646524777e-01
-2.772268970646524777e-01
-2.772268970646524777e-01
-2.772268970646524777e-01
-2.772268970646524777e-01
-2.772268970646524777e-01
-2.772268970646524777e-01
-2.772268970646524777e-01
-2.772268970646524777e-01
-2.772268970646524777e-01
-2.772268970646524777e-01
-2.772268970646524777e-01
-2.772268970646524777e-01
-2.772268970646524777e-01
-2.772268970646524777e-01
-2.772268970646524777e-01
-2.772268970646524777e-01
-2.772268970646524777e-01
-2.772268970646524777e-01
-2.772268970646524777e-01
-2.772268970646524777e-01
-2.772268970646524777e-01
-2.772268970646524777e-01
-2.772268970646524777e-01
-2.772268970646524777e-01
-2.772268970646524777e-01
-2.772268970646524777e-01
-2.772268970646524777e-01
-2.772268970646524777e-01
-2.772268970646524777e-01
-2.772268970646524777e-01
-2.772268970646524777e-01
-2.772268970646524777e-01
-2.772268970646524777e-01
-2.772268970646524777e-01
-2.772268970646524777e-01
-2.772268970646524777e-01
-2.772268970646524777e-01
-2.772268970646524777e-01
-2.772268970646524777e-01
-2.772268970646524777e-01
-2.772268970646524777e-01
-2.772268970646524777e-01
-2.772268970646524777e-01
-2.772268970646524777e-01
-2.772268970646524777e-01
-2.772268970646524777e-01
-2.772268970646524777e-01
-2.772268970646524777e-01
-2.772268970646524777e-01
-2.772268970646524777e-01
-2.772268970646524777e-01
-2.772268970646524777e-01
-2.772268970646524777e-01
-2.772268970646524777e-01
-2.772268970646524777e-01
-2.772268970646524777e-01
-2.841151329460854802e-01
-2.841151329460854802e-01
-2.841151329460854802e-01
-2.841151329460854802e-01
-2.841151329460854802e-01
-2.841151329460854802e-01
-2.841151329460854802e-01
-2.841151329460854802e-01
-2.841151329460854802e-01
-2.841151329460854802e-01
-2.841151329460854802e-01
-2.841151329460854802e-01
-2.841151329460854802e-01
-2.841151329460854802e-01
-2.841151329460854802e-01
-2.841151329460854802e-01
-2.841151329460854802e-01
-2.841151329460854802e-01
-2.841151329460854802e-01
-2.841151329460854802e-01
-2.841151329460854802e-01
-2.841151329460854802e-01
-2.841151329460854802e-01
-2.841151329460854802e-01
-2.841151329460854802e-01
-2.841151329460854802e-01
-2.841151329460854802e-01
-2.841151329460854802e-01
-2.841151329460854802e-01
-2.841151329460854802e-01
-2.841151329460854802e-01
-2.841151329460854802e-01
-2.841151329460854802e-01
-2.841151329460854802e-01
-2.841151329460854802e-01
-2.841151329460854802e-01
-2.841151329460854802e-01
-2.877597065940047383e-01
-2.877597065940047383e-01
-2.890915082912946521e-01
-2.890915082912946521e-01
-2.890915082912946521e-01
-2.890915082912946521e-01
-2.890915082912946521e-01
-2.890915082912946521e-01
-2.890915082912946521e-01
-2.890915082912946521e-01
-2.890915082912946521e-01
-2.890915082912946521e-01
-2.890915082912946521e-01
-2.890915082912946521e-01
-2.918208951095319081e-01
-2.918208951095319081e-01
-2.918208951095319081e-01
-2.918208951095319081e-01
-2.918208951095319081e-01
-2.918208951095319081e-01
-2.929131931152265667e-01
-2.929131931152265667e-01
-2.929131931152265667e-01
-2.929131931152265667e-01
-2.929131931152265667e-01
-2.929131931152265667e-01
-2.929131931152265667e-01
-2.929131931152265667e-01
-2.929131931152265667e-01
-2.929131931152265667e-01
-2.929131931152265667e-01
-2.929131931152265667e-01
-2.929131931152265667e-01
-2.929131931152265667e-01
-2.929131931152265667e-01
-2.929131931152265667e-01
-2.929131931152265667e-01
-2.929131931152265667e-01
-2.929131931152265667e-01
-2.929131931152265667e-01
-2.929131931152265667e-01
-2.929131931152265667e-01
-2.929131931152265667e-01
-2.929131931152265667e-01
-2.929131931152265667e-01
-2.929131931152265667e-01
-2.929131931152265667e-01
-2.929131931152265667e-01
-2.929131931152265667e-01
-2.929131931152265667e-01
-2.929131931152265667e-01
-2.929131931152265667e-01
-2.929131931152265667e-01
-2.929131931152265667e-01
-2.929131931152265667e-01
-2.929131931152265667e-01
-2.929131931152265667e-01
-2.948421548818218607e-01
-2.948421548818218607e-01
-2.948421548818218607e-01
-2.948421548818218607e-01
-2.948421548818218607e-01
-2.948421548818218607e-01
-2.948421548818218607e-01
-2.948421548818218607e-01
-2.948421548818218607e-01
-2.948421548818218607e-01
-2.948421548818218607e-01
-2.948421548818218607e-01
-2.948421548818218607e-01
-2.948421548818218607e-01
-2.948421548818218607e-01
-2.948421548818218607e-01
-2.948421548818218607e-01
-2.948421548818218607e-01
-2.948421548818218607e-01
-2.948421548818218607e-01
-2.948421548818218607e-01
-2.948421548818218607e-01
-2.948421548818218607e-01
-2.949469498026352499e-01
-2.949469498026352499e-01
-2.949469498026352499e-01
-2.949469498026352499e-01
-2.949469498026352499e-01
-2.949469498026352499e-01
-2.949469498026352499e-01
-2.949469498026352499e-01
-2.949469498026352499e-01
-2.949469498026352499e-01
-2.949469498026352499e-01
-2.949469498026352499e-01
-2.949469498026352499e-01
-2.949469498026352499e-01
-2.949469498026352499e-01
-2.949469498026352499e-01
-2.949469498026352499e-01
-2.949469498026352499e-01
-2.949469498026352499e-01
-2.949469498026352499e-01
-2.949469498026352499e-01
-2.949469498026352499e-01
-2.949469498026352499e-01
-2.949469498026352499e-01
-2.949469498026352499e-01
-2.949469498026352499e-01
-2.949469498026352499e-01
-2.949469498026352499e-01
-2.949469498026352499e-01
-2.949469498026352499e-01
-2.949469498026352499e-01
-2.949469498026352499e-01
-2.949469498026352499e-01
-2.949469498026352499e-01
-2.949469498026352499e-01
-2.949469498026352499e-01
-2.949469498026352499e-01
-2.949469498026352499e-01
-2.949469498026352499e-01
-2.949469498026352499e-01
-2.949469498026352499e-01
-2.949469498026352499e-01
-2.949469498026352499e-01
-2.949469498026352499e-01
-2.949469498026352499e-01
-2.949469498026352499e-01
-2.949469498026352499e-01
-2.949469498026352499e-01
-2.949469498026352499e-01
-2.949469498026352499e-01
-2.949469498026352499e-01
-2.949469498026352499e-01
-2.949469498026352499e-01
-2.949469498026352499e-01
-2.949469498026352499e-01
-2.949469498026352499e-01
-2.949469498026352499e-01
-2.949469498026352499e-01
-2.949469498026352499e-01
-2.949469498026352499e-01
-2.949469498026352499e-01
-2.949469498026352499e-01
-2.949469498026352499e-01
-2.949469498026352499e-01
-2.949469498026352499e-01
-2.949469498026352499e-01
-2.949469498026352499e-01
-2.949469498026352499e-01
-2.949469498026352499e-01
-2.949469498026352499e-01
-2.949469498026352499e-01
-2.949469498026352499e-01
-2.949469498026352499e-01
-2.951525587662880423e-01
-2.951525587662880423e-01
-2.951525587662880423e-01
-2.951525587662880423e-01
-2.951525587662880423e-01
-2.951525587662880423e-01
-2.955506443819403417e-01
-2.955506443819403417e-01
-2.955506443819403417e-01
-2.955506443819403417e-01
-2.955506443819403417e-01
-2.955506443819403417e-01
-2.955506443819403417e-01
-2.955506443819403417e-01
-2.955506443819403417e-01
-2.955506443819403417e-01
-2.956135293228822625e-01
-2.956135293228822625e-01
-2.956135293228822625e-01
-2.956135293228822625e-01
-2.956135293228822625e-01
-2.956135293228822625e-01
-2.956135293228822625e-01
-2.956135293228822625e-01
-2.956135293228822625e-01
-2.956135293228822625e-01
-2.956135293228822625e-01
-2.956135293228822625e-01
-2.956135293228822625e-01
-2.956135293228822625e-01
-2.956135293228822625e-01
-2.956135293228822625e-01
-2.956135293228822625e-01
-2.956135293228822625e-01
-2.956135293228822625e-01
-2.956135293228822625e-01
-2.956135293228822625e-01
-2.956135293228822625e-01
-2.956135293228822625e-01
-2.956135293228822625e-01
-2.956135293228822625e-01
-2.956135293228822625e-01
-2.956135293228822625e-01
-2.956135293228822625e-01
-2.956135293228822625e-01
-2.956135293228822625e-01
-2.956135293228822625e-01
-2.956135293228822625e-01
-2.956135293228822625e-01
-2.956135293228822625e-01
-2.956135293228822625e-01
-2.956135293228822625e-01
-2.956135293228822625e-01
-2.956135293228822625e-01
-2.956135293228822625e-01
-2.956135293228822625e-01
-2.956135293228822625e-01
-2.956135293228822625e-01
-2.956135293228822625e-01
-2.956135293228822625e-01
-2.956135293228822625e-01
-2.956135293228822625e-01
-2.956135293228822625e-01
-2.956135293228822625e-01
-2.956135293228822625e-01
-2.956135293228822625e-01
-2.956135293228822625e-01
-2.956135293228822625e-01
-2.956135293228822625e-01
-2.956135293228822625e-01
-2.956135293228822625e-01
-2.956135293228822625e-01
-2.956135293228822625e-01
-2.956135293228822625e-01
-2.956135293228822625e-01
-2.956135293228822625e-01
-2.956135293228822625e-01
-2.956135293228822625e-01
-2.956135293228822625e-01
-2.956135293228822625e-01
-2.956135293228822625e-01
-2.956135293228822625e-01
-2.956135293228822625e-01
-2.956135293228822625e-01
-2.956135293228822625e-01
-2.956135293228822625e-01
-2.956135293228822625e-01
-2.956135293228822625e-01
-2.956135293228822625e-01
-2.956135293228822625e-01
-2.956135293228822625e-01
-2.956135293228822625e-01
-2.956145097518330656e-01
-2.956145097518330656e-01
-2.956145097518330656e-01
-2.956145097518330656e-01
-2.956145097518330656e-01
-2.956145097518330656e-01
-2.956145097518330656e-01
-2.956145097518330656e-01
-2.956145097518330656e-01
-2.956145097518330656e-01
-2.956145097518330656e-01
-2.956145097518330656e-01
-2.956145097518330656e-01
-2.956145097518330656e-01
-2.956145097518330656e-01
-2.956145097518330656e-01
-2.956145097518330656e-01
-2.956145097518330656e-01
-2.956145097518330656e-01
-2.956145097518330656e-01
-2.956145097518330656e-01
-2.956145097518330656e-01
-2.956145097518330656e-01
-2.956145097518330656e-01
-2.956145097518330656e-01
-2.956145097518330656e-01
-2.956145097518330656e-01
-2.956145097518330656e-01
-2.956145097518330656e-01
-2.956145097518330656e-01
-2.956519112610946909e-01
-2.956519112610946909e-01
-2.956519112610946909e-01
-2.956519112610946909e-01
-2.956519112610946909e-01
-2.956519112610946909e-01
-2.956519112610946909e-01
-2.956576039510708243e-01
-2.956576039510708243e-01
-2.956576039510708243e-01
-2.956576039510708243e-01
-2.956576039510708243e-01
-2.956576039510708243e-01
-2.956576039510708243e-01
-2.956576039510708243e-01
-2.956576039510708243e-01
-2.956576039510708243e-01
-2.956576039510708243e-01
-2.956576039510708243e-01
-2.956576039510708243e-01
-2.956576039510708243e-01
-2.956576039510708243e-01
-2.956576039510708243e-01
-2.956576039510708243e-01
-2.956576039510708243e-01
-2.956576039510708243e-01
-2.956576039510708243e-01
-2.956576039510708243e-01
-2.956576039510708243e-01
-2.956576039510708243e-01
-2.956576039510708243e-01
-2.956576039510708243e-01
-2.956576039510708243e-01
-2.956576039510708243e-01
-2.956576039510708243e-01
-2.956576039510708243e-01
-2.956576039510708243e-01
-2.956576039510708243e-01
-2.956576039510708243e-01
-2.956576039510708243e-01
-2.956576039510708243e-01
-2.956576039510708243e-01
-2.956576039510708243e-01
-2.956576039510708243e-01
-2.956576039510708243e-01
-2.956576039510708243e-01
-2.956576039510708243e-01
-2.956576039510708243e-01
-2.956576039510708243e-01
-2.956576039510708243e-01
-2.956576039510708243e-01
-2.956576039510708243e-01
-2.956576039510708243e-01
-2.956576039510708243e-01
-2.956576039510708243e-01
-2.956576039510708243e-01
-2.956576039510708243e-01
-2.956576039510708243e-01
-2.956576039510708243e-01
-2.956596367708049233e-01
-2.956618890328066573e-01
-2.956618890328066573e-01
-2.956618890328066573e-01
-2.956618890328066573e-01
-2.956618890328066573e-01
-2.956618890328066573e-01
-2.956618890328066573e-01
-2.956618890328066573e-01
-2.956618890328066573e-01
-2.956618890328066573e-01
-2.956618890328066573e-01
-2.956618890328066573e-01
-2.956618890328066573e-01
-2.956618890328066573e-01
-2.956618890328066573e-01
-2.956618890328066573e-01
-2.956618890328066573e-01
-2.956618890328066573e-01
-2.956618890328066573e-01
-2.956618890328066573e-01
-2.956618890328066573e-01
-2.956618890328066573e-01
-2.956618890328066573e-01
-2.956618890328066573e-01
-2.956618890328066573e-01
-2.956618890328066573e-01
-2.956618890328066573e-01
-2.956618890328066573e-01
-2.956618890328066573e-01
-2.956684097774200937e-01
-2.956684097774200937e-01
-2.956684097774200937e-01
-2.956684097774200937e-01
-2.956684097774200937e-01
-2.956684097774200937e-01
-2.956684097774200937e-01
-2.956684097774200937e-01
-2.956684097774200937e-01
-2.956684097774200937e-01
-2.956684097774200937e-01
-2.956684097774200937e-01
-2.956684097774200937e-01
-2.956684097774200937e-01
-2.956684097774200937e-01
-2.956684097774200937e-01
-2.956684097774200937e-01
-2.956684097774200937e-01
-2.956684097774200937e-01
-2.956684097774200937e-01
-2.956684097774200937e-01
-2.956684097774200937e-01
-2.956684097774200937e-01
-2.956684097774200937e-01
-2.956684097774200937e-01
-2.956695350955443335e-01
-2.956695350955443335e-01
-2.956695350955443335e-01
-2.956695350955443335e-01
-2.956695350955443335e-01
-2.956695350955443335e-01
-2.956695350955443335e-01
-2.956695350955443335e-01
-2.956695350955443335e-01
-2.956710964358056914e-01
-2.956710964358056914e-01
-2.956710964358056914e-01
-2.956710964358056914e-01
-2.956710964358056914e-01
-2.956710964358056914e-01
-2.956710964358056914e-01
-2.956710964358056914e-01
-2.956710964358056914e-01
-2.956710964358056914e-01
-2.956710964358056914e-01
-2.956710964358056914e-01
-2.956710964358056914e-01
-2.956710964358056914e-01
-2.956710964358056914e-01
-2.956710964358056914e-01
-2.956710964358056914e-01
-2.956710964358056914e-01
-2.956710964358056914e-01
-2.956710964358056914e-01
-2.956710964358056914e-01
-2.956710964358056914e-01
-2.956710964358056914e-01
-2.956710964358056914e-01
-2.956710964358056914e-01
-2.956710964358056914e-01
-2.956710964358056914e-01
-2.956710964358056914e-01
-2.956710964358056914e-01
-2.956713874302704381e-01
-2.956713874302704381e-01
-2.956713874302704381e-01
-2.956713874302704381e-01
-2.956713874302704381e-01
-2.956713874302704381e-01
-2.956713874302704381e-01
-2.956713874302704381e-01
-2.956713874302704381e-01
-2.956713874302704381e-01
-2.956713874302704381e-01
-2.956713874302704381e-01
-2.956713874302704381e-01
-2.956713874302704381e-01
-2.956713874302704381e-01
-2.956713874302704381e-01
-2.956713874302704381e-01
-2.956713874302704381e-01
-2.956713874302704381e-01
-2.956713874302704381e-01
-2.956713874302704381e-01
-2.956713874302704381e-01
-2.956713874302704381e-01
-2.956713874302704381e-01
-2.956713874302704381e-01
-2.956713874302704381e-01
-2.956713874302704381e-01
-2.956713874302704381e-01
-2.956713874302704381e-01
-2.956713874302704381e-01
-2.956713874302704381e-01
-2.956713874302704381e-01
-2.956713874302704381e-01
-2.956713874302704381e-01
-2.956713874302704381e-01
-2.956713874302704381e-01
-2.956713874302704381e-01
-2.956713874302704381e-01
-2.956713874302704381e-01
-2.956713874302704381e-01
-2.956713874302704381e-01
-2.956713874302704381e-01
-2.956713874302704381e-01
-2.956713874302704381e-01
-2.956713874302704381e-01
-2.956713874302704381e-01
-2.956713874302704381e-01
-2.956713874302704381e-01
-2.956713874302704381e-01
-2.956713874302704381e-01
-2.956713874302704381e-01
-2.956713874302704381e-01
-2.956713874302704381e-01
-2.956713874302704381e-01
-2.956714186136553124e-01
-2.956714186136553124e-01
-2.956714198449035824e-01
-2.956714198449035824e-01
-2.956714198449035824e-01
-2.956714198449035824e-01
-2.956714198449035824e-01
-2.956714198449035824e-01
-2.956715336935027971e-01
-2.956715336935027971e-01
-2.956715336935027971e-01
-2.956715336935027971e-01
-2.956715336935027971e-01
-2.956715336935027971e-01
-2.956715336935027971e-01
-2.956715336935027971e-01
-2.956716010765160774e-01
-2.956716010765160774e-01
-2.956716010765160774e-01
-2.956716010765160774e-01
-2.956716010765160774e-01
-2.956716010765160774e-01
-2.956716010765160774e-01
-2.956716010765160774e-01
-2.956716010765160774e-01
-2.956716010765160774e-01
-2.956716010765160774e-01
-2.956716010765160774e-01
-2.956716010765160774e-01
-2.956716010765160774e-01
-2.956716010765160774e-01
-2.956716010765160774e-01
-2.956716010765160774e-01
-2.956716010765160774e-01
-2.956716010765160774e-01
-2.956716010765160774e-01
-2.956716010765160774e-01
-2.956716010765160774e-01
-2.956716010765160774e-01
-2.956716010765160774e-01
-2.956716010765160774e-01
-2.956716010765160774e-01
-2.956716010765160774e-01
-2.956716010765160774e-01
-2.956716010765160774e-01
-2.956716168395057687e-01
-2.956716168395057687e-01
-2.956716168395057687e-01
-2.956716168395057687e-01
-2.956716168395057687e-01
-2.956716168395057687e-01
-2.956716168395057687e-01
-2.956716515914458721e-01
-2.956716515914458721e-01
-2.956716515914458721e-01
-2.956716515914458721e-01
-2.956716515914458721e-01
-2.956716515914458721e-01
-2.956716515914458721e-01
-2.956716515914458721e-01
-2.956716515914458721e-01
-2.956716515914458721e-01
-2.956716515914458721e-01
-2.956716629155199394e-01
-2.956716629155199394e-01
-2.956716629155199394e-01
-2.956716629155199394e-01
-2.956716629155199394e-01
-2.956716629155199394e-01
-2.956716629155199394e-01
-2.956716629155199394e-01
-2.956716629155199394e-01
-2.956716629155199394e-01
-2.956716629155199394e-01
-2.956716629155199394e-01
-2.956716629155199394e-01
-2.956716629155199394e-01
-2.956716629155199394e-01
-2.956716629155199394e-01
-2.956716629155199394e-01
-2.956716629155199394e-01
-2.956716629155199394e-01
-2.956716629155199394e-01
-2.956716629155199394e-01
-2.956716629155199394e-01
-2.956716629155199394e-01
-2.956716629155199394e-01
-2.956716629155199394e-01
-2.956716629155199394e-01
-2.956716629155199394e-01
-2.956716629155199394e-01
-2.956716629155199394e-01
-2.956716629155199394e-01
-2.956716774475878773e-01
-2.956716774475878773e-01
-2.956716774475878773e-01
-2.956716774475878773e-01
-2.956716774475878773e-01
-2.956716774475878773e-01
-2.956716774475878773e-01
-2.956716774475878773e-01
-2.956716774475878773e-01
-2.956716774475878773e-01
-2.956716774475878773e-01
-2.956716774475878773e-01
-2.956716774475878773e-01
-2.956716774475878773e-01
-2.956716906563580660e-01
-2.956716906563580660e-01
-2.956716906563580660e-01
-2.956716906563580660e-01
-2.956716906563580660e-01
-2.956716906563580660e-01
-2.956716906563580660e-01
-2.956716906563580660e-01
-2.956716923204568137e-01
-2.956716923204568137e-01
-2.956716923204568137e-01
-2.956716923204568137e-01
-2.956716923204568137e-01
-2.956716923204568137e-01
-2.956716923204568137e-01
-2.956716923204568137e-01
-2.956716923204568137e-01
-2.956716923204568137e-01
-2.956716923204568137e-01
-2.956716935210695341e-01
-2.956716935210695341e-01
-2.956716935210695341e-01
-2.956716935210695341e-01
-2.956716935210695341e-01
-2.956716935210695341e-01
-2.956716935210695341e-01
-2.956716935210695341e-01
-2.956716945567919863e-01
-2.956716945567919863e-01
-2.956716945567919863e-01
-2.956716945567919863e-01
-2.956716945567919863e-01
-2.956716945567919863e-01
-2.956716945567919863e-01
-2.956716945567919863e-01
-2.956716945567919863e-01
-2.956716964348176657e-01
-2.956716964348176657e-01
-2.956716964348176657e-01
-2.956716964348176657e-01
-2.956716964348176657e-01
-2.956716964348176657e-01
-2.956716964348176657e-01
-2.956716964348176657e-01
-2.956716964348176657e-01
-2.956716964348176657e-01
-2.956716964348176657e-01
-2.956716964348176657e-01
-2.956716964348176657e-01
-2.956716964348176657e-01
-2.956716964348176657e-01
-2.956716964348176657e-01
-2.956716964348176657e-01
-2.956716966687012449e-01
-2.956716966687012449e-01
-2.956716966687012449e-01
-2.956716966687012449e-01
-2.956716966687012449e-01
-2.956716966687012449e-01
-2.956716966687012449e-01
-2.956716966687012449e-01
-2.956716966687012449e-01
-2.956716966687012449e-01
-2.956716966687012449e-01
-2.956716966687012449e-01
-2.956716966687012449e-01
-2.956716966687012449e-01
-2.956716966687012449e-01
-2.956716966687012449e-01
-2.956716966687012449e-01
-2.956716966687012449e-01
-2.956716966687012449e-01
-2.956716966687012449e-01
-2.956716966687012449e-01
-2.956716966687012449e-01
-2.956716966687012449e-01
-2.956716991663195238e-01
-2.956716991663195238e-01
-2.956716991663195238e-01
-2.956716991663195238e-01
-2.956716991663195238e-01
-2.956716991663195238e-01
-2.956716991663195238e-01
-2.956716991663195238e-01
-2.956716991663195238e-01
-2.956716991663195238e-01
-2.956716991663195238e-01
-2.956716991663195238e-01
-2.956716991663195238e-01
-2.956716991663195238e-01
-2.956716991663195238e-01
-2.956716991663195238e-01
-2.956716991663195238e-01
-2.956716991663195238e-01
-2.956716991663195238e-01
-2.956716991663195238e-01
-2.956716991663195238e-01
-2.956716991663195238e-01
-2.956716991663195238e-01
-2.956716991663195238e-01
-2.956716991663195238e-01
-2.956716991663195238e-01
-2.956716991663195238e-01
-2.956716991663195238e-01
-2.956716991663195238e-01
-2.956716991663195238e-01
-2.956716991663195238e-01
-2.956716991663195238e-01
-2.956716991663195238e-01
-2.956716991663195238e-01
-2.956716991663195238e-01
-2.956716991663195238e-01
-2.956716991663195238e-01
-2.956716991663195238e-01
-2.956716991663195238e-01
-2.956716991663195238e-01
-2.956716991663195238e-01
-2.956716991663195238e-01
-2.956716991663195238e-01
-2.956716996953357435e-01
-2.956716996953357435e-01
-2.956716996953357435e-01
-2.956716996953357435e-01
-2.956716996953357435e-01
-2.956716996953357435e-01
-2.956716996953357435e-01
-2.956716996953357435e-01
-2.956716996953357435e-01
-2.956716996953357435e-01
-2.956716996953357435e-01
-2.956716996953357435e-01
-2.956716996953357435e-01
-2.956716996953357435e-01
-2.956716996953357435e-01
-2.956716996953357435e-01
-2.956716996953357435e-01
-2.956716996953357435e-01
-2.956716996953357435e-01
-2.956716996953357435e-01
-2.956716996953357435e-01
-2.956716996953357435e-01
-2.956716996953357435e-01
-2.956716996953357435e-01
-2.956716996953357435e-01
-2.956716996953357435e-01
-2.956716996953357435e-01
-2.956716996953357435e-01
-2.956716996953357435e-01
-2.956716996953357435e-01
-2.956716996953357435e-01
-2.956716996953357435e-01
-2.956716996953357435e-01
-2.956716996953357435e-01
-2.956716996953357435e-01
-2.956716996953357435e-01
-2.956716996953357435e-01
-2.956716996953357435e-01
-2.956716996953357435e-01
-2.956716996953357435e-01
-2.956716996953357435e-01
-2.956716996953357435e-01
-2.956716996953357435e-01
-2.956716996953357435e-01
-2.956716996953357435e-01
-2.956716996953357435e-01
-2.956716996953357435e-01
-2.956716996953357435e-01
-2.956716996953357435e-01
-2.956716996953357435e-01
-2.956716996953357435e-01
-2.956716996953357435e-01
-2.956716996953357435e-01
-2.956716996953357435e-01
-2.956716996953357435e-01
-2.956716996953357435e-01
-2.956716996953357435e-01
-2.956716996953357435e-01
-2.956716996953357435e-01
-2.956716996953357435e-01
-2.956716996953357435e-01
-2.956716996953357435e-01
-2.956716996953357435e-01
-2.956716996953357435e-01
-2.956716996953357435e-01
-2.956716996953357435e-01
-2.956716996953357435e-01
-2.956716996953357435e-01
-2.956716996953357435e-01
-2.956716996953357435e-01
-2.956716996953357435e-01
-2.956716996953357435e-01
-2.956716996953357435e-01
-2.956716996953357435e-01
-2.956716996953357435e-01
-2.956716996953357435e-01
-2.956716996953357435e-01
-2.956716996953357435e-01
-2.956716996953357435e-01
-2.956716996953357435e-01
-2.956716996953357435e-01
-2.956716996953357435e-01
-2.956716996953357435e-01
-2.956716996953357435e-01
-2.956716996953357435e-01
-2.956716996953357435e-01
-2.956716996953357435e-01
-2.956716996953357435e-01
-2.956716996953357435e-01
-2.956716996953357435e-01
-2.956716996953357435e-01
-2.956716996953357435e-01
-2.956716996953357435e-01
-2.956716996953357435e-01
-2.956716996953357435e-01
-2.956716996953357435e-01
-2.956716996953357435e-01
-2.956716996953357435e-01
-2.956716996953357435e-01
-2.956716996953357435e-01
-2.956716996953357435e-01
-2.956716996953357435e-01
-2.956716996953357435e-01
-2.956716996953357435e-01
-2.956716999176154381e-01
-2.956716999176154381e-01
-2.956716999176154381e-01
-2.956716999176154381e-01
-2.956716999900965703e-01
-2.956716999900965703e-01
-2.956716999900965703e-01
-2.956716999900965703e-01
-2.956716999900965703e-01
-2.956716999900965703e-01
-2.956716999900965703e-01
-2.956716999900965703e-01
-2.956716999900965703e-01
-2.956716999900965703e-01
-2.956716999900965703e-01
-2.956716999900965703e-01
-2.956716999900965703e-01
-2.956716999900965703e-01
-2.956716999900965703e-01
-2.956716999900965703e-01
-2.956716999900965703e-01
-2.956716999900965703e-01
-2.956716999900965703e-01
-2.956716999900965703e-01
-2.956716999900965703e-01
-2.956716999900965703e-01
-2.956716999900965703e-01
-2.956716999900965703e-01
-2.956716999900965703e-01
-2.956716999900965703e-01
-2.956716999900965703e-01
-2.956716999900965703e-01
-2.956716999900965703e-01
-2.956716999900965703e-01
-2.956716999900965703e-01
-2.956716999900965703e-01
-2.956716999900965703e-01
-2.956716999900965703e-01
-2.956716999900965703e-01
-2.956716999900965703e-01
-2.956716999900965703e-01
-2.956716999900965703e-01
-2.956716999900965703e-01
-2.956716999900965703e-01
-2.956716999900965703e-01
-2.956716999900965703e-01
-2.956716999900965703e-01
-2.956716999900965703e-01
-2.956716999900965703e-01
-2.956716999900965703e-01
-2.956716999900965703e-01
-2.956716999900965703e-01
-2.956716999900965703e-01
-2.956716999900965703e-01
-2.956717000496178471e-01
-2.956717000496178471e-01
-2.956717000496178471e-01
-2.956717000496178471e-01
-2.956717000496178471e-01
-2.956717000496178471e-01
-2.956717000496178471e-01
-2.956717000496178471e-01
-2.956717000496178471e-01
-2.956717000496178471e-01
-2.956717000496178471e-01
-2.956717000496178471e-01
-2.956717000496178471e-01
-2.956717000496178471e-01
-2.956717000496178471e-01
-2.956717000496178471e-01
-2.956717000496178471e-01
-2.956717000496178471e-01
-2.956717000496178471e-01
-2.956717000496178471e-01
-2.956717000496178471e-01
-2.956717000496178471e-01
-2.956717000496178471e-01
-2.956717000496178471e-01
-2.956717000496178471e-01
-2.956717000496178471e-01
-2.956717000496178471e-01
-2.956717000496178471e-01
-2.956717000496178471e-01
-2.956717000496178471e-01
-2.956717000496178471e-01
-2.956717000496178471e-01
-2.956717000496178471e-01
-2.956717000496178471e-01
-2.956717000496178471e-01
-2.956717000496178471e-01
-2.956717000496178471e-01
-2.956717000496178471e-01
-2.956717000496178471e-01
-2.956717000496178471e-01
-2.956717000496178471e-01
-2.956717000496178471e-01
-2.956717000496178471e-01
-2.956717000496178471e-01
-2.956717000496178471e-01
-2.956717000496178471e-01
-2.956717000496178471e-01
-2.956717000496178471e-01
-2.956717000496178471e-01
-2.956717000496178471e-01
-2.956717000496178471e-01
-2.956717000496178471e-01
-2.956717000496178471e-01
-2.956717000496178471e-01
-2.956717000496178471e-01
-2.956717000496178471e-01
-2.956717000496178471e-01
-2.956717000496178471e-01
-2.956717000591235212e-01
-2.956717000591235212e-01
-2.956717000591235212e-01
-2.956717000591235212e-01
-2.956717000591235212e-01
-2.956717000591235212e-01
-2.956717000591235212e-01
-2.956717000591235212e-01
-2.956717000591235212e-01
-2.956717000591235212e-01
-2.956717000591235212e-01
-2.956717000615508018e-01
-2.956717000615508018e-01
-2.956717000615508018e-01
-2.956717000642123949e-01
-2.956717000642123949e-01
-2.956717000642123949e-01
-2.956717000642123949e-01
-2.956717000642123949e-01
-2.956717000642123949e-01
-2.956717000642123949e-01
-2.956717000671794104e-01
-2.956717000671794104e-01
-2.956717000671794104e-01
-2.956717000671794104e-01
-2.956717000671794104e-01
-2.956717000671794104e-01
-2.956717000671794104e-01
-2.956717000671794104e-01
-2.956717000671794104e-01
-2.956717000671794104e-01
-2.956717000671794104e-01
-2.956717000671794104e-01
-2.956717000671794104e-01
-2.956717000671794104e-01
-2.956717000671794104e-01
-2.956717000671794104e-01
-2.956717000671794104e-01
-2.956717000671794104e-01
-2.956717000671794104e-01
-2.956717000704646159e-01
-2.956717000704646159e-01
-2.956717000704646159e-01
-2.956717000704646159e-01
-2.956717000704646159e-01
-2.956717000704646159e-01
-2.956717000704646159e-01
-2.956717000704646159e-01
-2.956717000704646159e-01
-2.956717000704646159e-01
-2.956717000704646159e-01
-2.956717000704646159e-01
-2.956717000704646159e-01
-2.956717000704646159e-01
-2.956717000704646159e-01
-2.956717000704646159e-01
-2.956717000704646159e-01
-2.956717000704646159e-01
-2.956717000704646159e-01
-2.956717000704646159e-01
-2.956717000704646159e-01
-2.956717000704646159e-01
-2.956717000704646159e-01
-2.956717000704646159e-01
-2.956717000704646159e-01
-2.956717000704646159e-01
-2.956717000704646159e-01
-2.956717000704646159e-01
-2.956717000704646159e-01
-2.956717000704646159e-01
-2.956717000704646159e-01
-2.956717000704646159e-01
-2.956717000704646159e-01
-2.956717000704646159e-01
-2.956717000704646159e-01
-2.956717000704646159e-01
-2.956717000704646159e-01
-2.956717000704646159e-01
-2.956717000704646159e-01
-2.956717000704646159e-01
-2.956717000704646159e-01
-2.956717000704646159e-01
-2.956717000704646159e-01
-2.956717000704646159e-01
-2.956717000704646159e-01
-2.956717000704646159e-01
-2.956717000704646159e-01
-2.956717000704646159e-01
-2.956717000704646159e-01
-2.956717000704646159e-01
-2.956717000704646159e-01
-2.956717000704646159e-01
-2.956717000704646159e-01
-2.956717000704646159e-01
-2.956717000704646159e-01
-2.956717000704646159e-01
-2.956717000704646159e-01
-2.956717000704646159e-01
-2.956717000704646159e-01
-2.956717000704646159e-01
-2.956717000704646159e-01
-2.956717000704646159e-01
-2.956717000704646159e-01
-2.956717000704646159e-01
-2.956717000704646159e-01
-2.956717000704646159e-01
-2.956717000704646159e-01
-2.956717000704646159e-01
-2.956717000704646159e-01
-2.956717000704646159e-01
-2.956717000704646159e-01
-2.956717000704646159e-01
-2.956717000704646159e-01
-2.956717000704646159e-01
-2.956717000704646159e-01
-2.956717000704646159e-01
-2.956717000704646159e-01
-2.956717000704646159e-01
-2.956717000704646159e-01
-2.956717000704646159e-01
-2.956717000704646159e-01
-2.956717000704646159e-01
-2.956717000704646159e-01
-2.956717000704646159e-01
-2.956717000704646159e-01
-2.956717000704646159e-01
-2.956717000704646159e-01
-2.956717000704646159e-01
-2.956717000704646159e-01
-2.956717000704646159e-01
-2.956717000704646159e-01
-2.956717000704646159e-01
-2.956717000704646159e-01
-2.956717000704646159e-01
-2.956717000704646159e-01
-2.956717000704646159e-01
-2.956717000704646159e-01
-2.956717000704646159e-01
-2.956717000704646159e-01
-2.956717000704646159e-01
-2.956717000704646159e-01
-2.956717000704646159e-01
-2.956717000704646159e-01
-2.956717000704646159e-01
-2.956717000704646159e-01
-2.956717000704646159e-01
-2.956717000704646159e-01
-2.956717000704646159e-01
-2.956717000704646159e-01
-2.956717000704646159e-01
-2.956717000707699272e-01
-2.956717000707699272e-01
-2.956717000707699272e-01
-2.956717000707699272e-01
-2.956717000707699272e-01
-2.956717000707699272e-01
-2.956717000707699272e-01
-2.956717000707699272e-01
-2.956717000707699272e-01
-2.956717000707699272e-01
-2.956717000707699272e-01
-2.956717000707699272e-01
-2.956717000707699272e-01
-2.956717000707699272e-01
-2.956717000707699272e-01
-2.956717000707699272e-01
-2.956717000707699272e-01
-2.956717000707699272e-01
-2.956717000707699272e-01
-2.956717000707699272e-01
-2.956717000707699272e-01
-2.956717000707699272e-01
-2.956717000707699272e-01
-2.956717000707699272e-01
-2.956717000707699272e-01
-2.956717000707699272e-01
-2.956717000707699272e-01
-2.956717000707699272e-01
-2.956717000707699272e-01
-2.956717000707699272e-01
-2.956717000707699272e-01
-2.956717000707699272e-01
-2.956717000719398802e-01
-2.956717000720591182e-01
-2.956717000720591182e-01
-2.956717000720591182e-01
-2.956717000720591182e-01
-2.956717000720591182e-01
-2.956717000720591182e-01
-2.956717000724438660e-01
-2.956717000724438660e-01
-2.956717000724438660e-01
-2.956717000724438660e-01
-2.956717000724438660e-01
-2.956717000724438660e-01
-2.956717000724438660e-01
-2.956717000724438660e-01
-2.956717000724438660e-01
-2.956717000724438660e-01
-2.956717000724438660e-01
-2.956717000724438660e-01
-2.956717000724438660e-01
-2.956717000724438660e-01
-2.956717000724438660e-01
-2.956717000724438660e-01
-2.956717000724438660e-01
-2.956717000727636102e-01
-2.956717000727636102e-01
-2.956717000727636102e-01
-2.956717000727636102e-01
-2.956717000727636102e-01
-2.956717000727636102e-01
-2.956717000727636102e-01
-2.956717000727636102e-01
-2.956717000727636102e-01
-2.956717000727636102e-01
-2.956717000728457112e-01
-2.956717000728457112e-01
-2.956717000728457112e-01
-2.956717000728457112e-01
-2.956717000728457112e-01
-2.956717000728457112e-01
-2.956717000728457112e-01
-2.956717000728457112e-01
-2.956717000728457112e-01
-2.956717000728457112e-01
-2.956717000728457112e-01
-2.956717000728457112e-01
-2.956717000728457112e-01
-2.956717000728457112e-01
-2.956717000728457112e-01
-2.956717000729242040e-01
-2.956717000729242040e-01
-2.956717000729242040e-01
-2.956717000729242040e-01
-2.956717000729242040e-01
-2.956717000729242040e-01
-2.956717000729242040e-01
-2.956717000729242040e-01
-2.956717000729242040e-01
-2.956717000729242040e-01
-2.956717000729242040e-01
-2.956717000729242040e-01
-2.956717000729242040e-01
-2.956717000729242040e-01
-2.956717000729242040e-01
-2.956717000729242040e-01
-2.956717000729242040e-01
-2.956717000729242040e-01
-2.956717000729242040e-01
-2.956717000729242040e-01
-2.956717000729242040e-01
-2.956717000729242040e-01
-2.956717000729242040e-01
-2.956717000729242040e-01
-2.956717000729242040e-01
-2.956717000729242040e-01
-2.956717000729242040e-01
-2.956717000729242040e-01
-2.956717000729242040e-01
-2.956717000729242040e-01
-2.956717000729242040e-01
-2.956717000729242040e-01
-2.956717000729242040e-01
-2.956717000729242040e-01
-2.956717000729242040e-01
-2.956717000729242040e-01
-2.956717000729242040e-01
-2.956717000729242040e-01
-2.956717000729242040e-01
-2.956717000729541800e-01
-2.956717000729541800e-01
-2.956717000729541800e-01
-2.956717000729541800e-01
-2.956717000729541800e-01
-2.956717000729541800e-01
-2.956717000729541800e-01
-2.956717000729541800e-01
-2.956717000729541800e-01
-2.956717000729541800e-01
-2.956717000729541800e-01
-2.956717000729541800e-01
-2.956717000729541800e-01
-2.956717000729541800e-01
-2.956717000729541800e-01
-2.956717000729541800e-01
-2.956717000729541800e-01
-2.956717000729541800e-01
-2.956717000729541800e-01
-2.956717000729541800e-01
-2.956717000729541800e-01
-2.956717000729541800e-01
-2.956717000729541800e-01
-2.956717000729541800e-01
-2.956717000729763845e-01
-2.956717000729763845e-01
-2.956717000729763845e-01
-2.956717000729763845e-01
-2.956717000729763845e-01
-2.956717000729763845e-01
-2.956717000729763845e-01
-2.956717000729763845e-01
-2.956717000729763845e-01
-2.956717000730428868e-01
-2.956717000731045597e-01
-2.956717000731045597e-01
-2.956717000731045597e-01
-2.956717000731045597e-01
-2.956717000731045597e-01
-2.956717000731045597e-01
-2.956717000731045597e-01
-2.956717000731045597e-01
-2.956717000731045597e-01
-2.956717000731045597e-01
-2.956717000731045597e-01
-2.956717000731045597e-01
-2.956717000731045597e-01
-2.956717000731045597e-01
-2.956717000731045597e-01
-2.956717000731045597e-01
-2.956717000731045597e-01
-2.956717000731045597e-01
-2.956717000731045597e-01
-2.956717000731045597e-01
-2.956717000731045597e-01
-2.956717000731045597e-01
-2.956717000731045597e-01
-2.956717000731045597e-01
-2.956717000731045597e-01
-2.956717000731045597e-01
-2.956717000731509115e-01
-2.956717000731509115e-01
-2.956717000731509115e-01
-2.956717000731509115e-01
-2.956717000731509115e-01
-2.956717000731509115e-01
-2.956717000731509115e-01
-2.956717000731549083e-01
-2.956717000731549083e-01
-2.956717000731549083e-01
-2.956717000731549083e-01
-2.956717000731549083e-01
-2.956717000731549083e-01
-2.956717000731549083e-01
-2.956717000731549083e-01
-2.956717000731549083e-01
-2.956717000731549083e-01
-2.956717000731549083e-01
-2.956717000731549083e-01
-2.956717000731549083e-01
-2.956717000731549083e-01
-2.956717000731549083e-01
-2.956717000731549083e-01
-2.956717000731549083e-01
-2.956717000731549083e-01
-2.956717000731549083e-01
-2.956717000731549083e-01
-2.956717000731549083e-01
-2.956717000731549083e-01
-2.956717000731549083e-01
-2.956717000731549083e-01
-2.956717000731549083e-01
-2.956717000731549083e-01
-2.956717000731549083e-01
-2.956717000731549083e-01
-2.956717000731549083e-01
-2.956717000731549083e-01
-2.956717000731549083e-01
-2.956717000731549083e-01
-2.956717000731549083e-01
-2.956717000731549083e-01
-2.956717000731549083e-01
-2.956717000731549083e-01
-2.956717000731549083e-01
-2.956717000731549083e-01
-2.956717000731549083e-01
-2.956717000731549083e-01
-2.956717000731549083e-01
-2.956717000731549083e-01
-2.956717000731549083e-01
-2.956717000731549083e-01
-2.956717000731549083e-01
-2.956717000731549083e-01
-2.956717000731549083e-01
-2.956717000731549083e-01
-2.956717000731549083e-01
-2.956717000731549083e-01
-2.956717000731549083e-01
-2.956717000731549083e-01
-2.956717000731549083e-01
-2.956717000731584610e-01
-2.956717000731584610e-01
-2.956717000731584610e-01
-2.956717000731584610e-01
-2.956717000731584610e-01
-2.956717000731584610e-01
-2.956717000731584610e-01
-2.956717000731584610e-01
-2.956717000731584610e-01
-2.956717000731584610e-01
-2.956717000731584610e-01
-2.956717000731584610e-01
-2.956717000731596268e-01
-2.956717000731596268e-01
-2.956717000731596268e-01
-2.956717000731596268e-01
-2.956717000731606815e-01
-2.956717000731606815e-01
-2.956717000731606815e-01
-2.956717000731606815e-01
-2.956717000731606815e-01
-2.956717000731606815e-01
-2.956717000731606815e-01
-2.956717000731606815e-01
-2.956717000731606815e-01
-2.956717000731630129e-01
-2.956717000731630129e-01
-2.956717000731630129e-01
-2.956717000731630129e-01
-2.956717000731630129e-01
-2.956717000731630129e-01
