-5.866985613083055412e-02
-1.362114703173550601e-01
-1.388419687095068800e-01
-1.388419687095068800e-01
-1.388419687095068800e-01
-1.388419687095068800e-01
-1.388419687095068800e-01
-1.388419687095068800e-01
-1.388419687095068800e-01
-1.699834670174975026e-01
-1.699834670174975026e-01
-1.699834670174975026e-01
-1.699834670174975026e-01
-1.699834670174975026e-01
-1.699834670174975026e-01
-1.699834670174975026e-01
-1.699834670174975026e-01
-1.699834670174975026e-01
-1.699834670174975026e-01
-1.699834670174975026e-01
-1.699834670174975026e-01
-1.699834670174975026e-01
-1.699834670174975026e-01
-1.699834670174975026e-01
-1.699834670174975026e-01
-1.699834670174975026e-01
-1.699834670174975026e-01
-1.699834670174975026e-01
-1.699834670174975026e-01
-1.699834670174975026e-01
-1.699834670174975026e-01
-1.699834670174975026e-01
-1.699834670174975026e-01
-1.699834670174975026e-01
-1.699834670174975026e-01
-1.699834670174975026e-01
-1.699834670174975026e-01
-1.699834670174975026e-01
-1.699834670174975026e-01
-1.943832701555968101e-01
-1.943832701555968101e-01
-1.943832701555968101e-01
-1.943832701555968101e-01
-1.943832701555968101e-01
-1.943832701555968101e-01
-1.943832701555968101e-01
-1.943832701555968101e-01
-1.943832701555968101e-01
-1.943832701555968101e-01
-2.443938618467386414e-01
-2.443938618467386414e-01
-2.443938618467386414e-01
-2.443938618467386414e-01
-2.443938618467386414e-01
-2.443938618467386414e-01
-2.443938618467386414e-01
-2.443938618467386414e-01
-2.443938618467386414e-01
-2.443938618467386414e-01
-2.443938618467386414e-01
-2.443938618467386414e-01
-2.443938618467386414e-01
-2.443938618467386414e-01
-2.443938618467386414e-01
-2.443938618467386414e-01
-2.443938618467386414e-01
-2.443938618467386414e-01
-2.443938618467386414e-01
-2.443938618467386414e-01
-2.443938618467386414e-01
-2.443938618467386414e-01
-2.443938618467386414e-01
-2.443938618467386414e-01
-2.443938618467386414e-01
-2.443938618467386414e-01
-2.443938618467386414e-01
-2.443938618467386414e-01
-2.443938618467386414e-01
-2.443938618467386414e-01
-2.443938618467386414e-01
-2.443938618467386414e-01
-2.443938618467386414e-01
-2.443938618467386414e-01
-2.443938618467386414e-01
-2.443938618467386414e-01
-2.443938618467386414e-01
-2.443938618467386414e-01
-2.443938618467386414e-01
-2.443938618467386414e-01
-2.443938618467386414e-01
-2.443938618467386414e-01
-2.443938618467386414e-01
-2.443938618467386414e-01
-2.443938618467386414e-01
-2.443938618467386414e-01
-2.443938618467386414e-01
-2.443938618467386414e-01
-2.443938618467386414e-01
-2.443938618467386414e-01
-2.443938618467386414e-01
-2.658430418198794443e-01
-2.658430418198794443e-01
-2.658430418198794443e-01
-2.658430418198794443e-01
-2.658430418198794443e-01
-2.658430418198794443e-01
-2.658430418198794443e-01
-2.658430418198794443e-01
-2.658430418198794443e-01
-2.658430418198794443e-01
-2.658430418198794443e-01
-2.658430418198794443e-01
-2.658430418198794443e-01
-2.658430418198794443e-01
-3.126900696132290380e-01
-3.126900696132290380e-01
-3.126900696132290380e-01
-3.126900696132290380e-01
-3.126900696132290380e-01
-3.126900696132290380e-01
-3.126900696132290380e-01
-3.126900696132290380e-01
-3.126900696132290380e-01
-3.126900696132290380e-01
-3.126900696132290380e-01
-3.126900696132290380e-01
-3.126900696132290380e-01
-3.126900696132290380e-01
-3.126900696132290380e-01
-3.126900696132290380e-01
-3.126900696132290380e-01
-3.126900696132290380e-01
-3.126900696132290380e-01
-3.126900696132290380e-01
-3.126900696132290380e-01
-3.126900696132290380e-01
-3.126900696132290380e-01
-3.126900696132290380e-01
-3.126900696132290380e-01
-3.126900696132290380e-01
-3.126900696132290380e-01
-3.126900696132290380e-01
-3.126900696132290380e-01
-3.126900696132290380e-01
-3.126900696132290380e-01
-3.126900696132290380e-01
-3.126900696132290380e-01
-3.126900696132290380e-01
-3.126900696132290380e-01
-3.126900696132290380e-01
-3.126900696132290380e-01
-3.126900696132290380e-01
-3.126900696132290380e-01
-3.126900696132290380e-01
-3.126900696132290380e-01
-3.126900696132290380e-01
-3.126900696132290380e-01
-3.126900696132290380e-01
-3.126900696132290380e-01
-3.126900696132290380e-01
-3.126900696132290380e-01
-3.126900696132290380e-01
-3.126900696132290380e-01
-3.126900696132290380e-01
-3.126900696132290380e-01
-3.126900696132290380e-01
-3.126900696132290380e-01
-3.126900696132290380e-01
-3.126900696132290380e-01
-3.126900696132290380e-01
-3.126900696132290380e-01
-3.126900696132290380e-01
-3.126900696132290380e-01
-3.126900696132290380e-01
-3.126900696132290380e-01
-3.126900696132290380e-01
-3.126900696132290380e-01
-3.126900696132290380e-01
-3.126900696132290380e-01
-3.126900696132290380e-01
-3.126900696132290380e-01
-3.126900696132290380e-01
-3.126900696132290380e-01
-3.126900696132290380e-01
-3.126900696132290380e-01
-3.126900696132290380e-01
-3.126900696132290380e-01
-3.126900696132290380e-01
-3.126900696132290380e-01
-3.126900696132290380e-01
-3.126900696132290380e-01
-3.126900696132290380e-01
-3.126900696132290380e-01
-3.126900696132290380e-01
-3.126900696132290380e-01
-3.126900696132290380e-01
-3.126900696132290380e-01
-3.126900696132290380e-01
-3.126900696132290380e-01
-3.126900696132290380e-01
-3.126900696132290380e-01
-3.126900696132290380e-01
-3.364279635102594423e-01
-3.364279635102594423e-01
-3.364279635102594423e-01
-3.364279635102594423e-01
-3.364279635102594423e-01
-3.364279635102594423e-01
-3.364279635102594423e-01
-3.364279635102594423e-01
-3.364279635102594423e-01
-3.364279635102594423e-01
-3.364279635102594423e-01
-3.364279635102594423e-01
-3.364279635102594423e-01
-3.364279635102594423e-01
-3.401228903986279750e-01
-3.401228903986279750e-01
-3.401228903986279750e-01
-3.401228903986279750e-01
-3.401228903986279750e-01
-3.401228903986279750e-01
-3.401228903986279750e-01
-3.401228903986279750e-01
-3.401228903986279750e-01
-3.401228903986279750e-01
-3.717301589520580762e-01
-3.717301589520580762e-01
-3.717301589520580762e-01
-3.736244238103219595e-01
-3.736244238103219595e-01
-3.736244238103219595e-01
-3.736244238103219595e-01
-3.736244238103219595e-01
-3.736244238103219595e-01
-3.736244238103219595e-01
-3.736244238103219595e-01
-3.736244238103219595e-01
-3.736244238103219595e-01
-3.736244238103219595e-01
-3.736244238103219595e-01
-3.736244238103219595e-01
-3.736244238103219595e-01
-3.736244238103219595e-01
-3.736244238103219595e-01
-3.736244238103219595e-01
-3.736244238103219595e-01
-3.736244238103219595e-01
-3.736244238103219595e-01
-3.736244238103219595e-01
-3.736244238103219595e-01
-3.736244238103219595e-01
-3.736244238103219595e-01
-3.736244238103219595e-01
-3.736244238103219595e-01
-3.736244238103219595e-01
-3.736244238103219595e-01
-3.736244238103219595e-01
-3.736244238103219595e-01
-3.736244238103219595e-01
-3.949930730532455470e-01
-3.949930730532455470e-01
-3.949930730532455470e-01
-3.949930730532455470e-01
-3.949930730532455470e-01
-3.949930730532455470e-01
-3.949930730532455470e-01
-3.949930730532455470e-01
-3.949930730532455470e-01
-3.949930730532455470e-01
-3.949930730532455470e-01
-3.949930730532455470e-01
-3.949930730532455470e-01
-3.949930730532455470e-01
-3.949930730532455470e-01
-4.117593072067591842e-01
-4.117593072067591842e-01
-4.117593072067591842e-01
-4.462379467441368042e-01
-4.462379467441368042e-01
-4.462379467441368042e-01
-4.462379467441368042e-01
-4.462379467441368042e-01
-4.462379467441368042e-01
-4.462379467441368042e-01
-4.462379467441368042e-01
-4.462379467441368042e-01
-4.462379467441368042e-01
-4.462379467441368042e-01
-4.462379467441368042e-01
-4.462379467441368042e-01
-4.462379467441368042e-01
-4.462379467441368042e-01
-4.462379467441368042e-01
-4.462379467441368042e-01
-4.462379467441368042e-01
-4.462379467441368042e-01
-4.462379467441368042e-01
-4.462379467441368042e-01
-4.462379467441368042e-01
-4.462379467441368042e-01
-4.462379467441368042e-01
-4.462379467441368042e-01
-4.462379467441368042e-01
-4.462379467441368042e-01
-4.462379467441368042e-01
-4.462379467441368042e-01
-4.462379467441368042e-01
-4.462379467441368042e-01
-4.462379467441368042e-01
-4.462379467441368042e-01
-4.462379467441368042e-01
-4.462379467441368042e-01
-4.462379467441368042e-01
-4.462379467441368042e-01
-4.462379467441368042e-01
-4.462379467441368042e-01
-4.462379467441368042e-01
-4.462379467441368042e-01
-4.462379467441368042e-01
-4.462379467441368042e-01
-4.462379467441368042e-01
-4.462379467441368042e-01
-4.462379467441368042e-01
-4.462379467441368042e-01
-4.462379467441368042e-01
-4.462379467441368042e-01
-4.462379467441368042e-01
-4.462379467441368042e-01
-4.462379467441368042e-01
-4.462379467441368042e-01
-4.462379467441368042e-01
-4.462379467441368042e-01
-4.462379467441368042e-01
-4.462379467441368042e-01
-4.462379467441368042e-01
-4.462379467441368042e-01
-4.462379467441368042e-01
-4.462379467441368042e-01
-4.462379467441368042e-01
-4.462379467441368042e-01
-4.462379467441368042e-01
-4.462379467441368042e-01
-4.462379467441368042e-01
-4.462379467441368042e-01
-4.462379467441368042e-01
-4.462379467441368042e-01
-4.462379467441368042e-01
-4.462379467441368042e-01
-4.462379467441368042e-01
-4.462379467441368042e-01
-4.462379467441368042e-01
-4.462379467441368042e-01
-4.462379467441368042e-01
-4.462379467441368042e-01
-4.462379467441368042e-01
-4.462379467441368042e-01
-4.462379467441368042e-01
-4.462379467441368042e-01
-4.462379467441368042e-01
-4.462379467441368042e-01
-4.462379467441368042e-01
-4.462379467441368042e-01
-4.462379467441368042e-01
-4.462379467441368042e-01
-4.462379467441368042e-01
-4.496287523199041236e-01
-4.496287523199041236e-01
-4.496287523199041236e-01
-4.496287523199041236e-01
-4.496287523199041236e-01
-4.496287523199041236e-01
-4.496287523199041236e-01
-4.496287523199041236e-01
-4.496287523199041236e-01
-4.496287523199041236e-01
-4.496287523199041236e-01
-4.496287523199041236e-01
-4.496287523199041236e-01
-4.496287523199041236e-01
-4.496287523199041236e-01
-4.496287523199041236e-01
-4.496287523199041236e-01
-4.496287523199041236e-01
-4.496287523199041236e-01
-4.496287523199041236e-01
-4.496287523199041236e-01
-4.496287523199041236e-01
-4.496287523199041236e-01
-4.496287523199041236e-01
-4.496287523199041236e-01
-4.496287523199041236e-01
-4.496287523199041236e-01
-4.496287523199041236e-01
-4.496287523199041236e-01
-4.517611589319141530e-01
-4.517611589319141530e-01
-4.517611589319141530e-01
-4.517611589319141530e-01
-4.517611589319141530e-01
-4.517611589319141530e-01
-4.517611589319141530e-01
-4.517611589319141530e-01
-4.517611589319141530e-01
-4.517611589319141530e-01
-4.517611589319141530e-01
-4.517611589319141530e-01
-4.517611589319141530e-01
-4.517611589319141530e-01
-4.517611589319141530e-01
-4.517611589319141530e-01
-4.517611589319141530e-01
-4.517611589319141530e-01
-4.517611589319141530e-01
-4.517611589319141530e-01
-4.517611589319141530e-01
-4.517611589319141530e-01
-4.517611589319141530e-01
-4.517611589319141530e-01
-4.517611589319141530e-01
-4.517611589319141530e-01
-4.517611589319141530e-01
-4.517611589319141530e-01
-4.517611589319141530e-01
-4.517611589319141530e-01
-4.517611589319141530e-01
-4.517611589319141530e-01
-4.517611589319141530e-01
-4.517611589319141530e-01
-4.517611589319141530e-01
-4.517611589319141530e-01
-4.517611589319141530e-01
-4.517611589319141530e-01
-4.517611589319141530e-01
-4.517611589319141530e-01
-4.517611589319141530e-01
-4.517611589319141530e-01
-4.517611589319141530e-01
-4.517611589319141530e-01
-4.517611589319141530e-01
-4.517611589319141530e-01
-4.517611589319141530e-01
-4.517611589319141530e-01
-4.517611589319141530e-01
-4.517611589319141530e-01
-4.517611589319141530e-01
-4.517611589319141530e-01
-4.517611589319141530e-01
-4.517611589319141530e-01
-4.517611589319141530e-01
-4.517611589319141530e-01
-4.517611589319141530e-01
-4.517611589319141530e-01
-4.517611589319141530e-01
-4.517611589319141530e-01
-4.517611589319141530e-01
-4.517611589319141530e-01
-4.517611589319141530e-01
-4.517611589319141530e-01
-4.517611589319141530e-01
-4.517611589319141530e-01
-4.517611589319141530e-01
-4.517611589319141530e-01
-4.517611589319141530e-01
-4.517611589319141530e-01
-4.517611589319141530e-01
-4.517611589319141530e-01
-4.517611589319141530e-01
-4.517611589319141530e-01
-4.517611589319141530e-01
-4.517611589319141530e-01
-4.517611589319141530e-01
-4.517611589319141530e-01
-4.517611589319141530e-01
-4.517611589319141530e-01
-4.517611589319141530e-01
-4.517611589319141530e-01
-4.517611589319141530e-01
-4.517611589319141530e-01
-4.517611589319141530e-01
-4.517611589319141530e-01
-4.517611589319141530e-01
-4.517611589319141530e-01
-4.517611589319141530e-01
-4.517611589319141530e-01
-4.517611589319141530e-01
-4.517611589319141530e-01
-4.517611589319141530e-01
-4.517611589319141530e-01
-4.517611589319141530e-01
-4.517611589319141530e-01
-4.517611589319141530e-01
-4.517611589319141530e-01
-4.517611589319141530e-01
-4.517611589319141530e-01
-4.517611589319141530e-01
-4.517611589319141530e-01
-4.517611589319141530e-01
-4.517611589319141530e-01
-4.517611589319141530e-01
-4.517611589319141530e-01
-4.519314307150127941e-01
-4.519314307150127941e-01
-4.519314307150127941e-01
-4.519314307150127941e-01
-4.519314307150127941e-01
-4.519314307150127941e-01
-4.519314307150127941e-01
-4.519314307150127941e-01
-4.519314307150127941e-01
-4.519314307150127941e-01
-4.519314307150127941e-01
-4.519314307150127941e-01
-4.519314307150127941e-01
-4.519314307150127941e-01
-4.519314307150127941e-01
-4.519314307150127941e-01
-4.519314307150127941e-01
-4.519314307150127941e-01
-4.519314307150127941e-01
-4.519314307150127941e-01
-4.519314307150127941e-01
-4.519314307150127941e-01
-4.519314307150127941e-01
-4.519314307150127941e-01
-4.519314307150127941e-01
-4.519314307150127941e-01
-4.519314307150127941e-01
-4.519314307150127941e-01
-4.519314307150127941e-01
-4.519314307150127941e-01
-4.519314307150127941e-01
-4.519314307150127941e-01
-4.519314307150127941e-01
-4.519314307150127941e-01
-4.519314307150127941e-01
-4.519314307150127941e-01
-4.519314307150127941e-01
-4.519314307150127941e-01
-4.519314307150127941e-01
-4.519314307150127941e-01
-4.519314307150127941e-01
-4.519314307150127941e-01
-4.519314307150127941e-01
-4.519314307150127941e-01
-4.519314307150127941e-01
-4.519314307150127941e-01
-4.519314307150127941e-01
-4.519314307150127941e-01
-4.519314307150127941e-01
-4.519314307150127941e-01
-4.519314307150127941e-01
-4.519314307150127941e-01
-4.519314307150127941e-01
-4.519314307150127941e-01
-4.519314307150127941e-01
-4.519314307150127941e-01
-4.519314307150127941e-01
-4.519314307150127941e-01
-4.519314307150127941e-01
-4.519314307150127941e-01
-4.519314307150127941e-01
-4.519314307150127941e-01
-4.519314307150127941e-01
-4.519314307150127941e-01
-4.519314307150127941e-01
-4.519314307150127941e-01
-4.519314307150127941e-01
-4.519314307150127941e-01
-4.519314307150127941e-01
-4.519314307150127941e-01
-4.519314307150127941e-01
-4.519352179771619626e-01
-4.519352179771619626e-01
-4.519352179771619626e-01
-4.519352179771619626e-01
-4.519352179771619626e-01
-4.519352179771619626e-01
-4.519352179771619626e-01
-4.519352179771619626e-01
-4.519352179771619626e-01
-4.519352179771619626e-01
-4.519352179771619626e-01
-4.519352179771619626e-01
-4.519352179771619626e-01
-4.519352179771619626e-01
-4.519352179771619626e-01
-4.519352179771619626e-01
-4.519352179771619626e-01
-4.519352179771619626e-01
-4.519352179771619626e-01
-4.519352179771619626e-01
-4.519352179771619626e-01
-4.519352179771619626e-01
-4.519352179771619626e-01
-4.519352179771619626e-01
-4.519352179771619626e-01
-4.519352179771619626e-01
-4.519352179771619626e-01
-4.519352179771619626e-01
-4.519352179771619626e-01
-4.519352179771619626e-01
-4.519352179771619626e-01
-4.519352179771619626e-01
-4.519352179771619626e-01
-4.519365655371181956e-01
-4.519365655371181956e-01
-4.519365655371181956e-01
-4.519365655371181956e-01
-4.519365655371181956e-01
-4.519365655371181956e-01
-4.519365655371181956e-01
-4.519365655371181956e-01
-4.519365655371181956e-01
-4.519365655371181956e-01
-4.519365655371181956e-01
-4.519365655371181956e-01
-4.519365655371181956e-01
-4.519365655371181956e-01
-4.519365655371181956e-01
-4.519365655371181956e-01
-4.519365655371181956e-01
-4.519365655371181956e-01
-4.519365655371181956e-01
-4.519365655371181956e-01
-4.519365655371181956e-01
-4.519365655371181956e-01
-4.519365655371181956e-01
-4.519365655371181956e-01
-4.519365655371181956e-01
-4.519365655371181956e-01
-4.519365655371181956e-01
-4.519365655371181956e-01
-4.519365655371181956e-01
-4.519365655371181956e-01
-4.519365655371181956e-01
-4.519365655371181956e-01
-4.519365655371181956e-01
-4.519365655371181956e-01
-4.519365655371181956e-01
-4.519365655371181956e-01
-4.519365655371181956e-01
-4.519365655371181956e-01
-4.519365655371181956e-01
-4.519365655371181956e-01
-4.519365655371181956e-01
-4.519365655371181956e-01
-4.519365655371181956e-01
-4.519365655371181956e-01
-4.519365655371181956e-01
-4.519365655371181956e-01
-4.519365655371181956e-01
-4.519365655371181956e-01
-4.519365655371181956e-01
-4.519365655371181956e-01
-4.519365655371181956e-01
-4.519365655371181956e-01
-4.519365655371181956e-01
-4.519365655371181956e-01
-4.519365655371181956e-01
-4.519365655371181956e-01
-4.519365655371181956e-01
-4.519365655371181956e-01
-4.519365655371181956e-01
-4.519365655371181956e-01
-4.519365655371181956e-01
-4.519365655371181956e-01
-4.519365655371181956e-01
-4.519365655371181956e-01
-4.519365655371181956e-01
-4.519365655371181956e-01
-4.519365655371181956e-01
-4.519365655371181956e-01
-4.519365655371181956e-01
-4.519365655371181956e-01
-4.519781014009073283e-01
-4.519781014009073283e-01
-4.519781014009073283e-01
-4.519781014009073283e-01
-4.519781014009073283e-01
-4.519781014009073283e-01
-4.519781014009073283e-01
-4.519781014009073283e-01
-4.519781014009073283e-01
-4.519928258432058255e-01
-4.519928258432058255e-01
-4.520147854448096636e-01
-4.520147854448096636e-01
-4.520147854448096636e-01
-4.520147854448096636e-01
-4.520147854448096636e-01
-4.520147854448096636e-01
-4.520147854448096636e-01
-4.520147854448096636e-01
-4.520147854448096636e-01
-4.520147854448096636e-01
-4.520147854448096636e-01
-4.520147854448096636e-01
-4.520147854448096636e-01
-4.520147854448096636e-01
-4.520147854448096636e-01
-4.520147854448096636e-01
-4.520147854448096636e-01
-4.520147854448096636e-01
-4.520147854448096636e-01
-4.520147854448096636e-01
-4.520147854448096636e-01
-4.520147854448096636e-01
-4.520147854448096636e-01
-4.520147854448096636e-01
-4.520147854448096636e-01
-4.520147854448096636e-01
-4.520147854448096636e-01
-4.520147854448096636e-01
-4.520147854448096636e-01
-4.520147854448096636e-01
-4.520147854448096636e-01
-4.520147854448096636e-01
-4.520147854448096636e-01
-4.520219872443624332e-01
-4.520219872443624332e-01
-4.520219872443624332e-01
-4.520219872443624332e-01
-4.520219872443624332e-01
-4.520219872443624332e-01
-4.520219872443624332e-01
-4.520219872443624332e-01
-4.520219872443624332e-01
-4.520219872443624332e-01
-4.520219872443624332e-01
-4.520219872443624332e-01
-4.520219872443624332e-01
-4.520219872443624332e-01
-4.520219872443624332e-01
-4.520219872443624332e-01
-4.520219872443624332e-01
-4.520339897319979872e-01
-4.520339897319979872e-01
-4.520339897319979872e-01
-4.520339897319979872e-01
-4.520339897319979872e-01
-4.520339897319979872e-01
-4.520339897319979872e-01
-4.520339897319979872e-01
-4.520339897319979872e-01
-4.520339897319979872e-01
-4.520339897319979872e-01
-4.520339897319979872e-01
-4.520339897319979872e-01
-4.520339897319979872e-01
-4.520339897319979872e-01
-4.520339897319979872e-01
-4.520339897319979872e-01
-4.520339897319979872e-01
-4.520339897319979872e-01
-4.520339897319979872e-01
-4.520339897319979872e-01
-4.520339897319979872e-01
-4.520339897319979872e-01
-4.520339897319979872e-01
-4.520339897319979872e-01
-4.520339897319979872e-01
-4.520339897319979872e-01
-4.520339897319979872e-01
-4.520339897319979872e-01
-4.520339897319979872e-01
-4.520339897319979872e-01
-4.520339897319979872e-01
-4.520339897319979872e-01
-4.520339897319979872e-01
-4.520339897319979872e-01
-4.520339897319979872e-01
-4.520339897319979872e-01
-4.520339897319979872e-01
-4.520339897319979872e-01
-4.520339897319979872e-01
-4.520339897319979872e-01
-4.520339897319979872e-01
-4.520339897319979872e-01
-4.520339897319979872e-01
-4.520339897319979872e-01
-4.520339897319979872e-01
-4.520339897319979872e-01
-4.520339897319979872e-01
-4.520339897319979872e-01
-4.520352612949415927e-01
-4.520352612949415927e-01
-4.520352612949415927e-01
-4.520352612949415927e-01
-4.520352612949415927e-01
-4.520352612949415927e-01
-4.520352612949415927e-01
-4.520352612949415927e-01
-4.520352612949415927e-01
-4.520352612949415927e-01
-4.520352612949415927e-01
-4.520352612949415927e-01
-4.520352612949415927e-01
-4.520352612949415927e-01
-4.520352612949415927e-01
-4.520352612949415927e-01
-4.520352612949415927e-01
-4.520352612949415927e-01
-4.520352612949415927e-01
-4.520352612949415927e-01
-4.520352612949415927e-01
-4.520352612949415927e-01
-4.520352612949415927e-01
-4.520352612949415927e-01
-4.520352612949415927e-01
-4.520352612949415927e-01
-4.520352612949415927e-01
-4.520352612949415927e-01
-4.520352612949415927e-01
-4.520352612949415927e-01
-4.520352612949415927e-01
-4.520352612949415927e-01
-4.520352612949415927e-01
-4.520352612949415927e-01
-4.520352612949415927e-01
-4.520352612949415927e-01
-4.520352612949415927e-01
-4.520352612949415927e-01
-4.520352612949415927e-01
-4.520352612949415927e-01
-4.520352612949415927e-01
-4.520352612949415927e-01
-4.520352612949415927e-01
-4.520352612949415927e-01
-4.520352612949415927e-01
-4.520357043687600607e-01
-4.520357043687600607e-01
-4.520357043687600607e-01
-4.520357043687600607e-01
-4.520357043687600607e-01
-4.520357043687600607e-01
-4.520357043687600607e-01
-4.520394951134867889e-01
-4.520394951134867889e-01
-4.520394951134867889e-01
-4.520394951134867889e-01
-4.520394951134867889e-01
-4.520394951134867889e-01
-4.520394951134867889e-01
-4.520394951134867889e-01
-4.520394951134867889e-01
-4.520394951134867889e-01
-4.520394951134867889e-01
-4.520394951134867889e-01
-4.520394951134867889e-01
-4.520408591145383959e-01
-4.520408591145383959e-01
-4.520408591145383959e-01
-4.520408591145383959e-01
-4.520408591145383959e-01
-4.520408591145383959e-01
-4.520408591145383959e-01
-4.520408591145383959e-01
-4.520408591145383959e-01
-4.520408591145383959e-01
-4.520408591145383959e-01
-4.520408591145383959e-01
-4.520408591145383959e-01
-4.520408591145383959e-01
-4.520408591145383959e-01
-4.520408591145383959e-01
-4.520408591145383959e-01
-4.520408591145383959e-01
-4.520408591145383959e-01
-4.520408591145383959e-01
-4.520408591145383959e-01
-4.520408591145383959e-01
-4.520408591145383959e-01
-4.520408591145383959e-01
-4.520408591145383959e-01
-4.520408591145383959e-01
-4.520408591145383959e-01
-4.520408591145383959e-01
-4.520408591145383959e-01
-4.520408591145383959e-01
-4.520408591145383959e-01
-4.520408591145383959e-01
-4.520408591145383959e-01
-4.520408591145383959e-01
-4.520408591145383959e-01
-4.520408591145383959e-01
-4.520408591145383959e-01
-4.520408591145383959e-01
-4.520409894518100935e-01
-4.520409894518100935e-01
-4.520409894518100935e-01
-4.520416678025335200e-01
-4.520416678025335200e-01
-4.520416678025335200e-01
-4.520416678025335200e-01
-4.520416678025335200e-01
-4.520416678025335200e-01
-4.520416678025335200e-01
-4.520416678025335200e-01
-4.520416678025335200e-01
-4.520416678025335200e-01
-4.520416678025335200e-01
-4.520416678025335200e-01
-4.520416678025335200e-01
-4.520416678025335200e-01
-4.520416678025335200e-01
-4.520416678025335200e-01
-4.520416678025335200e-01
-4.520422343574491131e-01
-4.520422343574491131e-01
-4.520422343574491131e-01
-4.520422343574491131e-01
-4.520422343574491131e-01
-4.520422343574491131e-01
-4.520422343574491131e-01
-4.520422343574491131e-01
-4.520422343574491131e-01
-4.520422343574491131e-01
-4.520422343574491131e-01
-4.520422343574491131e-01
-4.520422343574491131e-01
-4.520422343574491131e-01
-4.520422343574491131e-01
-4.520422343574491131e-01
-4.520422343574491131e-01
-4.520422343574491131e-01
-4.520422343574491131e-01
-4.520422343574491131e-01
-4.520422343574491131e-01
-4.520422343574491131e-01
-4.520422343574491131e-01
-4.520422343574491131e-01
-4.520422343574491131e-01
-4.520422343574491131e-01
-4.520435480138997875e-01
-4.520435480138997875e-01
-4.520435480138997875e-01
-4.520435480138997875e-01
-4.520435480138997875e-01
-4.520435480138997875e-01
-4.520435480138997875e-01
-4.520435480138997875e-01
-4.520435480138997875e-01
-4.520435480138997875e-01
-4.520435480138997875e-01
-4.520435480138997875e-01
-4.520435480138997875e-01
-4.520435480138997875e-01
-4.520435480138997875e-01
-4.520435480138997875e-01
-4.520435480138997875e-01
-4.520435480138997875e-01
-4.520435480138997875e-01
-4.520435480138997875e-01
-4.520435480138997875e-01
-4.520435480138997875e-01
-4.520435480138997875e-01
-4.520435480138997875e-01
-4.520435480138997875e-01
-4.520435480138997875e-01
-4.520435480138997875e-01
-4.520435480138997875e-01
-4.520435480138997875e-01
-4.520435480138997875e-01
-4.520435480138997875e-01
-4.520435480138997875e-01
-4.520435480138997875e-01
-4.520435480138997875e-01
-4.520435480138997875e-01
-4.520435480138997875e-01
-4.520435480138997875e-01
-4.520435480138997875e-01
-4.520435480138997875e-01
-4.520435480138997875e-01
-4.520435480138997875e-01
-4.520435480138997875e-01
-4.520435480138997875e-01
-4.520435480138997875e-01
-4.520435480138997875e-01
-4.520435480138997875e-01
-4.520435480138997875e-01
-4.520435480138997875e-01
-4.520435480138997875e-01
-4.520435480138997875e-01
-4.520435480138997875e-01
-4.520435480138997875e-01
-4.520435480138997875e-01
-4.520435480138997875e-01
-4.520435480138997875e-01
-4.520435480138997875e-01
-4.520435480138997875e-01
-4.520435480138997875e-01
-4.520435480138997875e-01
-4.520435480138997875e-01
-4.520435480138997875e-01
-4.520435480138997875e-01
-4.520435480138997875e-01
-4.520435480138997875e-01
-4.520435480138997875e-01
-4.520435480138997875e-01
-4.520435480138997875e-01
-4.520435480138997875e-01
-4.520435480138997875e-01
-4.520435480138997875e-01
-4.520435480138997875e-01
-4.520435480138997875e-01
-4.520435480138997875e-01
-4.520435480138997875e-01
-4.520435480138997875e-01
-4.520435480138997875e-01
-4.520435480138997875e-01
-4.520435480138997875e-01
-4.520435480138997875e-01
-4.520435480138997875e-01
-4.520435480138997875e-01
-4.520435480138997875e-01
-4.520435480138997875e-01
-4.520435480138997875e-01
-4.520435480138997875e-01
-4.520435480138997875e-01
-4.520435480138997875e-01
-4.520435480138997875e-01
-4.520435480138997875e-01
-4.520435480138997875e-01
-4.520435480138997875e-01
-4.520435480138997875e-01
-4.520435480138997875e-01
-4.520435480138997875e-01
-4.520435480138997875e-01
-4.520435480138997875e-01
-4.520435480138997875e-01
-4.520435480138997875e-01
-4.520435480138997875e-01
-4.520435480138997875e-01
-4.520435480138997875e-01
-4.520435480138997875e-01
-4.520435480138997875e-01
-4.520435480138997875e-01
-4.520435480138997875e-01
-4.520435480138997875e-01
-4.520435480138997875e-01
-4.520435480138997875e-01
-4.520435480138997875e-01
-4.520435480138997875e-01
-4.520435480138997875e-01
-4.520435480138997875e-01
-4.520435480138997875e-01
-4.520435480138997875e-01
-4.520435480138997875e-01
-4.520435480138997875e-01
-4.520435480138997875e-01
-4.520435480138997875e-01
-4.520435480138997875e-01
-4.520435480138997875e-01
-4.520435480138997875e-01
-4.520435480138997875e-01
-4.520435480138997875e-01
-4.520435480138997875e-01
-4.520435480138997875e-01
-4.520435480138997875e-01
-4.520435480138997875e-01
-4.520435480138997875e-01
-4.520435480138997875e-01
-4.520435480138997875e-01
-4.520435480138997875e-01
-4.520435480138997875e-01
-4.520435480138997875e-01
-4.520435480138997875e-01
-4.520435480138997875e-01
-4.520435480138997875e-01
-4.520435480138997875e-01
-4.520435480138997875e-01
-4.520435480138997875e-01
-4.520435480138997875e-01
-4.520435480138997875e-01
-4.520435480138997875e-01
-4.520435480138997875e-01
-4.520435480138997875e-01
-4.520435480138997875e-01
-4.520435480138997875e-01
-4.520435480138997875e-01
-4.520435480138997875e-01
-4.520435736677781979e-01
-4.520435736677781979e-01
-4.520435736677781979e-01
-4.520435736677781979e-01
-4.520435736677781979e-01
-4.520435736677781979e-01
-4.520435790270873611e-01
-4.520435790270873611e-01
-4.520435790270873611e-01
-4.520435790270873611e-01
-4.520435790270873611e-01
-4.520435790270873611e-01
-4.520435790270873611e-01
-4.520435790270873611e-01
-4.520435790270873611e-01
-4.520435790270873611e-01
-4.520435790270873611e-01
-4.520435790270873611e-01
-4.520435790270873611e-01
-4.520435790270873611e-01
-4.520435790270873611e-01
-4.520435790270873611e-01
-4.520435790270873611e-01
-4.520436382686972010e-01
-4.520436382686972010e-01
-4.520436382686972010e-01
-4.520436382686972010e-01
-4.520436382686972010e-01
-4.520436382686972010e-01
-4.520436382686972010e-01
-4.520436382686972010e-01
-4.520436382686972010e-01
-4.520436382686972010e-01
-4.520436382686972010e-01
-4.520436382686972010e-01
-4.520436382686972010e-01
-4.520436382686972010e-01
-4.520436382686972010e-01
-4.520436382686972010e-01
-4.520436382686972010e-01
-4.520436832286285900e-01
-4.520436832286285900e-01
-4.520436832286285900e-01
-4.520436832286285900e-01
-4.520436832286285900e-01
-4.520436832286285900e-01
-4.520436832286285900e-01
-4.520436832286285900e-01
-4.520436832286285900e-01
-4.520436832286285900e-01
-4.520436832286285900e-01
-4.520436832286285900e-01
-4.520436832286285900e-01
-4.520436832286285900e-01
-4.520436832286285900e-01
-4.520436832286285900e-01
-4.520436832286285900e-01
-4.520436832286285900e-01
-4.520436832286285900e-01
-4.520436832286285900e-01
-4.520436832286285900e-01
-4.520436832286285900e-01
-4.520436832286285900e-01
-4.520436832286285900e-01
-4.520436832286285900e-01
-4.520436832286285900e-01
-4.520436832286285900e-01
-4.520436832286285900e-01
-4.520436832286285900e-01
-4.520436832286285900e-01
-4.520436832286285900e-01
-4.520436832286285900e-01
-4.520436832286285900e-01
-4.520437116334035665e-01
-4.520437116334035665e-01
-4.520437138154159706e-01
-4.520437138154159706e-01
-4.520437138154159706e-01
-4.520437138154159706e-01
-4.520437138154159706e-01
-4.520437138154159706e-01
-4.520437138154159706e-01
-4.520437138154159706e-01
-4.520437138154159706e-01
-4.520437138154159706e-01
-4.520437138154159706e-01
-4.520437174268200353e-01
-4.520437174268200353e-01
-4.520437174268200353e-01
-4.520437174268200353e-01
-4.520437174268200353e-01
-4.520437174268200353e-01
-4.520437174268200353e-01
-4.520437174268200353e-01
-4.520437174268200353e-01
-4.520437174268200353e-01
-4.520437297169274671e-01
-4.520437297169274671e-01
-4.520437297169274671e-01
-4.520437297169274671e-01
-4.520437297169274671e-01
-4.520437297169274671e-01
-4.520437297169274671e-01
-4.520437297169274671e-01
-4.520437297169274671e-01
-4.520437297169274671e-01
-4.520437297169274671e-01
-4.520437297169274671e-01
-4.520437297169274671e-01
-4.520437297169274671e-01
-4.520437297169274671e-01
-4.520437297169274671e-01
-4.520437297169274671e-01
-4.520437297169274671e-01
-4.520437297169274671e-01
-4.520437297169274671e-01
-4.520437297169274671e-01
-4.520437297169274671e-01
-4.520437297169274671e-01
-4.520437297169274671e-01
-4.520437297169274671e-01
-4.520437297169274671e-01
-4.520437297169274671e-01
-4.520437297169274671e-01
-4.520437297169274671e-01
-4.520437297169274671e-01
-4.520437297169274671e-01
-4.520437297169274671e-01
-4.520437297169274671e-01
-4.520437297169274671e-01
-4.520437297169274671e-01
-4.520437297169274671e-01
-4.520437297169274671e-01
-4.520437297169274671e-01
-4.520437297169274671e-01
-4.520437297169274671e-01
-4.520437297169274671e-01
-4.520437297169274671e-01
-4.520437297169274671e-01
-4.520437297169274671e-01
-4.520437297169274671e-01
-4.520437297169274671e-01
-4.520437297169274671e-01
-4.520437297169274671e-01
-4.520437297169274671e-01
-4.520437297169274671e-01
-4.520437297169274671e-01
-4.520437297169274671e-01
-4.520437297169274671e-01
-4.520437297169274671e-01
-4.520437297169274671e-01
-4.520437297169274671e-01
-4.520437297169274671e-01
-4.520437297169274671e-01
-4.520437297169274671e-01
-4.520437297169274671e-01
-4.520437297169274671e-01
-4.520437297169274671e-01
-4.520437297169274671e-01
-4.520437297169274671e-01
-4.520437297169274671e-01
-4.520437297169274671e-01
-4.520437297169274671e-01
-4.520437297169274671e-01
-4.520437297169274671e-01
-4.520437297169274671e-01
-4.520437297169274671e-01
-4.520437297169274671e-01
-4.520437297169274671e-01
-4.520437297169274671e-01
-4.520437297169274671e-01
-4.520437297169274671e-01
-4.520437297169274671e-01
-4.520437297169274671e-01
-4.520437297169274671e-01
-4.520437297169274671e-01
-4.520437297169274671e-01
-4.520437297169274671e-01
-4.520437297169274671e-01
-4.520437297169274671e-01
-4.520437297169274671e-01
-4.520437297169274671e-01
-4.520437297169274671e-01
-4.520437297169274671e-01
-4.520437297169274671e-01
-4.520437297169274671e-01
-4.520437297169274671e-01
-4.520437297169274671e-01
-4.520437297169274671e-01
-4.520437297169274671e-01
-4.520437297169274671e-01
-4.520437297169274671e-01
-4.520437297169274671e-01
-4.520437297169274671e-01
-4.520437297169274671e-01
-4.520437297169274671e-01
-4.520437297169274671e-01
-4.520437297169274671e-01
-4.520437297169274671e-01
-4.520437297169274671e-01
-4.520437297169274671e-01
-4.520437297169274671e-01
-4.520437297169274671e-01
-4.520437297169274671e-01
-4.520437297169274671e-01
-4.520437297169274671e-01
-4.520437297169274671e-01
-4.520437297169274671e-01
-4.520437297169274671e-01
-4.520437297169274671e-01
-4.520437297169274671e-01
-4.520437297169274671e-01
-4.520437297169274671e-01
-4.520437297169274671e-01
-4.520437297169274671e-01
-4.520437297169274671e-01
-4.520437297169274671e-01
-4.520437297169274671e-01
-4.520437297169274671e-01
-4.520437297169274671e-01
-4.520437297169274671e-01
-4.520437297169274671e-01
-4.520437297169274671e-01
-4.520437297169274671e-01
-4.520437297169274671e-01
-4.520437297169274671e-01
-4.520437297169274671e-01
-4.520437297169274671e-01
-4.520437297169274671e-01
-4.520437297169274671e-01
-4.520437297169274671e-01
-4.520437297169274671e-01
-4.520437297169274671e-01
-4.520437297169274671e-01
-4.520437297169274671e-01
-4.520437297169274671e-01
-4.520437297169274671e-01
-4.520437297169274671e-01
-4.520437297169274671e-01
-4.520437297169274671e-01
-4.520437297169274671e-01
-4.520437297169274671e-01
-4.520437297169274671e-01
-4.520437297169274671e-01
-4.520437297169274671e-01
-4.520437297169274671e-01
-4.520437297169274671e-01
-4.520437297169274671e-01
-4.520437297169274671e-01
-4.520437297169274671e-01
-4.520437297169274671e-01
-4.520437297169274671e-01
-4.520437297169274671e-01
-4.520437297169274671e-01
-4.520437297169274671e-01
-4.520437297169274671e-01
-4.520437326288206381e-01
-4.520437326288206381e-01
-4.520437326288206381e-01
-4.520437326288206381e-01
-4.520437326288206381e-01
-4.520437326288206381e-01
-4.520437326288206381e-01
-4.520437326288206381e-01
-4.520437326288206381e-01
-4.520437326288206381e-01
-4.520437326288206381e-01
-4.520437326288206381e-01
-4.520437326288206381e-01
-4.520437326288206381e-01
-4.520437326288206381e-01
-4.520437326288206381e-01
-4.520437326288206381e-01
-4.520437326288206381e-01
-4.520437326288206381e-01
-4.520437326288206381e-01
-4.520437326288206381e-01
-4.520437326288206381e-01
-4.520437326288206381e-01
-4.520437326288206381e-01
-4.520437326288206381e-01
-4.520437326288206381e-01
-4.520437326288206381e-01
-4.520437326288206381e-01
-4.520437326288206381e-01
-4.520437326288206381e-01
-4.520437326288206381e-01
-4.520437326288206381e-01
-4.520437326288206381e-01
-4.520437326288206381e-01
-4.520437326288206381e-01
-4.520437326288206381e-01
-4.520437326288206381e-01
-4.520437326288206381e-01
-4.520437326288206381e-01
-4.520437326288206381e-01
-4.520437326288206381e-01
-4.520437326288206381e-01
-4.520437326288206381e-01
-4.520437326288206381e-01
-4.520437326288206381e-01
-4.520437326288206381e-01
-4.520437326288206381e-01
-4.520437326288206381e-01
-4.520437326288206381e-01
-4.520437326288206381e-01
-4.520437326288206381e-01
-4.520437326288206381e-01
-4.520437326288206381e-01
-4.520437326288206381e-01
-4.520437326288206381e-01
-4.520437326288206381e-01
-4.520437326288206381e-01
-4.520437326288206381e-01
-4.520437326288206381e-01
-4.520437326288206381e-01
-4.520437326288206381e-01
-4.520437326288206381e-01
-4.520437326288206381e-01
-4.520437326288206381e-01
-4.520437326288206381e-01
-4.520437326288206381e-01
-4.520437326288206381e-01
-4.520437326288206381e-01
-4.520437326288206381e-01
-4.520437326288206381e-01
-4.520437326288206381e-01
-4.520437326288206381e-01
-4.520437326288206381e-01
-4.520437326288206381e-01
-4.520437326288206381e-01
-4.520437326288206381e-01
-4.520437326288206381e-01
-4.520437326288206381e-01
-4.520437326288206381e-01
-4.520437326288206381e-01
-4.520437326288206381e-01
-4.520437326288206381e-01
-4.520437326288206381e-01
-4.520437326288206381e-01
-4.520437326288206381e-01
-4.520437326288206381e-01
-4.520437326288206381e-01
-4.520437326288206381e-01
-4.520437326288206381e-01
-4.520437326288206381e-01
-4.520437326288206381e-01
-4.520437326288206381e-01
-4.520437326288206381e-01
-4.520437326288206381e-01
-4.520437326288206381e-01
-4.520437326288206381e-01
-4.520437326288206381e-01
-4.520437329771349044e-01
-4.520437329771349044e-01
-4.520437329771349044e-01
-4.520437329771349044e-01
-4.520437329771349044e-01
-4.520437329771349044e-01
-4.520437329771349044e-01
-4.520437329771349044e-01
-4.520437329771349044e-01
-4.520437329771349044e-01
-4.520437329771349044e-01
-4.520437329771349044e-01
-4.520437329771349044e-01
-4.520437329771349044e-01
-4.520437329771349044e-01
-4.520437329771349044e-01
-4.520437329771349044e-01
-4.520437329771349044e-01
-4.520437329771349044e-01
-4.520437329771349044e-01
-4.520437329771349044e-01
-4.520437329808899007e-01
-4.520437329808899007e-01
-4.520437329808899007e-01
-4.520437329808899007e-01
-4.520437329808899007e-01
-4.520437329808899007e-01
-4.520437329808899007e-01
-4.520437329808899007e-01
-4.520437329808899007e-01
-4.520437329808899007e-01
-4.520437329808899007e-01
-4.520437330344982407e-01
-4.520437330344982407e-01
-4.520437330626707051e-01
-4.520437330626707051e-01
-4.520437334362419901e-01
-4.520437334362419901e-01
-4.520437334362419901e-01
-4.520437334362419901e-01
-4.520437334362419901e-01
-4.520437334362419901e-01
-4.520437334362419901e-01
-4.520437334362419901e-01
-4.520437334362419901e-01
-4.520437334362419901e-01
-4.520437334362419901e-01
-4.520437334362419901e-01
-4.520437334362419901e-01
-4.520437334362419901e-01
-4.520437334362419901e-01
-4.520437334362419901e-01
-4.520437334362419901e-01
-4.520437334362419901e-01
-4.520437335239084198e-01
-4.520437335239084198e-01
-4.520437335239084198e-01
-4.520437335239084198e-01
-4.520437335239084198e-01
-4.520437335239084198e-01
-4.520437335239084198e-01
-4.520437335239084198e-01
-4.520437335239084198e-01
-4.520437335239084198e-01
-4.520437335239084198e-01
-4.520437335239084198e-01
-4.520437335239084198e-01
-4.520437335239084198e-01
-4.520437335239084198e-01
-4.520437335239084198e-01
-4.520437335239084198e-01
-4.520437335239084198e-01
-4.520437335239084198e-01
-4.520437335239084198e-01
-4.520437335239084198e-01
-4.520437335239084198e-01
-4.520437335239084198e-01
-4.520437335239084198e-01
-4.520437335239084198e-01
-4.520437335239084198e-01
-4.520437335239084198e-01
-4.520437335239084198e-01
-4.520437335239084198e-01
-4.520437335239084198e-01
-4.520437335239084198e-01
-4.520437335239084198e-01
-4.520437335239084198e-01
-4.520437335239084198e-01
-4.520437335239084198e-01
-4.520437335239084198e-01
-4.520437335239084198e-01
-4.520437335239084198e-01
-4.520437335239084198e-01
-4.520437335239084198e-01
-4.520437335239084198e-01
-4.520437335239084198e-01
-4.520437335239084198e-01
-4.520437335239084198e-01
-4.520437335239084198e-01
-4.520437335239084198e-01
-4.520437335239084198e-01
-4.520437335239084198e-01
-4.520437335239084198e-01
-4.520437335239084198e-01
-4.520437335239084198e-01
-4.520437335239084198e-01
-4.520437335239084198e-01
-4.520437335239084198e-01
-4.520437335239084198e-01
-4.520437335239084198e-01
-4.520437335239084198e-01
-4.520437335239084198e-01
-4.520437335239084198e-01
-4.520437335239084198e-01
-4.520437335239084198e-01
-4.520437335239084198e-01
-4.520437335239084198e-01
-4.520437335239084198e-01
-4.520437335239084198e-01
-4.520437335239084198e-01
-4.520437335239084198e-01
-4.520437335239084198e-01
-4.520437335239084198e-01
-4.520437335239084198e-01
-4.520437335628152420e-01
-4.520437335628152420e-01
-4.520437335628152420e-01
-4.520437335628152420e-01
-4.520437335628152420e-01
-4.520437335628152420e-01
-4.520437335628152420e-01
-4.520437335628152420e-01
-4.520437335628152420e-01
-4.520437335628152420e-01
-4.520437335628152420e-01
-4.520437335628152420e-01
-4.520437335628152420e-01
-4.520437335628152420e-01
-4.520437335628152420e-01
-4.520437335628152420e-01
-4.520437335628152420e-01
-4.520437335628152420e-01
-4.520437335628152420e-01
-4.520437335628152420e-01
-4.520437335628152420e-01
-4.520437335628152420e-01
-4.520437335628152420e-01
-4.520437335628152420e-01
-4.520437335628152420e-01
-4.520437335628152420e-01
-4.520437335628152420e-01
-4.520437335628152420e-01
-4.520437335628152420e-01
-4.520437335628152420e-01
-4.520437335628152420e-01
-4.520437335845877147e-01
-4.520437335845877147e-01
-4.520437335845877147e-01
-4.520437335845877147e-01
-4.520437335845877147e-01
-4.520437335845877147e-01
-4.520437335845877147e-01
-4.520437335845877147e-01
-4.520437335845877147e-01
-4.520437335845877147e-01
-4.520437335845877147e-01
-4.520437335845877147e-01
-4.520437335845877147e-01
-4.520437335845877147e-01
-4.520437335845877147e-01
-4.520437335845877147e-01
-4.520437335845877147e-01
-4.520437335845877147e-01
-4.520437335845877147e-01
-4.520437335845877147e-01
-4.520437335845877147e-01
-4.520437335845877147e-01
-4.520437335845877147e-01
-4.520437335845877147e-01
-4.520437335845877147e-01
-4.520437335845877147e-01
