-6.783557615327058532e-02
-1.194978416708831204e-01
-1.194978416708831204e-01
-1.194978416708831204e-01
-1.257716413886292295e-01
-1.350384204697631096e-01
-1.448496795904830881e-01
-1.448496795904830881e-01
-1.448496795904830881e-01
-1.448496795904830881e-01
-1.724965098553803144e-01
-1.724965098553803144e-01
-1.724965098553803144e-01
-1.724965098553803144e-01
-1.724965098553803144e-01
-1.724965098553803144e-01
-1.724965098553803144e-01
-1.724965098553803144e-01
-1.724965098553803144e-01
-1.724965098553803144e-01
-1.724965098553803144e-01
-1.724965098553803144e-01
-1.724965098553803144e-01
-1.724965098553803144e-01
-1.724965098553803144e-01
-1.724965098553803144e-01
-1.724965098553803144e-01
-1.724965098553803144e-01
-1.724965098553803144e-01
-1.724965098553803144e-01
-1.724965098553803144e-01
-1.724965098553803144e-01
-1.724965098553803144e-01
-1.724965098553803144e-01
-2.080452704084586879e-01
-2.080452704084586879e-01
-2.080452704084586879e-01
-2.080452704084586879e-01
-2.080452704084586879e-01
-2.080452704084586879e-01
-2.080452704084586879e-01
-2.080452704084586879e-01
-2.080452704084586879e-01
-2.080452704084586879e-01
-2.080452704084586879e-01
-2.080452704084586879e-01
-2.080452704084586879e-01
-2.080452704084586879e-01
-2.080452704084586879e-01
-2.080452704084586879e-01
-2.080452704084586879e-01
-2.080452704084586879e-01
-2.080452704084586879e-01
-2.080452704084586879e-01
-2.080452704084586879e-01
-2.080452704084586879e-01
-2.080452704084586879e-01
-2.080452704084586879e-01
-2.080452704084586879e-01
-2.080452704084586879e-01
-2.080452704084586879e-01
-2.080452704084586879e-01
-2.080452704084586879e-01
-2.080452704084586879e-01
-2.168037066956733927e-01
-2.168037066956733927e-01
-2.168037066956733927e-01
-2.168037066956733927e-01
-2.168037066956733927e-01
-2.168037066956733927e-01
-2.168037066956733927e-01
-2.168037066956733927e-01
-2.168037066956733927e-01
-2.168037066956733927e-01
-2.168037066956733927e-01
-2.168037066956733927e-01
-2.228385449998652179e-01
-2.228385449998652179e-01
-2.228385449998652179e-01
-2.228385449998652179e-01
-2.228385449998652179e-01
-2.228385449998652179e-01
-2.228385449998652179e-01
-2.228385449998652179e-01
-2.228385449998652179e-01
-2.228385449998652179e-01
-2.228385449998652179e-01
-2.228385449998652179e-01
-2.228385449998652179e-01
-2.228385449998652179e-01
-2.228385449998652179e-01
-2.228385449998652179e-01
-2.228385449998652179e-01
-2.228385449998652179e-01
-2.228385449998652179e-01
-2.228385449998652179e-01
-2.228385449998652179e-01
-2.228385449998652179e-01
-2.228385449998652179e-01
-2.228385449998652179e-01
-2.228385449998652179e-01
-2.228385449998652179e-01
-2.228385449998652179e-01
-2.228385449998652179e-01
-2.228385449998652179e-01
-2.228385449998652179e-01
-2.228385449998652179e-01
-2.228385449998652179e-01
-2.228385449998652179e-01
-2.228385449998652179e-01
-2.228385449998652179e-01
-2.228385449998652179e-01
-2.228385449998652179e-01
-2.228385449998652179e-01
-2.228385449998652179e-01
-2.228385449998652179e-01
-2.228385449998652179e-01
-2.228385449998652179e-01
-2.228385449998652179e-01
-2.228385449998652179e-01
-2.228385449998652179e-01
-2.228385449998652179e-01
-2.228385449998652179e-01
-2.228385449998652179e-01
-2.228385449998652179e-01
-2.228385449998652179e-01
-2.228385449998652179e-01
-2.228385449998652179e-01
-2.228385449998652179e-01
-2.228385449998652179e-01
-2.228385449998652179e-01
-2.228385449998652179e-01
-2.228385449998652179e-01
-2.228385449998652179e-01
-2.228385449998652179e-01
-2.228385449998652179e-01
-2.228385449998652179e-01
-2.228385449998652179e-01
-2.330757872711544110e-01
-2.330757872711544110e-01
-2.330757872711544110e-01
-2.330757872711544110e-01
-2.330757872711544110e-01
-2.330757872711544110e-01
-2.330757872711544110e-01
-2.330757872711544110e-01
-2.330757872711544110e-01
-2.330757872711544110e-01
-2.330757872711544110e-01
-2.330757872711544110e-01
-2.330757872711544110e-01
-2.330757872711544110e-01
-2.330757872711544110e-01
-2.330757872711544110e-01
-2.330757872711544110e-01
-2.330757872711544110e-01
-2.330757872711544110e-01
-2.330757872711544110e-01
-2.330757872711544110e-01
-2.330757872711544110e-01
-2.330757872711544110e-01
-2.330757872711544110e-01
-2.330757872711544110e-01
-2.330757872711544110e-01
-2.330757872711544110e-01
-2.330757872711544110e-01
-2.330757872711544110e-01
-2.330757872711544110e-01
-2.330757872711544110e-01
-2.330757872711544110e-01
-2.330757872711544110e-01
-2.330757872711544110e-01
-2.330757872711544110e-01
-2.330757872711544110e-01
-2.330757872711544110e-01
-2.330757872711544110e-01
-2.330757872711544110e-01
-2.330757872711544110e-01
-2.330757872711544110e-01
-2.330757872711544110e-01
-2.330757872711544110e-01
-2.330757872711544110e-01
-2.330757872711544110e-01
-2.330757872711544110e-01
-2.330757872711544110e-01
-2.330757872711544110e-01
-2.330757872711544110e-01
-2.330757872711544110e-01
-2.330757872711544110e-01
-2.330757872711544110e-01
-2.330757872711544110e-01
-2.330757872711544110e-01
-2.343151502481271020e-01
-2.343151502481271020e-01
-2.343151502481271020e-01
-2.343151502481271020e-01
-2.343151502481271020e-01
-2.343151502481271020e-01
-2.343151502481271020e-01
-2.343151502481271020e-01
-2.343151502481271020e-01
-2.343151502481271020e-01
-2.343151502481271020e-01
-2.343151502481271020e-01
-2.343151502481271020e-01
-2.343151502481271020e-01
-2.343151502481271020e-01
-2.343151502481271020e-01
-2.343151502481271020e-01
-2.343151502481271020e-01
-2.343151502481271020e-01
-2.343151502481271020e-01
-2.343151502481271020e-01
-2.343151502481271020e-01
-2.343151502481271020e-01
-2.343151502481271020e-01
-2.343151502481271020e-01
-2.343151502481271020e-01
-2.343151502481271020e-01
-2.343151502481271020e-01
-2.343151502481271020e-01
-2.343151502481271020e-01
-2.343151502481271020e-01
-2.343151502481271020e-01
-2.343151502481271020e-01
-2.343151502481271020e-01
-2.343151502481271020e-01
-2.343151502481271020e-01
-2.343151502481271020e-01
-2.343151502481271020e-01
-2.343151502481271020e-01
-2.343151502481271020e-01
-2.343151502481271020e-01
-2.343151502481271020e-01
-2.343151502481271020e-01
-2.395314756630985975e-01
-2.395314756630985975e-01
-2.395314756630985975e-01
-2.395314756630985975e-01
-2.395314756630985975e-01
-2.395314756630985975e-01
-2.395314756630985975e-01
-2.395314756630985975e-01
-2.395314756630985975e-01
-2.395314756630985975e-01
-2.488932827495717592e-01
-2.488932827495717592e-01
-2.488932827495717592e-01
-2.488932827495717592e-01
-2.488932827495717592e-01
-2.488932827495717592e-01
-2.488932827495717592e-01
-2.488932827495717592e-01
-2.488932827495717592e-01
-2.488932827495717592e-01
-2.488932827495717592e-01
-2.488932827495717592e-01
-2.488932827495717592e-01
-2.488932827495717592e-01
-2.488932827495717592e-01
-2.488932827495717592e-01
-2.488932827495717592e-01
-2.488932827495717592e-01
-2.488932827495717592e-01
-2.488932827495717592e-01
-2.488932827495717592e-01
-2.488932827495717592e-01
-2.488932827495717592e-01
-2.488932827495717592e-01
-2.488932827495717592e-01
-2.488932827495717592e-01
-2.488932827495717592e-01
-2.488932827495717592e-01
-2.488932827495717592e-01
-2.488932827495717592e-01
-2.488932827495717592e-01
-2.488932827495717592e-01
-2.488932827495717592e-01
-2.488932827495717592e-01
-2.488932827495717592e-01
-2.488932827495717592e-01
-2.488932827495717592e-01
-2.488932827495717592e-01
-2.488932827495717592e-01
-2.488932827495717592e-01
-2.488932827495717592e-01
-2.488932827495717592e-01
-2.488932827495717592e-01
-2.488932827495717592e-01
-2.488932827495717592e-01
-2.488932827495717592e-01
-2.488932827495717592e-01
-2.488932827495717592e-01
-2.488932827495717592e-01
-2.488932827495717592e-01
-2.488932827495717592e-01
-2.488932827495717592e-01
-2.488932827495717592e-01
-2.488932827495717592e-01
-2.488932827495717592e-01
-2.488932827495717592e-01
-2.488932827495717592e-01
-2.613638767291779907e-01
-2.613638767291779907e-01
-2.613638767291779907e-01
-2.613638767291779907e-01
-2.613638767291779907e-01
-2.613638767291779907e-01
-2.613638767291779907e-01
-2.613638767291779907e-01
-2.613638767291779907e-01
-2.613638767291779907e-01
-2.613638767291779907e-01
-2.613638767291779907e-01
-2.613638767291779907e-01
-2.613638767291779907e-01
-2.613638767291779907e-01
-2.613638767291779907e-01
-2.613638767291779907e-01
-2.613638767291779907e-01
-2.613638767291779907e-01
-2.613638767291779907e-01
-2.613638767291779907e-01
-2.613638767291779907e-01
-2.613638767291779907e-01
-2.613638767291779907e-01
-2.613638767291779907e-01
-2.613638767291779907e-01
-2.613638767291779907e-01
-2.613638767291779907e-01
-2.613638767291779907e-01
-2.613638767291779907e-01
-2.613638767291779907e-01
-2.613638767291779907e-01
-2.613638767291779907e-01
-2.613638767291779907e-01
-2.613638767291779907e-01
-2.613638767291779907e-01
-2.613638767291779907e-01
-2.613638767291779907e-01
-2.613638767291779907e-01
-2.613638767291779907e-01
-2.613638767291779907e-01
-2.613638767291779907e-01
-2.613638767291779907e-01
-2.613638767291779907e-01
-2.613638767291779907e-01
-2.613638767291779907e-01
-2.613638767291779907e-01
-2.613638767291779907e-01
-2.613638767291779907e-01
-2.613638767291779907e-01
-2.613638767291779907e-01
-2.613638767291779907e-01
-2.613638767291779907e-01
-2.613638767291779907e-01
-2.613638767291779907e-01
-2.613638767291779907e-01
-2.613638767291779907e-01
-2.613638767291779907e-01
-2.613638767291779907e-01
-2.613638767291779907e-01
-2.613638767291779907e-01
-2.613638767291779907e-01
-2.613638767291779907e-01
-2.613638767291779907e-01
-2.613638767291779907e-01
-2.613638767291779907e-01
-2.613638767291779907e-01
-2.613638767291779907e-01
-2.613638767291779907e-01
-2.613638767291779907e-01
-2.613638767291779907e-01
-2.613638767291779907e-01
-2.613638767291779907e-01
-2.613638767291779907e-01
-2.613638767291779907e-01
-2.613638767291779907e-01
-2.613638767291779907e-01
-2.613638767291779907e-01
-2.613638767291779907e-01
-2.613638767291779907e-01
-2.613638767291779907e-01
-2.613638767291779907e-01
-2.613638767291779907e-01
-2.613638767291779907e-01
-2.613638767291779907e-01
-2.613638767291779907e-01
-2.613638767291779907e-01
-2.613638767291779907e-01
-2.613638767291779907e-01
-2.613638767291779907e-01
-2.613638767291779907e-01
-2.613638767291779907e-01
-2.613638767291779907e-01
-2.613638767291779907e-01
-2.613638767291779907e-01
-2.613638767291779907e-01
-2.613638767291779907e-01
-2.613638767291779907e-01
-2.613638767291779907e-01
-2.613638767291779907e-01
-2.613638767291779907e-01
-2.613638767291779907e-01
-2.613638767291779907e-01
-2.613638767291779907e-01
-2.613638767291779907e-01
-2.613638767291779907e-01
-2.613638767291779907e-01
-2.613638767291779907e-01
-2.613638767291779907e-01
-2.613638767291779907e-01
-2.613638767291779907e-01
-2.613638767291779907e-01
-2.645088041010873470e-01
-2.645088041010873470e-01
-2.645088041010873470e-01
-2.686046914641614380e-01
-2.686046914641614380e-01
-2.686046914641614380e-01
-2.686046914641614380e-01
-2.686046914641614380e-01
-2.686046914641614380e-01
-2.686046914641614380e-01
-2.686046914641614380e-01
-2.686046914641614380e-01
-2.686046914641614380e-01
-2.686046914641614380e-01
-2.686046914641614380e-01
-2.686046914641614380e-01
-2.686046914641614380e-01
-2.686046914641614380e-01
-2.686046914641614380e-01
-2.686046914641614380e-01
-2.686046914641614380e-01
-2.686046914641614380e-01
-2.686046914641614380e-01
-2.686046914641614380e-01
-2.686046914641614380e-01
-2.686046914641614380e-01
-2.686046914641614380e-01
-2.686046914641614380e-01
-2.686046914641614380e-01
-2.686046914641614380e-01
-2.686046914641614380e-01
-2.686046914641614380e-01
-2.686046914641614380e-01
-2.686046914641614380e-01
-2.686046914641614380e-01
-2.686046914641614380e-01
-2.686046914641614380e-01
-2.686046914641614380e-01
-2.686046914641614380e-01
-2.686046914641614380e-01
-2.686046914641614380e-01
-2.686046914641614380e-01
-2.686046914641614380e-01
-2.686046914641614380e-01
-2.686046914641614380e-01
-2.686046914641614380e-01
-2.686046914641614380e-01
-2.686046914641614380e-01
-2.686046914641614380e-01
-2.686046914641614380e-01
-2.686046914641614380e-01
-2.686046914641614380e-01
-2.686046914641614380e-01
-2.686046914641614380e-01
-2.686046914641614380e-01
-2.686046914641614380e-01
-2.686046914641614380e-01
-2.686046914641614380e-01
-2.686046914641614380e-01
-2.686046914641614380e-01
-2.686046914641614380e-01
-2.686046914641614380e-01
-2.686046914641614380e-01
-2.686046914641614380e-01
-2.686046914641614380e-01
-2.686046914641614380e-01
-2.686046914641614380e-01
-2.686046914641614380e-01
-2.686046914641614380e-01
-2.686046914641614380e-01
-2.686046914641614380e-01
-2.686046914641614380e-01
-2.686046914641614380e-01
-2.686046914641614380e-01
-2.686046914641614380e-01
-2.686046914641614380e-01
-2.686046914641614380e-01
-2.686046914641614380e-01
-2.686046914641614380e-01
-2.686046914641614380e-01
-2.686046914641614380e-01
-2.686046914641614380e-01
-2.686046914641614380e-01
-2.686046914641614380e-01
-2.686046914641614380e-01
-2.686046914641614380e-01
-2.686046914641614380e-01
-2.686046914641614380e-01
-2.686046914641614380e-01
-2.686046914641614380e-01
-2.686046914641614380e-01
-2.686046914641614380e-01
-2.686046914641614380e-01
-2.686046914641614380e-01
-2.686046914641614380e-01
-2.686046914641614380e-01
-2.686046914641614380e-01
-2.686046914641614380e-01
-2.686046914641614380e-01
-2.686046914641614380e-01
-2.686046914641614380e-01
-2.686046914641614380e-01
-2.686046914641614380e-01
-2.686046914641614380e-01
-2.686046914641614380e-01
-2.686046914641614380e-01
-2.686046914641614380e-01
-2.686046914641614380e-01
-2.686046914641614380e-01
-2.686046914641614380e-01
-2.686046914641614380e-01
-2.686046914641614380e-01
-2.686046914641614380e-01
-2.686046914641614380e-01
-2.686046914641614380e-01
-2.686046914641614380e-01
-2.686046914641614380e-01
-2.687516826508888901e-01
-2.687516826508888901e-01
-2.687516826508888901e-01
-2.687516826508888901e-01
-2.687516826508888901e-01
-2.687516826508888901e-01
-2.687516826508888901e-01
-2.687516826508888901e-01
-2.687516826508888901e-01
-2.687516826508888901e-01
-2.687516826508888901e-01
-2.687516826508888901e-01
-2.687516826508888901e-01
-2.687516826508888901e-01
-2.687516826508888901e-01
-2.687516826508888901e-01
-2.687516826508888901e-01
-2.687516826508888901e-01
-2.687516826508888901e-01
-2.687516826508888901e-01
-2.687516826508888901e-01
-2.687516826508888901e-01
-2.687516826508888901e-01
-2.687516826508888901e-01
-2.687516826508888901e-01
-2.687516826508888901e-01
-2.687516826508888901e-01
-2.687516826508888901e-01
-2.687516826508888901e-01
-2.687516826508888901e-01
-2.687516826508888901e-01
-2.687516826508888901e-01
-2.687516826508888901e-01
-2.687516826508888901e-01
-2.687516826508888901e-01
-2.687516826508888901e-01
-2.687516826508888901e-01
-2.687516826508888901e-01
-2.687516826508888901e-01
-2.687516826508888901e-01
-2.687516826508888901e-01
-2.687516826508888901e-01
-2.687516826508888901e-01
-2.687516826508888901e-01
-2.687516826508888901e-01
-2.687516826508888901e-01
-2.687516826508888901e-01
-2.687516826508888901e-01
-2.687516826508888901e-01
-2.687516826508888901e-01
-2.687516826508888901e-01
-2.687516826508888901e-01
-2.687516826508888901e-01
-2.687516826508888901e-01
-2.687516826508888901e-01
-2.687516826508888901e-01
-2.687516826508888901e-01
-2.687516826508888901e-01
-2.687516826508888901e-01
-2.687516826508888901e-01
-2.687516826508888901e-01
-2.687516826508888901e-01
-2.687516826508888901e-01
-2.687516826508888901e-01
-2.687516826508888901e-01
-2.687516826508888901e-01
-2.687516826508888901e-01
-2.687516826508888901e-01
-2.687516826508888901e-01
-2.687516826508888901e-01
-2.687516826508888901e-01
-2.688639701846349817e-01
-2.688639701846349817e-01
-2.688639701846349817e-01
-2.688639701846349817e-01
-2.688639701846349817e-01
-2.688639701846349817e-01
-2.688639701846349817e-01
-2.688639701846349817e-01
-2.688639701846349817e-01
-2.688639701846349817e-01
-2.688639701846349817e-01
-2.688639701846349817e-01
-2.688639701846349817e-01
-2.688639701846349817e-01
-2.688639701846349817e-01
-2.688639701846349817e-01
-2.688639701846349817e-01
-2.688639701846349817e-01
-2.688639701846349817e-01
-2.688639701846349817e-01
-2.688639701846349817e-01
-2.688639701846349817e-01
-2.688639701846349817e-01
-2.688639701846349817e-01
-2.688639701846349817e-01
-2.688639701846349817e-01
-2.688639701846349817e-01
-2.688639701846349817e-01
-2.688639701846349817e-01
-2.688639701846349817e-01
-2.688639701846349817e-01
-2.688639701846349817e-01
-2.688639701846349817e-01
-2.688639701846349817e-01
-2.688639701846349817e-01
-2.688639701846349817e-01
-2.688639701846349817e-01
-2.688639701846349817e-01
-2.688639701846349817e-01
-2.688639701846349817e-01
-2.688639701846349817e-01
-2.688639701846349817e-01
-2.688639701846349817e-01
-2.688639701846349817e-01
-2.688639701846349817e-01
-2.688639701846349817e-01
-2.688639701846349817e-01
-2.688639701846349817e-01
-2.688639701846349817e-01
-2.688639701846349817e-01
-2.688639701846349817e-01
-2.688639701846349817e-01
-2.688639701846349817e-01
-2.688857074702363792e-01
-2.688857074702363792e-01
-2.688857074702363792e-01
-2.688857074702363792e-01
-2.688857074702363792e-01
-2.688857074702363792e-01
-2.688857074702363792e-01
-2.688857074702363792e-01
-2.688857074702363792e-01
-2.688857074702363792e-01
-2.688857074702363792e-01
-2.688857074702363792e-01
-2.688857074702363792e-01
-2.688857074702363792e-01
-2.688857074702363792e-01
-2.688857074702363792e-01
-2.688857074702363792e-01
-2.688857074702363792e-01
-2.688857074702363792e-01
-2.688995126347960563e-01
-2.688995126347960563e-01
-2.688995126347960563e-01
-2.688995126347960563e-01
-2.688995126347960563e-01
-2.688995126347960563e-01
-2.688995126347960563e-01
-2.688995126347960563e-01
-2.688995126347960563e-01
-2.688995126347960563e-01
-2.688995126347960563e-01
-2.688995126347960563e-01
-2.688995126347960563e-01
-2.688995126347960563e-01
-2.688995126347960563e-01
-2.688995126347960563e-01
-2.688995126347960563e-01
-2.688995126347960563e-01
-2.688995126347960563e-01
-2.688995126347960563e-01
-2.688995126347960563e-01
-2.688995126347960563e-01
-2.688995126347960563e-01
-2.688995126347960563e-01
-2.688995126347960563e-01
-2.689220103406421147e-01
-2.689220103406421147e-01
-2.689220103406421147e-01
-2.689220103406421147e-01
-2.689220103406421147e-01
-2.689220103406421147e-01
-2.689220103406421147e-01
-2.689220103406421147e-01
-2.689220103406421147e-01
-2.689220103406421147e-01
-2.689220103406421147e-01
-2.689220103406421147e-01
-2.689220103406421147e-01
-2.689220103406421147e-01
-2.689220103406421147e-01
-2.689220103406421147e-01
-2.689220103406421147e-01
-2.689220103406421147e-01
-2.689220103406421147e-01
-2.689333923868220122e-01
-2.689333923868220122e-01
-2.689333923868220122e-01
-2.689333923868220122e-01
-2.689333923868220122e-01
-2.689333923868220122e-01
-2.689333923868220122e-01
-2.689333923868220122e-01
-2.689333923868220122e-01
-2.689333923868220122e-01
-2.689333923868220122e-01
-2.689333923868220122e-01
-2.689333923868220122e-01
-2.689333923868220122e-01
-2.689333923868220122e-01
-2.689333923868220122e-01
-2.689333923868220122e-01
-2.689333923868220122e-01
-2.689333923868220122e-01
-2.689333923868220122e-01
-2.689333923868220122e-01
-2.689333923868220122e-01
-2.689333923868220122e-01
-2.689333923868220122e-01
-2.689333923868220122e-01
-2.689333923868220122e-01
-2.689333923868220122e-01
-2.689333923868220122e-01
-2.689333923868220122e-01
-2.689333923868220122e-01
-2.689333923868220122e-01
-2.689333923868220122e-01
-2.689333923868220122e-01
-2.689333923868220122e-01
-2.689333923868220122e-01
-2.689333923868220122e-01
-2.689333923868220122e-01
-2.689333923868220122e-01
-2.689333923868220122e-01
-2.689333923868220122e-01
-2.689333923868220122e-01
-2.689333923868220122e-01
-2.689333923868220122e-01
-2.689333923868220122e-01
-2.689333923868220122e-01
-2.689333923868220122e-01
-2.689333923868220122e-01
-2.689333923868220122e-01
-2.689333923868220122e-01
-2.689333923868220122e-01
-2.689333923868220122e-01
-2.689333923868220122e-01
-2.689333923868220122e-01
-2.689333923868220122e-01
-2.689338375876922926e-01
-2.689338375876922926e-01
-2.689338375876922926e-01
-2.689338375876922926e-01
-2.689338375876922926e-01
-2.689338375876922926e-01
-2.689338375876922926e-01
-2.689338375876922926e-01
-2.689338375876922926e-01
-2.689338375876922926e-01
-2.689338375876922926e-01
-2.689338375876922926e-01
-2.689338375876922926e-01
-2.689338375876922926e-01
-2.689338375876922926e-01
-2.689338375876922926e-01
-2.689338375876922926e-01
-2.689338375876922926e-01
-2.689338375876922926e-01
-2.689338375876922926e-01
-2.689338375876922926e-01
-2.689338375876922926e-01
-2.689338375876922926e-01
-2.689338375876922926e-01
-2.689338375876922926e-01
-2.689338375876922926e-01
-2.689338375876922926e-01
-2.689338375876922926e-01
-2.689387433331645871e-01
-2.689387433331645871e-01
-2.689387433331645871e-01
-2.689387433331645871e-01
-2.689387433331645871e-01
-2.689387433331645871e-01
-2.689387433331645871e-01
-2.689387433331645871e-01
-2.689387433331645871e-01
-2.689387433331645871e-01
-2.689387433331645871e-01
-2.689387433331645871e-01
-2.689387433331645871e-01
-2.689387433331645871e-01
-2.689387433331645871e-01
-2.689387433331645871e-01
-2.689387433331645871e-01
-2.689387433331645871e-01
-2.689387433331645871e-01
-2.689387433331645871e-01
-2.689387433331645871e-01
-2.689387433331645871e-01
-2.689387433331645871e-01
-2.689387433331645871e-01
-2.689387433331645871e-01
-2.689387433331645871e-01
-2.689387433331645871e-01
-2.689387433331645871e-01
-2.689387433331645871e-01
-2.689387433331645871e-01
-2.689387433331645871e-01
-2.689387433331645871e-01
-2.689387433331645871e-01
-2.689387433331645871e-01
-2.689387433331645871e-01
-2.689387433331645871e-01
-2.689387433331645871e-01
-2.689389655825453751e-01
-2.689389655825453751e-01
-2.689389655825453751e-01
-2.689389655825453751e-01
-2.689389655825453751e-01
-2.689389655825453751e-01
-2.689389655825453751e-01
-2.689389655825453751e-01
-2.689389655825453751e-01
-2.689389655825453751e-01
-2.689397676765804546e-01
-2.689397676765804546e-01
-2.689397676765804546e-01
-2.689397676765804546e-01
-2.689397676765804546e-01
-2.689397676765804546e-01
-2.689397676765804546e-01
-2.689397676765804546e-01
-2.689397676765804546e-01
-2.689397676765804546e-01
-2.689397676765804546e-01
-2.689397676765804546e-01
-2.689397676765804546e-01
-2.689397676765804546e-01
-2.689397676765804546e-01
-2.689397676765804546e-01
-2.689397676765804546e-01
-2.689397676765804546e-01
-2.689397676765804546e-01
-2.689397676765804546e-01
-2.689397676765804546e-01
-2.689397676765804546e-01
-2.689397676765804546e-01
-2.689397676765804546e-01
-2.689397676765804546e-01
-2.689397676765804546e-01
-2.689397676765804546e-01
-2.689397676765804546e-01
-2.689397676765804546e-01
-2.689397676765804546e-01
-2.689397676765804546e-01
-2.689397676765804546e-01
-2.689397676765804546e-01
-2.689397676765804546e-01
-2.689397676765804546e-01
-2.689397676765804546e-01
-2.689397676765804546e-01
-2.689397676765804546e-01
-2.689397676765804546e-01
-2.689397676765804546e-01
-2.689397676765804546e-01
-2.689397676765804546e-01
-2.689397676765804546e-01
-2.689397676765804546e-01
-2.689397676765804546e-01
-2.689397676765804546e-01
-2.689397676765804546e-01
-2.689397676765804546e-01
-2.689397676765804546e-01
-2.689397676765804546e-01
-2.689397676765804546e-01
-2.689397676765804546e-01
-2.689397676765804546e-01
-2.689397676765804546e-01
-2.689397676765804546e-01
-2.689397676765804546e-01
-2.689397676765804546e-01
-2.689397676765804546e-01
-2.689397676765804546e-01
-2.689397676765804546e-01
-2.689397676765804546e-01
-2.689397676765804546e-01
-2.689397676765804546e-01
-2.689400543910626662e-01
-2.689400543910626662e-01
-2.689400543910626662e-01
-2.689400543910626662e-01
-2.689400543910626662e-01
-2.689400543910626662e-01
-2.689400543910626662e-01
-2.689401486838761124e-01
-2.689401486838761124e-01
-2.689401486838761124e-01
-2.689401486838761124e-01
-2.689401486838761124e-01
-2.689401486838761124e-01
-2.689401486838761124e-01
-2.689401486838761124e-01
-2.689401486838761124e-01
-2.689401486838761124e-01
-2.689401486838761124e-01
-2.689401486838761124e-01
-2.689401486838761124e-01
-2.689401486838761124e-01
-2.689401486838761124e-01
-2.689403952457874447e-01
-2.689403952457874447e-01
-2.689403952457874447e-01
-2.689403952457874447e-01
-2.689403952457874447e-01
-2.689403952457874447e-01
-2.689403952457874447e-01
-2.689403952457874447e-01
-2.689403952457874447e-01
-2.689403952457874447e-01
-2.689403952457874447e-01
-2.689403952457874447e-01
-2.689403952457874447e-01
-2.689403952457874447e-01
-2.689403952457874447e-01
-2.689403952457874447e-01
-2.689403952457874447e-01
-2.689403952457874447e-01
-2.689403952457874447e-01
-2.689403952457874447e-01
-2.689403952457874447e-01
-2.689403952457874447e-01
-2.689403952457874447e-01
-2.689403952457874447e-01
-2.689403952457874447e-01
-2.689403952457874447e-01
-2.689403952457874447e-01
-2.689403952457874447e-01
-2.689403952457874447e-01
-2.689403952457874447e-01
-2.689403952457874447e-01
-2.689403952457874447e-01
-2.689403952457874447e-01
-2.689403952457874447e-01
-2.689403952457874447e-01
-2.689403952457874447e-01
-2.689403952457874447e-01
-2.689403952457874447e-01
-2.689404044928198623e-01
-2.689404044928198623e-01
-2.689404044928198623e-01
-2.689404044928198623e-01
-2.689404044928198623e-01
-2.689404044928198623e-01
-2.689404044928198623e-01
-2.689404044928198623e-01
-2.689404044928198623e-01
-2.689404044928198623e-01
-2.689404044928198623e-01
-2.689404044928198623e-01
-2.689404044928198623e-01
-2.689404044928198623e-01
-2.689404044928198623e-01
-2.689404044928198623e-01
-2.689404044928198623e-01
-2.689404044928198623e-01
-2.689404044928198623e-01
-2.689404044928198623e-01
-2.689404044928198623e-01
-2.689404044928198623e-01
-2.689404044928198623e-01
-2.689404044928198623e-01
-2.689404044928198623e-01
-2.689404044928198623e-01
-2.689404044928198623e-01
-2.689404044928198623e-01
-2.689404044928198623e-01
-2.689404044928198623e-01
-2.689404044928198623e-01
-2.689404044928198623e-01
-2.689404044928198623e-01
-2.689404044928198623e-01
-2.689404044928198623e-01
-2.689404044928198623e-01
-2.689404044928198623e-01
-2.689404044928198623e-01
-2.689404044928198623e-01
-2.689404044928198623e-01
-2.689404044928198623e-01
-2.689404044928198623e-01
-2.689404044928198623e-01
-2.689404044928198623e-01
-2.689404044928198623e-01
-2.689404044928198623e-01
-2.689404044928198623e-01
-2.689404044928198623e-01
-2.689404044928198623e-01
-2.689404044928198623e-01
-2.689404044928198623e-01
-2.689404044928198623e-01
-2.689404044928198623e-01
-2.689404044928198623e-01
-2.689404044928198623e-01
-2.689404044928198623e-01
-2.689404369066910050e-01
-2.689404369066910050e-01
-2.689404369066910050e-01
-2.689404369066910050e-01
-2.689404369066910050e-01
-2.689404369066910050e-01
-2.689404369066910050e-01
-2.689404369066910050e-01
-2.689404369066910050e-01
-2.689404369066910050e-01
-2.689404369066910050e-01
-2.689404369066910050e-01
-2.689404369066910050e-01
-2.689404369066910050e-01
-2.689404369066910050e-01
-2.689404369066910050e-01
-2.689404369066910050e-01
-2.689404369066910050e-01
-2.689404369066910050e-01
-2.689404369066910050e-01
-2.689404369066910050e-01
-2.689404369066910050e-01
-2.689404369066910050e-01
-2.689404369066910050e-01
-2.689404369066910050e-01
-2.689404369066910050e-01
-2.689404369066910050e-01
-2.689404369066910050e-01
-2.689404369066910050e-01
-2.689404369066910050e-01
-2.689404369066910050e-01
-2.689404369066910050e-01
-2.689404369066910050e-01
-2.689404369066910050e-01
-2.689404369066910050e-01
-2.689404369066910050e-01
-2.689404391526398208e-01
-2.689404391526398208e-01
-2.689404391526398208e-01
-2.689404391526398208e-01
-2.689404391526398208e-01
-2.689404391526398208e-01
-2.689404391526398208e-01
-2.689404391526398208e-01
-2.689404392664795362e-01
-2.689404392664795362e-01
-2.689404392664795362e-01
-2.689404392664795362e-01
-2.689404392664795362e-01
-2.689404587030833627e-01
-2.689404587030833627e-01
-2.689404587030833627e-01
-2.689404587030833627e-01
-2.689404587030833627e-01
-2.689404587030833627e-01
-2.689404587030833627e-01
-2.689404587030833627e-01
-2.689404587030833627e-01
-2.689404587030833627e-01
-2.689404587030833627e-01
-2.689404587030833627e-01
-2.689404587030833627e-01
-2.689404613988595760e-01
-2.689404613988595760e-01
-2.689404613988595760e-01
-2.689404613988595760e-01
-2.689404613988595760e-01
-2.689404613988595760e-01
-2.689404613988595760e-01
-2.689404613988595760e-01
-2.689404613988595760e-01
-2.689404613988595760e-01
-2.689404613988595760e-01
-2.689404613988595760e-01
-2.689404613988595760e-01
-2.689404613988595760e-01
-2.689404613988595760e-01
-2.689404613988595760e-01
-2.689404613988595760e-01
-2.689404613988595760e-01
-2.689404613988595760e-01
-2.689404613988595760e-01
-2.689404613988595760e-01
-2.689404613988595760e-01
-2.689404613988595760e-01
-2.689404613988595760e-01
-2.689404613988595760e-01
-2.689404613988595760e-01
-2.689404613988595760e-01
-2.689404613988595760e-01
-2.689404613988595760e-01
-2.689404613988595760e-01
-2.689404613988595760e-01
-2.689404613988595760e-01
-2.689404613988595760e-01
-2.689404613988595760e-01
-2.689404613988595760e-01
-2.689404616163287298e-01
-2.689404623917848181e-01
-2.689404623917848181e-01
-2.689404623917848181e-01
-2.689404623917848181e-01
-2.689404623917848181e-01
-2.689404623917848181e-01
-2.689404623917848181e-01
-2.689404623917848181e-01
-2.689404623917848181e-01
-2.689404623917848181e-01
-2.689404623917848181e-01
-2.689404623917848181e-01
-2.689404623917848181e-01
-2.689404631618994013e-01
-2.689404631618994013e-01
-2.689404631618994013e-01
-2.689404631618994013e-01
-2.689404631618994013e-01
-2.689404631618994013e-01
-2.689404631618994013e-01
-2.689404631618994013e-01
-2.689404631618994013e-01
-2.689404631618994013e-01
-2.689404631618994013e-01
-2.689404631618994013e-01
-2.689404631618994013e-01
-2.689404631618994013e-01
-2.689404631618994013e-01
-2.689404631618994013e-01
-2.689404631618994013e-01
-2.689404631618994013e-01
-2.689404637632116235e-01
-2.689404637632116235e-01
-2.689404637632116235e-01
-2.689404637632116235e-01
-2.689404637632116235e-01
-2.689404638585272678e-01
-2.689404638585272678e-01
-2.689404638585272678e-01
-2.689404638585272678e-01
-2.689404638585272678e-01
-2.689404638585272678e-01
-2.689404638585272678e-01
-2.689404644225549257e-01
-2.689404644225549257e-01
-2.689404644225549257e-01
-2.689404644225549257e-01
-2.689404654159948671e-01
-2.689404654159948671e-01
-2.689404660716694928e-01
-2.689404663810425200e-01
-2.689404663810425200e-01
-2.689404663810425200e-01
-2.689404663810425200e-01
-2.689404663810425200e-01
-2.689404663810425200e-01
-2.689404663810425200e-01
-2.689404663810425200e-01
-2.689404663810425200e-01
-2.689404663810425200e-01
-2.689404663810425200e-01
-2.689404663810425200e-01
-2.689404663810425200e-01
-2.689404663810425200e-01
-2.689404663810425200e-01
-2.689404663810425200e-01
-2.689404663810425200e-01
-2.689404663810425200e-01
-2.689404663810425200e-01
-2.689404663810425200e-01
-2.689404663810425200e-01
-2.689404663810425200e-01
-2.689404663810425200e-01
-2.689404663810425200e-01
-2.689404663810425200e-01
-2.689404663810425200e-01
-2.689404663810425200e-01
-2.689404663810425200e-01
-2.689404663810425200e-01
-2.689404663810425200e-01
-2.689404663810425200e-01
-2.689404663810425200e-01
-2.689404663810425200e-01
-2.689404663810425200e-01
-2.689404663810425200e-01
-2.689404663810425200e-01
-2.689404663810425200e-01
-2.689404663810425200e-01
-2.689404663810425200e-01
-2.689404663810425200e-01
-2.689404663810425200e-01
-2.689404663810425200e-01
-2.689404663810425200e-01
-2.689404663810425200e-01
-2.689404663810425200e-01
-2.689404663810425200e-01
-2.689404663810425200e-01
-2.689404663810425200e-01
-2.689404666495246454e-01
-2.689404666495246454e-01
-2.689404666495246454e-01
-2.689404666495246454e-01
-2.689404666495246454e-01
-2.689404669468725695e-01
-2.689404669468725695e-01
-2.689404669468725695e-01
-2.689404669468725695e-01
-2.689404669468725695e-01
-2.689404669468725695e-01
-2.689404669468725695e-01
-2.689404669468725695e-01
-2.689404669468725695e-01
-2.689404669468725695e-01
-2.689404669468725695e-01
-2.689404669468725695e-01
-2.689404669468725695e-01
-2.689404669468725695e-01
-2.689404669468725695e-01
-2.689404669468725695e-01
-2.689404669468725695e-01
-2.689404669468725695e-01
-2.689404669468725695e-01
-2.689404669468725695e-01
-2.689404670164293742e-01
-2.689404670164293742e-01
-2.689404670164293742e-01
-2.689404670164293742e-01
-2.689404670164293742e-01
-2.689404670164293742e-01
-2.689404670164293742e-01
-2.689404670164293742e-01
-2.689404670164293742e-01
-2.689404670164293742e-01
-2.689404670164293742e-01
-2.689404670164293742e-01
-2.689404670164293742e-01
-2.689404670164293742e-01
-2.689404670164293742e-01
-2.689404670164293742e-01
-2.689404670164293742e-01
-2.689404670164293742e-01
-2.689404670164293742e-01
-2.689404670164293742e-01
-2.689404670164293742e-01
-2.689404670164293742e-01
-2.689404670164293742e-01
-2.689404670164293742e-01
-2.689404670164293742e-01
-2.689404670164293742e-01
-2.689404670164293742e-01
-2.689404670164293742e-01
-2.689404670164293742e-01
-2.689404670164293742e-01
-2.689404670164293742e-01
-2.689404670164293742e-01
-2.689404670164293742e-01
-2.689404670164293742e-01
-2.689404670164293742e-01
-2.689404670164293742e-01
-2.689404670164293742e-01
-2.689404670164293742e-01
-2.689404670164293742e-01
-2.689404670164293742e-01
-2.689404670164293742e-01
-2.689404670164293742e-01
-2.689404670164293742e-01
-2.689404670164293742e-01
-2.689404670164293742e-01
-2.689404670164293742e-01
-2.689404670164293742e-01
-2.689404670164293742e-01
-2.689404670164293742e-01
-2.689404670164293742e-01
-2.689404670164293742e-01
-2.689404670164293742e-01
-2.689404670164293742e-01
-2.689404670164293742e-01
-2.689404670164293742e-01
-2.689404670164293742e-01
-2.689404670164293742e-01
-2.689404670164293742e-01
-2.689404670164293742e-01
-2.689404670164293742e-01
-2.689404670164293742e-01
-2.689404670164293742e-01
-2.689404670164293742e-01
-2.689404670164293742e-01
-2.689404670164293742e-01
-2.689404670185087110e-01
-2.689404670185087110e-01
-2.689404670185087110e-01
-2.689404670185087110e-01
-2.689404670185087110e-01
-2.689404670185087110e-01
-2.689404670185087110e-01
-2.689404670185087110e-01
-2.689404670185087110e-01
-2.689404670185087110e-01
-2.689404670185087110e-01
-2.689404670185087110e-01
-2.689404670185087110e-01
-2.689404670185087110e-01
-2.689404670185087110e-01
-2.689404670185087110e-01
-2.689404670185087110e-01
-2.689404670185087110e-01
-2.689404670185087110e-01
-2.689404670185087110e-01
-2.689404670185087110e-01
-2.689404670185087110e-01
-2.689404670185087110e-01
-2.689404670185087110e-01
-2.689404670185087110e-01
-2.689404670185087110e-01
-2.689404670185087110e-01
-2.689404670185087110e-01
-2.689404670185087110e-01
-2.689404670185087110e-01
-2.689404670185087110e-01
-2.689404670807400977e-01
-2.689404671434137417e-01
-2.689404671434137417e-01
-2.689404671434137417e-01
-2.689404671434137417e-01
-2.689404671434137417e-01
-2.689404671434137417e-01
-2.689404671659753610e-01
-2.689404671659753610e-01
-2.689404671659753610e-01
-2.689404671659753610e-01
-2.689404671659753610e-01
-2.689404671659753610e-01
-2.689404671659753610e-01
-2.689404671659753610e-01
-2.689404671659753610e-01
-2.689404671659753610e-01
-2.689404671659753610e-01
-2.689404671659753610e-01
-2.689404671659753610e-01
-2.689404671659753610e-01
-2.689404671659753610e-01
-2.689404671659753610e-01
-2.689404671659753610e-01
-2.689404671659753610e-01
-2.689404671659753610e-01
-2.689404671659753610e-01
-2.689404671659753610e-01
-2.689404671659753610e-01
-2.689404671659753610e-01
-2.689404671659753610e-01
-2.689404671659753610e-01
-2.689404671659753610e-01
-2.689404671659753610e-01
-2.689404671659753610e-01
-2.689404671659753610e-01
-2.689404671659753610e-01
-2.689404671659753610e-01
-2.689404671659753610e-01
-2.689404671659753610e-01
-2.689404671659753610e-01
-2.689404671659753610e-01
-2.689404671659753610e-01
-2.689404671659753610e-01
-2.689404671659753610e-01
-2.689404671869691232e-01
-2.689404671869691232e-01
-2.689404671869691232e-01
-2.689404671869691232e-01
-2.689404671869691232e-01
-2.689404671869691232e-01
-2.689404671869691232e-01
-2.689404671869691232e-01
-2.689404671869691232e-01
-2.689404671869691232e-01
-2.689404671869691232e-01
-2.689404671869691232e-01
-2.689404671869691232e-01
-2.689404671869691232e-01
-2.689404671869691232e-01
-2.689404671869691232e-01
-2.689404671869691232e-01
-2.689404671869691232e-01
-2.689404671869691232e-01
-2.689404671869691232e-01
-2.689404671869691232e-01
-2.689404671869691232e-01
-2.689404671869691232e-01
-2.689404671869691232e-01
-2.689404671869691232e-01
-2.689404671869691232e-01
-2.689404671869691232e-01
-2.689404671869691232e-01
-2.689404671869691232e-01
-2.689404671869691232e-01
-2.689404671869691232e-01
-2.689404671869691232e-01
-2.689404671869691232e-01
-2.689404671869691232e-01
-2.689404671869691232e-01
-2.689404671869691232e-01
-2.689404671869691232e-01
-2.689404671869691232e-01
-2.689404671869691232e-01
-2.689404671869691232e-01
-2.689404671869691232e-01
-2.689404671869691232e-01
-2.689404671869691232e-01
-2.689404671869691232e-01
-2.689404671869691232e-01
-2.689404671869691232e-01
-2.689404671869691232e-01
-2.689404671869691232e-01
-2.689404671869691232e-01
-2.689404671869691232e-01
-2.689404671869691232e-01
-2.689404671869691232e-01
-2.689404671869691232e-01
-2.689404671869691232e-01
-2.689404671869691232e-01
-2.689404671869691232e-01
-2.689404671869691232e-01
-2.689404671869691232e-01
-2.689404671869691232e-01
-2.689404671869691232e-01
-2.689404671869691232e-01
-2.689404671869691232e-01
-2.689404671869691232e-01
-2.689404671921182266e-01
-2.689404671921182266e-01
-2.689404671921182266e-01
-2.689404671921182266e-01
-2.689404671921182266e-01
-2.689404672095245252e-01
-2.689404672095245252e-01
-2.689404672095245252e-01
-2.689404672095245252e-01
-2.689404672095245252e-01
-2.689404672095245252e-01
-2.689404672095245252e-01
-2.689404672095245252e-01
-2.689404672095245252e-01
-2.689404672095245252e-01
-2.689404672095245252e-01
-2.689404672095245252e-01
-2.689404672095245252e-01
-2.689404672095245252e-01
-2.689404672095245252e-01
-2.689404672095245252e-01
-2.689404672095245252e-01
-2.689404672095245252e-01
-2.689404672095245252e-01
-2.689404672095245252e-01
-2.689404672095245252e-01
-2.689404672095245252e-01
-2.689404672095245252e-01
-2.689404672095245252e-01
-2.689404672095245252e-01
-2.689404672095245252e-01
-2.689404672095245252e-01
-2.689404672095245252e-01
-2.689404672095245252e-01
-2.689404672095245252e-01
-2.689404672095245252e-01
-2.689404672095245252e-01
-2.689404672095245252e-01
-2.689404672095245252e-01
-2.689404672095245252e-01
-2.689404672095245252e-01
-2.689404672095245252e-01
-2.689404672095245252e-01
-2.689404672095245252e-01
-2.689404672095245252e-01
-2.689404672095245252e-01
-2.689404672095245252e-01
-2.689404672095245252e-01
-2.689404672095245252e-01
-2.689404672128674068e-01
-2.689404672128674068e-01
-2.689404672128674068e-01
-2.689404672128674068e-01
-2.689404672128674068e-01
-2.689404672128674068e-01
-2.689404672128674068e-01
-2.689404672128674068e-01
-2.689404672128674068e-01
-2.689404672128674068e-01
-2.689404672128674068e-01
-2.689404672128674068e-01
-2.689404672128674068e-01
-2.689404672128674068e-01
-2.689404672128674068e-01
-2.689404672128674068e-01
-2.689404672128674068e-01
-2.689404672128674068e-01
-2.689404672128674068e-01
-2.689404672128674068e-01
-2.689404672128674068e-01
-2.689404672128674068e-01
-2.689404672128674068e-01
-2.689404672128674068e-01
-2.689404672128674068e-01
-2.689404672128674068e-01
-2.689404672128674068e-01
-2.689404672128674068e-01
-2.689404672128674068e-01
-2.689404672128674068e-01
-2.689404672128674068e-01
-2.689404672128674068e-01
-2.689404672128674068e-01
-2.689404672128674068e-01
-2.689404672128674068e-01
-2.689404672128674068e-01
-2.689404672128674068e-01
-2.689404672128674068e-01
-2.689404672128674068e-01
-2.689404672128674068e-01
-2.689404672128674068e-01
-2.689404672128674068e-01
-2.689404672128674068e-01
-2.689404672128674068e-01
-2.689404672128674068e-01
-2.689404672128674068e-01
-2.689404672130317198e-01
-2.689404672130317198e-01
-2.689404672130317198e-01
-2.689404672130317198e-01
-2.689404672130317198e-01
-2.689404672130317198e-01
-2.689404672130317198e-01
-2.689404672130317198e-01
-2.689404672130317198e-01
-2.689404672130317198e-01
-2.689404672130317198e-01
-2.689404672130317198e-01
-2.689404672130317198e-01
-2.689404672130317198e-01
-2.689404672130317198e-01
-2.689404672130317198e-01
-2.689404672130317198e-01
-2.689404672130317198e-01
-2.689404672130317198e-01
-2.689404672130317198e-01
-2.689404672130317198e-01
-2.689404672130317198e-01
-2.689404672130317198e-01
-2.689404672130317198e-01
-2.689404672130317198e-01
-2.689404672130317198e-01
-2.689404672137675201e-01
-2.689404672137675201e-01
-2.689404672137675201e-01
-2.689404672137675201e-01
-2.689404672137675201e-01
-2.689404672139331653e-01
-2.689404672139331653e-01
-2.689404672139331653e-01
-2.689404672139331653e-01
-2.689404672139331653e-01
-2.689404672139894537e-01
-2.689404672139894537e-01
-2.689404672139894537e-01
-2.689404672139894537e-01
-2.689404672139894537e-01
-2.689404672144476427e-01
-2.689404672144476427e-01
-2.689404672144476427e-01
-2.689404672144476427e-01
-2.689404672144476427e-01
-2.689404672144476427e-01
-2.689404672151726738e-01
-2.689404672151726738e-01
-2.689404672151726738e-01
-2.689404672151726738e-01
-2.689404672151726738e-01
-2.689404672151726738e-01
-2.689404672151726738e-01
-2.689404672153870024e-01
-2.689404672153870024e-01
-2.689404672153870024e-01
-2.689404672153870024e-01
-2.689404672153870024e-01
-2.689404672153870024e-01
-2.689404672153870024e-01
-2.689404672153870024e-01
-2.689404672153870024e-01
-2.689404672153870024e-01
-2.689404672153870024e-01
-2.689404672153870024e-01
-2.689404672153870024e-01
-2.689404672153870024e-01
-2.689404672153870024e-01
-2.689404672153870024e-01
-2.689404672153870024e-01
-2.689404672153870024e-01
-2.689404672153870024e-01
-2.689404672153870024e-01
-2.689404672153870024e-01
-2.689404672153870024e-01
-2.689404672153870024e-01
-2.689404672153870024e-01
-2.689404672153870024e-01
-2.689404672153870024e-01
-2.689404672153870024e-01
-2.689404672153870024e-01
-2.689404672153870024e-01
-2.689404672153870024e-01
-2.689404672153870024e-01
-2.689404672153870024e-01
-2.689404672153870024e-01
-2.689404672153870024e-01
-2.689404672153870024e-01
-2.689404672153870024e-01
-2.689404672153870024e-01
-2.689404672153870024e-01
-2.689404672153870024e-01
-2.689404672153870024e-01
-2.689404672153870024e-01
-2.689404672153870024e-01
-2.689404672153870024e-01
-2.689404672153870024e-01
-2.689404672153870024e-01
-2.689404672157016396e-01
-2.689404672157016396e-01
-2.689404672157016396e-01
-2.689404672157016396e-01
-2.689404672157016396e-01
-2.689404672157016396e-01
-2.689404672157016396e-01
-2.689404672157016396e-01
-2.689404672157016396e-01
-2.689404672157016396e-01
-2.689404672157016396e-01
-2.689404672157016396e-01
-2.689404672157016396e-01
-2.689404672157016396e-01
-2.689404672157016396e-01
-2.689404672157016396e-01
-2.689404672157016396e-01
-2.689404672157016396e-01
-2.689404672157016396e-01
-2.689404672157016396e-01
-2.689404672157016396e-01
-2.689404672157016396e-01
-2.689404672157016396e-01
-2.689404672157016396e-01
-2.689404672157016396e-01
-2.689404672157016396e-01
-2.689404672157016396e-01
-2.689404672157016396e-01
-2.689404672157016396e-01
-2.689404672157016396e-01
-2.689404672157016396e-01
-2.689404672157016396e-01
-2.689404672157016396e-01
-2.689404672157016396e-01
-2.689404672157016396e-01
-2.689404672157016396e-01
-2.689404672157016396e-01
-2.689404672157016396e-01
-2.689404672157016396e-01
-2.689404672157016396e-01
-2.689404672157016396e-01
-2.689404672157016396e-01
-2.689404672157016396e-01
-2.689404672157016396e-01
-2.689404672157016396e-01
-2.689404672157016396e-01
-2.689404672157016396e-01
-2.689404672157016396e-01
-2.689404672157016396e-01
-2.689404672157016396e-01
-2.689404672157016396e-01
-2.689404672157016396e-01
-2.689404672157016396e-01
-2.689404672157016396e-01
-2.689404672157016396e-01
-2.689404672157016396e-01
-2.689404672157016396e-01
-2.689404672157016396e-01
-2.689404672157016396e-01
-2.689404672157016396e-01
-2.689404672157016396e-01
-2.689404672157016396e-01
-2.689404672157016396e-01
-2.689404672157016396e-01
-2.689404672157016396e-01
-2.689404672157016396e-01
-2.689404672157016396e-01
-2.689404672157016396e-01
-2.689404672157016396e-01
-2.689404672157016396e-01
-2.689404672157016396e-01
-2.689404672157016396e-01
-2.689404672157016396e-01
-2.689404672157016396e-01
-2.689404672157016396e-01
-2.689404672157016396e-01
-2.689404672157016396e-01
-2.689404672157016396e-01
-2.689404672157016396e-01
-2.689404672157016396e-01
-2.689404672157016396e-01
-2.689404672157016396e-01
-2.689404672157016396e-01
-2.689404672157016396e-01
-2.689404672157016396e-01
-2.689404672157016396e-01
-2.689404672157016396e-01
-2.689404672157016396e-01
-2.689404672157016396e-01
-2.689404672157016396e-01
-2.689404672157154619e-01
-2.689404672157154619e-01
-2.689404672157154619e-01
-2.689404672157154619e-01
-2.689404672157154619e-01
-2.689404672157154619e-01
-2.689404672157154619e-01
-2.689404672157154619e-01
-2.689404672157154619e-01
-2.689404672157154619e-01
-2.689404672157154619e-01
-2.689404672157154619e-01
-2.689404672157154619e-01
-2.689404672157154619e-01
-2.689404672157154619e-01
-2.689404672157154619e-01
-2.689404672157154619e-01
-2.689404672157154619e-01
-2.689404672157154619e-01
-2.689404672157154619e-01
-2.689404672157154619e-01
-2.689404672157154619e-01
-2.689404672157154619e-01
-2.689404672157154619e-01
-2.689404672157154619e-01
-2.689404672157154619e-01
-2.689404672157154619e-01
-2.689404672157154619e-01
-2.689404672157154619e-01
-2.689404672157154619e-01
-2.689404672157154619e-01
-2.689404672157154619e-01
-2.689404672157154619e-01
-2.689404672157154619e-01
-2.689404672157154619e-01
-2.689404672157154619e-01
-2.689404672157154619e-01
-2.689404672157154619e-01
-2.689404672157154619e-01
-2.689404672157154619e-01
-2.689404672157154619e-01
-2.689404672157154619e-01
-2.689404672157154619e-01
-2.689404672157154619e-01
-2.689404672157154619e-01
-2.689404672157154619e-01
-2.689404672157154619e-01
-2.689404672157154619e-01
-2.689404672157154619e-01
-2.689404672157154619e-01
-2.689404672157154619e-01
-2.689404672157154619e-01
-2.689404672157154619e-01
-2.689404672157154619e-01
-2.689404672157154619e-01
-2.689404672157154619e-01
-2.689404672157154619e-01
-2.689404672157154619e-01
-2.689404672157154619e-01
-2.689404672157154619e-01
-2.689404672157154619e-01
-2.689404672157154619e-01
-2.689404672157154619e-01
-2.689404672157154619e-01
-2.689404672157154619e-01
-2.689404672157154619e-01
-2.689404672157154619e-01
-2.689404672157154619e-01
-2.689404672157154619e-01
-2.689404672157154619e-01
-2.689404672157160725e-01
-2.689404672157160725e-01
-2.689404672157160725e-01
-2.689404672157160725e-01
-2.689404672157160725e-01
-2.689404672157160725e-01
-2.689404672157250653e-01
-2.689404672157250653e-01
-2.689404672157250653e-01
-2.689404672157250653e-01
-2.689404672157250653e-01
-2.689404672157250653e-01
-2.689404672157250653e-01
-2.689404672157250653e-01
-2.689404672157250653e-01
-2.689404672157250653e-01
-2.689404672157250653e-01
-2.689404672157250653e-01
-2.689404672157250653e-01
-2.689404672157250653e-01
-2.689404672157250653e-01
-2.689404672157250653e-01
-2.689404672157250653e-01
-2.689404672157250653e-01
-2.689404672157250653e-01
-2.689404672157250653e-01
-2.689404672157250653e-01
-2.689404672157250653e-01
-2.689404672157250653e-01
-2.689404672157250653e-01
-2.689404672157250653e-01
-2.689404672157250653e-01
-2.689404672157250653e-01
-2.689404672157250653e-01
-2.689404672157250653e-01
-2.689404672157250653e-01
-2.689404672157250653e-01
-2.689404672157250653e-01
-2.689404672157250653e-01
-2.689404672157250653e-01
-2.689404672157250653e-01
-2.689404672157250653e-01
-2.689404672157250653e-01
-2.689404672157250653e-01
-2.689404672157250653e-01
-2.689404672157250653e-01
-2.689404672157250653e-01
-2.689404672157250653e-01
-2.689404672157250653e-01
-2.689404672157250653e-01
-2.689404672157250653e-01
-2.689404672157254539e-01
-2.689404672157254539e-01
-2.689404672157254539e-01
-2.689404672157254539e-01
-2.689404672157254539e-01
-2.689404672157254539e-01
-2.689404672157254539e-01
-2.689404672157254539e-01
-2.689404672157254539e-01
-2.689404672157254539e-01
-2.689404672157254539e-01
-2.689404672157254539e-01
-2.689404672157254539e-01
-2.689404672157254539e-01
-2.689404672157254539e-01
-2.689404672157254539e-01
-2.689404672157254539e-01
-2.689404672157259535e-01
-2.689404672157259535e-01
-2.689404672157259535e-01
-2.689404672157259535e-01
-2.689404672157259535e-01
-2.689404672157259535e-01
-2.689404672157259535e-01
-2.689404672157259535e-01
-2.689404672157259535e-01
-2.689404672157259535e-01
-2.689404672157259535e-01
-2.689404672157259535e-01
-2.689404672157259535e-01
-2.689404672157259535e-01
-2.689404672157259535e-01
-2.689404672157259535e-01
-2.689404672157259535e-01
-2.689404672157259535e-01
-2.689404672157259535e-01
-2.689404672157259535e-01
-2.689404672157259535e-01
-2.689404672157259535e-01
-2.689404672157259535e-01
-2.689404672157261755e-01
-2.689404672157261755e-01
-2.689404672157261755e-01
-2.689404672157261755e-01
-2.689404672157261755e-01
-2.689404672157261755e-01
-2.689404672157261755e-01
-2.689404672157261755e-01
-2.689404672157261755e-01
-2.689404672157261755e-01
-2.689404672157261755e-01
-2.689404672157261755e-01
-2.689404672157261755e-01
-2.689404672157261755e-01
-2.689404672157261755e-01
-2.689404672157261755e-01
-2.689404672157261755e-01
-2.689404672157261755e-01
-2.689404672157261755e-01
-2.689404672157261755e-01
-2.689404672157261755e-01
-2.689404672157261755e-01
-2.689404672157261755e-01
-2.689404672157261755e-01
-2.689404672157261755e-01
-2.689404672157261755e-01
-2.689404672157261755e-01
-2.689404672157261755e-01
-2.689404672157263976e-01
-2.689404672157263976e-01
-2.689404672157263976e-01
-2.689404672157263976e-01
-2.689404672157263976e-01
-2.689404672157263976e-01
-2.689404672157263976e-01
-2.689404672157263976e-01
-2.689404672157263976e-01
-2.689404672157263976e-01
-2.689404672157263976e-01
-2.689404672157263976e-01
-2.689404672157263976e-01
-2.689404672157263976e-01
-2.689404672157263976e-01
-2.689404672157263976e-01
-2.689404672157263976e-01
-2.689404672157263976e-01
-2.689404672157263976e-01
-2.689404672157263976e-01
-2.689404672157263976e-01
-2.689404672157263976e-01
-2.689404672157263976e-01
-2.689404672157263976e-01
-2.689404672157263976e-01
-2.689404672157263976e-01
-2.689404672157263976e-01
-2.689404672157263976e-01
-2.689404672157263976e-01
-2.689404672157263976e-01
-2.689404672157263976e-01
-2.689404672157263976e-01
-2.689404672157263976e-01
-2.689404672157263976e-01
-2.689404672157263976e-01
-2.689404672157263976e-01
-2.689404672157263976e-01
-2.689404672157263976e-01
-2.689404672157263976e-01
-2.689404672157263976e-01
-2.689404672157263976e-01
-2.689404672157263976e-01
-2.689404672157263976e-01
-2.689404672157263976e-01
-2.689404672157263976e-01
-2.689404672157263976e-01
-2.689404672157263976e-01
-2.689404672157263976e-01
-2.689404672157263976e-01
-2.689404672157263976e-01
-2.689404672157263976e-01
-2.689404672157263976e-01
-2.689404672157263976e-01
-2.689404672157263976e-01
-2.689404672157263976e-01
-2.689404672157263976e-01
-2.689404672157263976e-01
-2.689404672157263976e-01
-2.689404672157265086e-01
-2.689404672157265086e-01
-2.689404672157265086e-01
-2.689404672157265086e-01
-2.689404672157265086e-01
-2.689404672157265086e-01
-2.689404672157265086e-01
-2.689404672157265086e-01
-2.689404672157265086e-01
-2.689404672157265641e-01
-2.689404672157265641e-01
-2.689404672157265641e-01
-2.689404672157265641e-01
-2.689404672157265641e-01
