-5.153799058205116301e-02
-9.136560299018735287e-02
-9.136560299018735287e-02
-1.623502300062065751e-01
-1.623502300062065751e-01
-1.623502300062065751e-01
-1.623502300062065751e-01
-1.623502300062065751e-01
-1.623502300062065751e-01
-1.623502300062065751e-01
-1.623502300062065751e-01
-2.086858606303644281e-01
-2.086858606303644281e-01
-2.086858606303644281e-01
-2.086858606303644281e-01
-2.086858606303644281e-01
-2.086858606303644281e-01
-2.086858606303644281e-01
-2.086858606303644281e-01
-2.086858606303644281e-01
-2.086858606303644281e-01
-2.086858606303644281e-01
-2.086858606303644281e-01
-2.086858606303644281e-01
-2.086858606303644281e-01
-2.086858606303644281e-01
-2.086858606303644281e-01
-2.086858606303644281e-01
-2.086858606303644281e-01
-2.152316471978942547e-01
-2.152316471978942547e-01
-2.152316471978942547e-01
-2.152316471978942547e-01
-2.175916700909802382e-01
-2.175916700909802382e-01
-2.175916700909802382e-01
-2.175916700909802382e-01
-2.175916700909802382e-01
-2.175916700909802382e-01
-2.175916700909802382e-01
-2.175916700909802382e-01
-2.175916700909802382e-01
-2.175916700909802382e-01
-2.175916700909802382e-01
-2.175916700909802382e-01
-2.175916700909802382e-01
-2.175916700909802382e-01
-2.175916700909802382e-01
-2.175916700909802382e-01
-2.556884056222123447e-01
-2.556884056222123447e-01
-2.556884056222123447e-01
-2.556884056222123447e-01
-2.556884056222123447e-01
-2.556884056222123447e-01
-2.556884056222123447e-01
-2.556884056222123447e-01
-2.556884056222123447e-01
-2.556884056222123447e-01
-2.556884056222123447e-01
-2.556884056222123447e-01
-2.556884056222123447e-01
-2.556884056222123447e-01
-2.556884056222123447e-01
-2.556884056222123447e-01
-2.556884056222123447e-01
-2.556884056222123447e-01
-2.556884056222123447e-01
-2.556884056222123447e-01
-2.556884056222123447e-01
-2.556884056222123447e-01
-2.556884056222123447e-01
-2.556884056222123447e-01
-2.556884056222123447e-01
-2.556884056222123447e-01
-2.556884056222123447e-01
-2.556884056222123447e-01
-2.556884056222123447e-01
-2.556884056222123447e-01
-2.556884056222123447e-01
-2.556884056222123447e-01
-2.556884056222123447e-01
-2.556884056222123447e-01
-2.556884056222123447e-01
-2.556884056222123447e-01
-2.556884056222123447e-01
-2.556884056222123447e-01
-2.556884056222123447e-01
-2.556884056222123447e-01
-2.556884056222123447e-01
-2.556884056222123447e-01
-2.556884056222123447e-01
-2.556884056222123447e-01
-2.556884056222123447e-01
-2.556884056222123447e-01
-2.556884056222123447e-01
-2.556884056222123447e-01
-2.556884056222123447e-01
-2.556884056222123447e-01
-2.556884056222123447e-01
-2.556884056222123447e-01
-2.556884056222123447e-01
-2.556884056222123447e-01
-2.556884056222123447e-01
-2.556884056222123447e-01
-2.556884056222123447e-01
-2.556884056222123447e-01
-2.556884056222123447e-01
-2.556884056222123447e-01
-2.556884056222123447e-01
-2.556884056222123447e-01
-2.556884056222123447e-01
-2.556884056222123447e-01
-2.571610568848007872e-01
-2.571610568848007872e-01
-2.571610568848007872e-01
-2.571610568848007872e-01
-3.226977711292826623e-01
-3.226977711292826623e-01
-3.226977711292826623e-01
-3.226977711292826623e-01
-3.226977711292826623e-01
-3.226977711292826623e-01
-3.226977711292826623e-01
-3.332138913525885537e-01
-3.332138913525885537e-01
-3.463414684397987942e-01
-3.463414684397987942e-01
-3.463414684397987942e-01
-3.463414684397987942e-01
-3.463414684397987942e-01
-3.463414684397987942e-01
-3.463414684397987942e-01
-3.463414684397987942e-01
-3.463414684397987942e-01
-3.726506671720626884e-01
-3.726506671720626884e-01
-3.726506671720626884e-01
-3.726506671720626884e-01
-3.726506671720626884e-01
-3.726506671720626884e-01
-3.726506671720626884e-01
-3.726506671720626884e-01
-3.726506671720626884e-01
-3.726506671720626884e-01
-3.726506671720626884e-01
-3.726506671720626884e-01
-3.726506671720626884e-01
-3.726506671720626884e-01
-3.726506671720626884e-01
-3.726506671720626884e-01
-3.726506671720626884e-01
-3.726506671720626884e-01
-3.726506671720626884e-01
-3.726506671720626884e-01
-3.726506671720626884e-01
-3.726506671720626884e-01
-3.726506671720626884e-01
-3.726506671720626884e-01
-3.726506671720626884e-01
-3.726506671720626884e-01
-3.726506671720626884e-01
-3.726506671720626884e-01
-3.726506671720626884e-01
-3.726506671720626884e-01
-3.726506671720626884e-01
-3.726506671720626884e-01
-3.726506671720626884e-01
-3.726506671720626884e-01
-3.726506671720626884e-01
-3.726506671720626884e-01
-3.726506671720626884e-01
-3.726506671720626884e-01
-3.726506671720626884e-01
-3.726506671720626884e-01
-3.726506671720626884e-01
-3.726506671720626884e-01
-3.726506671720626884e-01
-3.726506671720626884e-01
-3.726506671720626884e-01
-3.726506671720626884e-01
-3.726506671720626884e-01
-3.762609448691371372e-01
-3.762609448691371372e-01
-3.762609448691371372e-01
-3.762609448691371372e-01
-3.762609448691371372e-01
-3.762609448691371372e-01
-3.762609448691371372e-01
-3.762609448691371372e-01
-3.762609448691371372e-01
-3.762609448691371372e-01
-3.762609448691371372e-01
-3.762609448691371372e-01
-3.762609448691371372e-01
-3.762609448691371372e-01
-3.762609448691371372e-01
-3.762609448691371372e-01
-3.762609448691371372e-01
-3.762609448691371372e-01
-3.762609448691371372e-01
-3.762609448691371372e-01
-3.762609448691371372e-01
-3.762609448691371372e-01
-3.762609448691371372e-01
-3.762609448691371372e-01
-3.762609448691371372e-01
-3.762609448691371372e-01
-3.762609448691371372e-01
-3.762609448691371372e-01
-3.762609448691371372e-01
-3.762609448691371372e-01
-3.762609448691371372e-01
-3.762609448691371372e-01
-3.762609448691371372e-01
-3.762609448691371372e-01
-3.762609448691371372e-01
-3.762609448691371372e-01
-3.762609448691371372e-01
-3.762609448691371372e-01
-3.762609448691371372e-01
-3.762609448691371372e-01
-3.762609448691371372e-01
-3.762609448691371372e-01
-3.762609448691371372e-01
-3.762609448691371372e-01
-3.762609448691371372e-01
-3.762609448691371372e-01
-3.762609448691371372e-01
-3.762609448691371372e-01
-3.762609448691371372e-01
-3.762609448691371372e-01
-3.762609448691371372e-01
-3.762609448691371372e-01
-3.762609448691371372e-01
-3.762609448691371372e-01
-3.762609448691371372e-01
-3.762609448691371372e-01
-3.762609448691371372e-01
-3.762609448691371372e-01
-3.762609448691371372e-01
-3.762609448691371372e-01
-3.867664792734502033e-01
-3.867664792734502033e-01
-3.867664792734502033e-01
-3.867664792734502033e-01
-3.867664792734502033e-01
-3.867664792734502033e-01
-3.867664792734502033e-01
-3.867664792734502033e-01
-3.867664792734502033e-01
-3.867664792734502033e-01
-3.867664792734502033e-01
-3.867664792734502033e-01
-3.867664792734502033e-01
-3.867664792734502033e-01
-3.867664792734502033e-01
-3.867664792734502033e-01
-3.867664792734502033e-01
-3.867664792734502033e-01
-3.867664792734502033e-01
-3.867664792734502033e-01
-3.867664792734502033e-01
-3.867664792734502033e-01
-3.867664792734502033e-01
-3.867664792734502033e-01
-3.867664792734502033e-01
-3.867664792734502033e-01
-3.867664792734502033e-01
-3.867664792734502033e-01
-3.867664792734502033e-01
-3.867664792734502033e-01
-3.867664792734502033e-01
-3.867664792734502033e-01
-3.867664792734502033e-01
-3.867664792734502033e-01
-3.867664792734502033e-01
-3.867664792734502033e-01
-3.867664792734502033e-01
-3.867664792734502033e-01
-3.867664792734502033e-01
-3.867664792734502033e-01
-3.867664792734502033e-01
-3.867664792734502033e-01
-3.867664792734502033e-01
-3.867664792734502033e-01
-3.867664792734502033e-01
-3.867664792734502033e-01
-3.867664792734502033e-01
-3.867664792734502033e-01
-4.050985288777170235e-01
-4.050985288777170235e-01
-4.050985288777170235e-01
-4.050985288777170235e-01
-4.050985288777170235e-01
-4.050985288777170235e-01
-4.050985288777170235e-01
-4.050985288777170235e-01
-4.050985288777170235e-01
-4.050985288777170235e-01
-4.050985288777170235e-01
-4.050985288777170235e-01
-4.050985288777170235e-01
-4.050985288777170235e-01
-4.050985288777170235e-01
-4.050985288777170235e-01
-4.050985288777170235e-01
-4.050985288777170235e-01
-4.050985288777170235e-01
-4.050985288777170235e-01
-4.050985288777170235e-01
-4.050985288777170235e-01
-4.050985288777170235e-01
-4.050985288777170235e-01
-4.050985288777170235e-01
-4.050985288777170235e-01
-4.050985288777170235e-01
-4.050985288777170235e-01
-4.050985288777170235e-01
-4.050985288777170235e-01
-4.050985288777170235e-01
-4.050985288777170235e-01
-4.050985288777170235e-01
-4.050985288777170235e-01
-4.050985288777170235e-01
-4.050985288777170235e-01
-4.050985288777170235e-01
-4.050985288777170235e-01
-4.050985288777170235e-01
-4.050985288777170235e-01
-4.050985288777170235e-01
-4.050985288777170235e-01
-4.050985288777170235e-01
-4.050985288777170235e-01
-4.050985288777170235e-01
-4.050985288777170235e-01
-4.050985288777170235e-01
-4.050985288777170235e-01
-4.050985288777170235e-01
-4.050985288777170235e-01
-4.050985288777170235e-01
-4.050985288777170235e-01
-4.050985288777170235e-01
-4.050985288777170235e-01
-4.050985288777170235e-01
-4.050985288777170235e-01
-4.050985288777170235e-01
-4.050985288777170235e-01
-4.189766502766304468e-01
-4.189766502766304468e-01
-4.189766502766304468e-01
-4.189766502766304468e-01
-4.189766502766304468e-01
-4.189766502766304468e-01
-4.189766502766304468e-01
-4.189766502766304468e-01
-4.189766502766304468e-01
-4.189766502766304468e-01
-4.189766502766304468e-01
-4.189766502766304468e-01
-4.189766502766304468e-01
-4.237106634212776113e-01
-4.237106634212776113e-01
-4.237106634212776113e-01
-4.237106634212776113e-01
-4.237106634212776113e-01
-4.237106634212776113e-01
-4.237106634212776113e-01
-4.237106634212776113e-01
-4.237106634212776113e-01
-4.237106634212776113e-01
-4.237106634212776113e-01
-4.237106634212776113e-01
-4.237106634212776113e-01
-4.237106634212776113e-01
-4.237106634212776113e-01
-4.237106634212776113e-01
-4.237106634212776113e-01
-4.237106634212776113e-01
-4.318717792512538067e-01
-4.318717792512538067e-01
-4.318717792512538067e-01
-4.318717792512538067e-01
-4.318717792512538067e-01
-4.318717792512538067e-01
-4.318717792512538067e-01
-4.318717792512538067e-01
-4.318717792512538067e-01
-4.318717792512538067e-01
-4.318717792512538067e-01
-4.318717792512538067e-01
-4.318717792512538067e-01
-4.318717792512538067e-01
-4.318717792512538067e-01
-4.318717792512538067e-01
-4.318717792512538067e-01
-4.318717792512538067e-01
-4.318717792512538067e-01
-4.318717792512538067e-01
-4.318717792512538067e-01
-4.353204650207199711e-01
-4.353204650207199711e-01
-4.353204650207199711e-01
-4.353204650207199711e-01
-4.353204650207199711e-01
-4.353204650207199711e-01
-4.353204650207199711e-01
-4.353204650207199711e-01
-4.353204650207199711e-01
-4.353204650207199711e-01
-4.353204650207199711e-01
-4.353204650207199711e-01
-4.353204650207199711e-01
-4.353204650207199711e-01
-4.353204650207199711e-01
-4.353204650207199711e-01
-4.353204650207199711e-01
-4.353204650207199711e-01
-4.353204650207199711e-01
-4.353204650207199711e-01
-4.353204650207199711e-01
-4.353204650207199711e-01
-4.353204650207199711e-01
-4.353204650207199711e-01
-4.353204650207199711e-01
-4.353204650207199711e-01
-4.353204650207199711e-01
-4.353204650207199711e-01
-4.353204650207199711e-01
-4.353204650207199711e-01
-4.353204650207199711e-01
-4.353204650207199711e-01
-4.353204650207199711e-01
-4.353204650207199711e-01
-4.353204650207199711e-01
-4.353204650207199711e-01
-4.353204650207199711e-01
-4.353204650207199711e-01
-4.353204650207199711e-01
-4.383116859920815345e-01
-4.383116859920815345e-01
-4.383116859920815345e-01
-4.383116859920815345e-01
-4.383116859920815345e-01
-4.383116859920815345e-01
-4.383116859920815345e-01
-4.383116859920815345e-01
-4.383116859920815345e-01
-4.383116859920815345e-01
-4.383116859920815345e-01
-4.383116859920815345e-01
-4.383116859920815345e-01
-4.383116859920815345e-01
-4.383116859920815345e-01
-4.383116859920815345e-01
-4.383116859920815345e-01
-4.383116859920815345e-01
-4.383116859920815345e-01
-4.383116859920815345e-01
-4.383116859920815345e-01
-4.383116859920815345e-01
-4.383116859920815345e-01
-4.383116859920815345e-01
-4.383116859920815345e-01
-4.383116859920815345e-01
-4.383116859920815345e-01
-4.383116859920815345e-01
-4.383116859920815345e-01
-4.383116859920815345e-01
-4.383116859920815345e-01
-4.383116859920815345e-01
-4.383116859920815345e-01
-4.383116859920815345e-01
-4.386330117671617956e-01
-4.386330117671617956e-01
-4.386330117671617956e-01
-4.386330117671617956e-01
-4.386330117671617956e-01
-4.386330117671617956e-01
-4.386330117671617956e-01
-4.386330117671617956e-01
-4.386330117671617956e-01
-4.386330117671617956e-01
-4.386330117671617956e-01
-4.386330117671617956e-01
-4.386330117671617956e-01
-4.386330117671617956e-01
-4.386330117671617956e-01
-4.386330117671617956e-01
-4.386330117671617956e-01
-4.386330117671617956e-01
-4.386330117671617956e-01
-4.386330117671617956e-01
-4.386330117671617956e-01
-4.386330117671617956e-01
-4.386330117671617956e-01
-4.386330117671617956e-01
-4.386330117671617956e-01
-4.386330117671617956e-01
-4.386330117671617956e-01
-4.386330117671617956e-01
-4.386330117671617956e-01
-4.386330117671617956e-01
-4.386330117671617956e-01
-4.386330117671617956e-01
-4.386330117671617956e-01
-4.386330117671617956e-01
-4.386330117671617956e-01
-4.386330117671617956e-01
-4.386330117671617956e-01
-4.386330117671617956e-01
-4.386330117671617956e-01
-4.386330117671617956e-01
-4.386330117671617956e-01
-4.386330117671617956e-01
-4.386330117671617956e-01
-4.386330117671617956e-01
-4.386330117671617956e-01
-4.386330117671617956e-01
-4.386330117671617956e-01
-4.386330117671617956e-01
-4.386330117671617956e-01
-4.386330117671617956e-01
-4.386330117671617956e-01
-4.386330117671617956e-01
-4.386330117671617956e-01
-4.386330117671617956e-01
-4.386330117671617956e-01
-4.386330117671617956e-01
-4.386330117671617956e-01
-4.386330117671617956e-01
-4.386330117671617956e-01
-4.386330117671617956e-01
-4.386330117671617956e-01
-4.386330117671617956e-01
-4.386330117671617956e-01
-4.386330117671617956e-01
-4.386330117671617956e-01
-4.386330117671617956e-01
-4.386330117671617956e-01
-4.391833860837804915e-01
-4.391833860837804915e-01
-4.391833860837804915e-01
-4.391833860837804915e-01
-4.391833860837804915e-01
-4.391833860837804915e-01
-4.391833860837804915e-01
-4.391833860837804915e-01
-4.391833860837804915e-01
-4.391833860837804915e-01
-4.391833860837804915e-01
-4.391833860837804915e-01
-4.391833860837804915e-01
-4.391833860837804915e-01
-4.391833860837804915e-01
-4.391833860837804915e-01
-4.391833860837804915e-01
-4.391833860837804915e-01
-4.391833860837804915e-01
-4.391833860837804915e-01
-4.391833860837804915e-01
-4.391833860837804915e-01
-4.391833860837804915e-01
-4.391833860837804915e-01
-4.391833860837804915e-01
-4.391833860837804915e-01
-4.391833860837804915e-01
-4.395591396608948820e-01
-4.395591396608948820e-01
-4.395591396608948820e-01
-4.395591396608948820e-01
-4.395591396608948820e-01
-4.395591396608948820e-01
-4.395591396608948820e-01
-4.395591396608948820e-01
-4.395591396608948820e-01
-4.395591396608948820e-01
-4.395591396608948820e-01
-4.395591396608948820e-01
-4.395591396608948820e-01
-4.395900255589346162e-01
-4.395900255589346162e-01
-4.402690423313931345e-01
-4.402690423313931345e-01
-4.402690423313931345e-01
-4.402690423313931345e-01
-4.402690423313931345e-01
-4.402690423313931345e-01
-4.402690423313931345e-01
-4.403913304522860117e-01
-4.403913304522860117e-01
-4.403913304522860117e-01
-4.403913304522860117e-01
-4.403913304522860117e-01
-4.403913304522860117e-01
-4.403913304522860117e-01
-4.403913304522860117e-01
-4.403913304522860117e-01
-4.403913304522860117e-01
-4.403913304522860117e-01
-4.403913304522860117e-01
-4.403913304522860117e-01
-4.403913304522860117e-01
-4.403913304522860117e-01
-4.405801347878931518e-01
-4.405801347878931518e-01
-4.405801347878931518e-01
-4.405801347878931518e-01
-4.405801347878931518e-01
-4.405801347878931518e-01
-4.405801347878931518e-01
-4.405801347878931518e-01
-4.405801347878931518e-01
-4.405801347878931518e-01
-4.405801347878931518e-01
-4.405801347878931518e-01
-4.405801347878931518e-01
-4.405801347878931518e-01
-4.405801347878931518e-01
-4.405801347878931518e-01
-4.405801347878931518e-01
-4.405801347878931518e-01
-4.405801347878931518e-01
-4.405801347878931518e-01
-4.405801347878931518e-01
-4.405801347878931518e-01
-4.405801347878931518e-01
-4.405801347878931518e-01
-4.405801347878931518e-01
-4.405801347878931518e-01
-4.405801347878931518e-01
-4.405801347878931518e-01
-4.405801347878931518e-01
-4.405801347878931518e-01
-4.405801347878931518e-01
-4.405801347878931518e-01
-4.405801347878931518e-01
-4.405801347878931518e-01
-4.405801347878931518e-01
-4.405801347878931518e-01
-4.405801347878931518e-01
-4.405801347878931518e-01
-4.405801347878931518e-01
-4.405801347878931518e-01
-4.405801347878931518e-01
-4.405801347878931518e-01
-4.405801347878931518e-01
-4.405801347878931518e-01
-4.405801347878931518e-01
-4.405801347878931518e-01
-4.405801347878931518e-01
-4.405801347878931518e-01
-4.405801347878931518e-01
-4.405801347878931518e-01
-4.405801347878931518e-01
-4.405801347878931518e-01
-4.405808340770648868e-01
-4.405808340770648868e-01
-4.405808340770648868e-01
-4.405808340770648868e-01
-4.405808340770648868e-01
-4.405808340770648868e-01
-4.405808340770648868e-01
-4.405808340770648868e-01
-4.405808340770648868e-01
-4.405808340770648868e-01
-4.405808340770648868e-01
-4.405808340770648868e-01
-4.405808340770648868e-01
-4.405808340770648868e-01
-4.405808340770648868e-01
-4.405808340770648868e-01
-4.406214002563541565e-01
-4.406214002563541565e-01
-4.406214002563541565e-01
-4.406214002563541565e-01
-4.406214002563541565e-01
-4.406214002563541565e-01
-4.406214002563541565e-01
-4.406214002563541565e-01
-4.406214002563541565e-01
-4.406214002563541565e-01
-4.406214002563541565e-01
-4.406214002563541565e-01
-4.406214002563541565e-01
-4.406214002563541565e-01
-4.406214002563541565e-01
-4.406214002563541565e-01
-4.406214002563541565e-01
-4.406214002563541565e-01
-4.406214002563541565e-01
-4.406214002563541565e-01
-4.406214002563541565e-01
-4.406214002563541565e-01
-4.406214002563541565e-01
-4.406214002563541565e-01
-4.406214002563541565e-01
-4.406214002563541565e-01
-4.406214002563541565e-01
-4.406214002563541565e-01
-4.406214002563541565e-01
-4.406214002563541565e-01
-4.406214002563541565e-01
-4.406214002563541565e-01
-4.406214002563541565e-01
-4.406214002563541565e-01
-4.406214002563541565e-01
-4.406214002563541565e-01
-4.406214002563541565e-01
-4.406214002563541565e-01
-4.406214002563541565e-01
-4.406214002563541565e-01
-4.407263426434520626e-01
-4.407263426434520626e-01
-4.407263426434520626e-01
-4.407263426434520626e-01
-4.407263426434520626e-01
-4.407263426434520626e-01
-4.407263426434520626e-01
-4.407263426434520626e-01
-4.407263426434520626e-01
-4.407263426434520626e-01
-4.407263426434520626e-01
-4.407263426434520626e-01
-4.407263426434520626e-01
-4.407263426434520626e-01
-4.407263426434520626e-01
-4.407263426434520626e-01
-4.407263426434520626e-01
-4.407263426434520626e-01
-4.407263426434520626e-01
-4.407263426434520626e-01
-4.407263426434520626e-01
-4.407263426434520626e-01
-4.407263426434520626e-01
-4.407263426434520626e-01
-4.407263426434520626e-01
-4.407263426434520626e-01
-4.407263426434520626e-01
-4.407263426434520626e-01
-4.407263426434520626e-01
-4.407263426434520626e-01
-4.407263426434520626e-01
-4.407263426434520626e-01
-4.407263426434520626e-01
-4.407263426434520626e-01
-4.407263426434520626e-01
-4.407263426434520626e-01
-4.407263426434520626e-01
-4.407263426434520626e-01
-4.407263426434520626e-01
-4.407263426434520626e-01
-4.407263426434520626e-01
-4.407263426434520626e-01
-4.407263426434520626e-01
-4.407263426434520626e-01
-4.407263426434520626e-01
-4.407263426434520626e-01
-4.407263426434520626e-01
-4.407263426434520626e-01
-4.407263426434520626e-01
-4.407263426434520626e-01
-4.407263426434520626e-01
-4.407263426434520626e-01
-4.407263426434520626e-01
-4.407263426434520626e-01
-4.407263426434520626e-01
-4.407263426434520626e-01
-4.407263426434520626e-01
-4.407263426434520626e-01
-4.407263426434520626e-01
-4.407263426434520626e-01
-4.407263426434520626e-01
-4.407263426434520626e-01
-4.407263426434520626e-01
-4.407263426434520626e-01
-4.407263426434520626e-01
-4.407263426434520626e-01
-4.407263426434520626e-01
-4.407263426434520626e-01
-4.407263426434520626e-01
-4.407263426434520626e-01
-4.407263426434520626e-01
-4.407263426434520626e-01
-4.407263426434520626e-01
-4.407263426434520626e-01
-4.407263426434520626e-01
-4.407295174152655592e-01
-4.407295174152655592e-01
-4.407295174152655592e-01
-4.407295174152655592e-01
-4.407368646056539774e-01
-4.407368646056539774e-01
-4.407368646056539774e-01
-4.407385196607305766e-01
-4.407385196607305766e-01
-4.407385196607305766e-01
-4.407385196607305766e-01
-4.407385196607305766e-01
-4.407500765237206131e-01
-4.407500765237206131e-01
-4.407500765237206131e-01
-4.407500765237206131e-01
-4.407551582524068534e-01
-4.407551582524068534e-01
-4.407551582524068534e-01
-4.407551582524068534e-01
-4.407551582524068534e-01
-4.407551582524068534e-01
-4.407577366684464759e-01
-4.407577366684464759e-01
-4.407577366684464759e-01
-4.407577366684464759e-01
-4.407577366684464759e-01
-4.407577366684464759e-01
-4.407577366684464759e-01
-4.407577366684464759e-01
-4.407577366684464759e-01
-4.407577366684464759e-01
-4.407577366684464759e-01
-4.407577366684464759e-01
-4.407577366684464759e-01
-4.407602165257918925e-01
-4.407602165257918925e-01
-4.407602165257918925e-01
-4.407602165257918925e-01
-4.407602165257918925e-01
-4.407602165257918925e-01
-4.407602165257918925e-01
-4.407687559769332131e-01
-4.407687559769332131e-01
-4.407687559769332131e-01
-4.407687559769332131e-01
-4.407687559769332131e-01
-4.407687559769332131e-01
-4.407687559769332131e-01
-4.407687559769332131e-01
-4.407687559769332131e-01
-4.407687559769332131e-01
-4.407687559769332131e-01
-4.407687559769332131e-01
-4.407687559769332131e-01
-4.407687559769332131e-01
-4.407687559769332131e-01
-4.407688714034636024e-01
-4.407688714034636024e-01
-4.407688714034636024e-01
-4.407688714034636024e-01
-4.407688714034636024e-01
-4.407688714034636024e-01
-4.407688714034636024e-01
-4.407688714034636024e-01
-4.407688714034636024e-01
-4.407688714034636024e-01
-4.407688714034636024e-01
-4.407688714034636024e-01
-4.407688714034636024e-01
-4.407688714034636024e-01
-4.407688714034636024e-01
-4.407688714034636024e-01
-4.407688714034636024e-01
-4.407688714034636024e-01
-4.407688714034636024e-01
-4.407688714034636024e-01
-4.407688714034636024e-01
-4.407688714034636024e-01
-4.407688714034636024e-01
-4.407688714034636024e-01
-4.407711798524832636e-01
-4.407711798524832636e-01
-4.407711798524832636e-01
-4.407711798524832636e-01
-4.407711798524832636e-01
-4.407711798524832636e-01
-4.407711798524832636e-01
-4.407711798524832636e-01
-4.407711798524832636e-01
-4.407711798524832636e-01
-4.407711798524832636e-01
-4.407711798524832636e-01
-4.407711798524832636e-01
-4.407711798524832636e-01
-4.407711798524832636e-01
-4.407711798524832636e-01
-4.407725916697113888e-01
-4.407725916697113888e-01
-4.407725916697113888e-01
-4.407725916697113888e-01
-4.407725916697113888e-01
-4.407725916697113888e-01
-4.407725916697113888e-01
-4.407725916697113888e-01
-4.407725916697113888e-01
-4.407729437098406033e-01
-4.407729437098406033e-01
-4.407729437098406033e-01
-4.407729437098406033e-01
-4.407729437098406033e-01
-4.407729437098406033e-01
-4.407734307391815154e-01
-4.407734307391815154e-01
-4.407734307391815154e-01
-4.407734307391815154e-01
-4.407734307391815154e-01
-4.407734307391815154e-01
-4.407734307391815154e-01
-4.407734307391815154e-01
-4.407734307391815154e-01
-4.407734307391815154e-01
-4.407734307391815154e-01
-4.407734307391815154e-01
-4.407734307391815154e-01
-4.407734307391815154e-01
-4.407734307391815154e-01
-4.407734307391815154e-01
-4.407734307391815154e-01
-4.407734307391815154e-01
-4.407734307391815154e-01
-4.407734307391815154e-01
-4.407734307391815154e-01
-4.407734307391815154e-01
-4.407734307391815154e-01
-4.407734307391815154e-01
-4.407734307391815154e-01
-4.407734307391815154e-01
-4.407734307391815154e-01
-4.407734307391815154e-01
-4.407734307391815154e-01
-4.407734307391815154e-01
-4.407734307391815154e-01
-4.407734307391815154e-01
-4.407740356121845893e-01
-4.407740356121845893e-01
-4.407740356121845893e-01
-4.407740356121845893e-01
-4.407745292725104846e-01
-4.407745292725104846e-01
-4.407745292725104846e-01
-4.407745292725104846e-01
-4.407745292725104846e-01
-4.407745292725104846e-01
-4.407745292725104846e-01
-4.407745292725104846e-01
-4.407745292725104846e-01
-4.407745292725104846e-01
-4.407745292725104846e-01
-4.407745292725104846e-01
-4.407745292725104846e-01
-4.407745292725104846e-01
-4.407745292725104846e-01
-4.407745292725104846e-01
-4.407745292725104846e-01
-4.407745292725104846e-01
-4.407745292725104846e-01
-4.407745292725104846e-01
-4.407745292725104846e-01
-4.407745292725104846e-01
-4.407745292725104846e-01
-4.407745292725104846e-01
-4.407745292725104846e-01
-4.407745292725104846e-01
-4.407745292725104846e-01
-4.407745292725104846e-01
-4.407745292725104846e-01
-4.407745292725104846e-01
-4.407745292725104846e-01
-4.407745292725104846e-01
-4.407745292725104846e-01
-4.407745292725104846e-01
-4.407745292725104846e-01
-4.407745292725104846e-01
-4.407745292725104846e-01
-4.407745292725104846e-01
-4.407745292725104846e-01
-4.407745292725104846e-01
-4.407745292725104846e-01
-4.407745292725104846e-01
-4.407745292725104846e-01
-4.407745292725104846e-01
-4.407745292725104846e-01
-4.407745292725104846e-01
-4.407745292725104846e-01
-4.407745292725104846e-01
-4.407745292725104846e-01
-4.407745292725104846e-01
-4.407745292725104846e-01
-4.407745292725104846e-01
-4.407745292725104846e-01
-4.407745292725104846e-01
-4.407745292725104846e-01
-4.407745292725104846e-01
-4.407745292725104846e-01
-4.407745292725104846e-01
-4.407745292725104846e-01
-4.407745292725104846e-01
-4.407745292725104846e-01
-4.407745292725104846e-01
-4.407745292725104846e-01
-4.407745292725104846e-01
-4.407745292725104846e-01
-4.407745292725104846e-01
-4.407746399737687559e-01
-4.407746399737687559e-01
-4.407746399737687559e-01
-4.407748983815751864e-01
-4.407748983815751864e-01
-4.407748983815751864e-01
-4.407748983815751864e-01
-4.407748983815751864e-01
-4.407748983815751864e-01
-4.407748983815751864e-01
-4.407748983815751864e-01
-4.407748983815751864e-01
-4.407749721940867893e-01
-4.407749721940867893e-01
-4.407750766262247821e-01
-4.407750766262247821e-01
-4.407750766262247821e-01
-4.407750766262247821e-01
-4.407750766262247821e-01
-4.407750766262247821e-01
-4.407750766262247821e-01
-4.407750766262247821e-01
-4.407750766262247821e-01
-4.407750766262247821e-01
-4.407750766262247821e-01
-4.407750766262247821e-01
-4.407750766262247821e-01
-4.407750766262247821e-01
-4.407750766262247821e-01
-4.407750766262247821e-01
-4.407750766262247821e-01
-4.407750766262247821e-01
-4.407750766262247821e-01
-4.407750766262247821e-01
-4.407750766262247821e-01
-4.407750766262247821e-01
-4.407750766262247821e-01
-4.407750766262247821e-01
-4.407750766262247821e-01
-4.407750766262247821e-01
-4.407750766262247821e-01
-4.407750766262247821e-01
-4.407750766262247821e-01
-4.407750766262247821e-01
-4.407750766262247821e-01
-4.407750766262247821e-01
-4.407750766262247821e-01
-4.407750766262247821e-01
-4.407750766262247821e-01
-4.407750766262247821e-01
-4.407750766262247821e-01
-4.407750766262247821e-01
-4.407750766262247821e-01
-4.407750766262247821e-01
-4.407750766262247821e-01
-4.407750766262247821e-01
-4.407750766262247821e-01
-4.407750766262247821e-01
-4.407750766262247821e-01
-4.407750766262247821e-01
-4.407750766262247821e-01
-4.407750766262247821e-01
-4.407750766262247821e-01
-4.407750766262247821e-01
-4.407750766262247821e-01
-4.407750766262247821e-01
-4.407750766262247821e-01
-4.407750766262247821e-01
-4.407750766262247821e-01
-4.407750766262247821e-01
-4.407750766262247821e-01
-4.407750766262247821e-01
-4.407750766262247821e-01
-4.407750766262247821e-01
-4.407750766262247821e-01
-4.407750766262247821e-01
-4.407750766262247821e-01
-4.407750766262247821e-01
-4.407750766262247821e-01
-4.407750766262247821e-01
-4.407750766262247821e-01
-4.407750766262247821e-01
-4.407750766262247821e-01
-4.407750766262247821e-01
-4.407750766262247821e-01
-4.407750766262247821e-01
-4.407750766262247821e-01
-4.407750766262247821e-01
-4.407750766262247821e-01
-4.407750766262247821e-01
-4.407750766262247821e-01
-4.407750766262247821e-01
-4.407750766262247821e-01
-4.407750766262247821e-01
-4.407750766262247821e-01
-4.407750766262247821e-01
-4.407750766262247821e-01
-4.407750766262247821e-01
-4.407750766262247821e-01
-4.407750766262247821e-01
-4.407750766262247821e-01
-4.407750766262247821e-01
-4.407750766262247821e-01
-4.407750766262247821e-01
-4.407752012109728001e-01
-4.407752012109728001e-01
-4.407752012109728001e-01
-4.407752012109728001e-01
-4.407752012109728001e-01
-4.407752012109728001e-01
-4.407752012109728001e-01
-4.407752012109728001e-01
-4.407752012109728001e-01
-4.407752012109728001e-01
-4.407752012109728001e-01
-4.407752012109728001e-01
-4.407752012109728001e-01
-4.407752012109728001e-01
-4.407752012109728001e-01
-4.407752012109728001e-01
-4.407752012109728001e-01
-4.407752012109728001e-01
-4.407752012109728001e-01
-4.407752012109728001e-01
-4.407752012109728001e-01
-4.407752012109728001e-01
-4.407752012109728001e-01
-4.407752012109728001e-01
-4.407752012109728001e-01
-4.407752012109728001e-01
-4.407752012109728001e-01
-4.407752012109728001e-01
-4.407752012109728001e-01
-4.407752012109728001e-01
-4.407752012109728001e-01
-4.407752012109728001e-01
-4.407752012109728001e-01
-4.407752012109728001e-01
-4.407752012109728001e-01
-4.407752012109728001e-01
-4.407752012109728001e-01
-4.407752012109728001e-01
-4.407752012109728001e-01
-4.407752012109728001e-01
-4.407752012109728001e-01
-4.407752012109728001e-01
-4.407752012109728001e-01
-4.407752012109728001e-01
-4.407752012109728001e-01
-4.407752012109728001e-01
-4.407752012109728001e-01
-4.407752012109728001e-01
-4.407752012109728001e-01
-4.407752012109728001e-01
-4.407752012109728001e-01
-4.407752012109728001e-01
-4.407752012109728001e-01
-4.407752012109728001e-01
-4.407752012109728001e-01
-4.407752012109728001e-01
-4.407752012109728001e-01
-4.407752012109728001e-01
-4.407752012109728001e-01
-4.407752012109728001e-01
-4.407752012109728001e-01
-4.407752012109728001e-01
-4.407752012109728001e-01
-4.407752012109728001e-01
-4.407752012109728001e-01
-4.407752012109728001e-01
-4.407752012109728001e-01
-4.407752012109728001e-01
-4.407752012109728001e-01
-4.407752012109728001e-01
-4.407752012109728001e-01
-4.407752012109728001e-01
-4.407752012109728001e-01
-4.407752012109728001e-01
-4.407752012109728001e-01
-4.407752684481763827e-01
-4.407752684481763827e-01
-4.407752684481763827e-01
-4.407752684481763827e-01
-4.407752684481763827e-01
-4.407752684481763827e-01
-4.407752684481763827e-01
-4.407752684481763827e-01
-4.407752684481763827e-01
-4.407752684481763827e-01
-4.407752684481763827e-01
-4.407752684481763827e-01
-4.407752684481763827e-01
-4.407752684481763827e-01
-4.407752684481763827e-01
-4.407752684481763827e-01
-4.407752684481763827e-01
-4.407752684481763827e-01
-4.407752684481763827e-01
-4.407752684481763827e-01
-4.407752684481763827e-01
-4.407752684481763827e-01
-4.407752684481763827e-01
-4.407752684481763827e-01
-4.407752684481763827e-01
-4.407752684481763827e-01
-4.407752684481763827e-01
-4.407752684481763827e-01
-4.407752684481763827e-01
-4.407752684481763827e-01
-4.407752684481763827e-01
-4.407752684481763827e-01
-4.407752684481763827e-01
-4.407752684481763827e-01
-4.407752684481763827e-01
-4.407752684481763827e-01
-4.407752684481763827e-01
-4.407752684481763827e-01
-4.407752684481763827e-01
-4.407752684481763827e-01
-4.407752684481763827e-01
-4.407752684481763827e-01
-4.407752684481763827e-01
-4.407752684481763827e-01
-4.407752684481763827e-01
-4.407752684481763827e-01
-4.407752684481763827e-01
-4.407752684481763827e-01
-4.407752684481763827e-01
-4.407752684481763827e-01
-4.407752684481763827e-01
-4.407752684481763827e-01
-4.407752684481763827e-01
-4.407752684481763827e-01
-4.407752684481763827e-01
-4.407752684481763827e-01
-4.407752684481763827e-01
-4.407752684481763827e-01
-4.407752684481763827e-01
-4.407752684481763827e-01
-4.407752684481763827e-01
-4.407752684481763827e-01
-4.407752684481763827e-01
-4.407752684481763827e-01
-4.407752684481763827e-01
-4.407752684481763827e-01
-4.407752684481763827e-01
-4.407752684481763827e-01
-4.407752684481763827e-01
-4.407752684481763827e-01
-4.407752684481763827e-01
-4.407752684481763827e-01
-4.407752684481763827e-01
-4.407752684481763827e-01
-4.407752684481763827e-01
-4.407752684481763827e-01
-4.407752684481763827e-01
-4.407752684481763827e-01
-4.407752684481763827e-01
-4.407752684481763827e-01
-4.407752684481763827e-01
-4.407752684481763827e-01
-4.407752684481763827e-01
-4.407752684481763827e-01
-4.407752684481763827e-01
-4.407752832468095905e-01
-4.407752832468095905e-01
-4.407752832468095905e-01
-4.407752832468095905e-01
-4.407752832468095905e-01
-4.407752832468095905e-01
-4.407752832468095905e-01
-4.407752832468095905e-01
-4.407752832468095905e-01
-4.407752832468095905e-01
-4.407752832468095905e-01
-4.407752832468095905e-01
-4.407752832468095905e-01
-4.407752832468095905e-01
-4.407752832468095905e-01
-4.407752832468095905e-01
-4.407752832468095905e-01
-4.407752832468095905e-01
-4.407752832468095905e-01
-4.407752832468095905e-01
-4.407752832468095905e-01
-4.407752832468095905e-01
-4.407752832468095905e-01
-4.407752832468095905e-01
-4.407752832468095905e-01
-4.407752832468095905e-01
-4.407752832468095905e-01
-4.407752832468095905e-01
-4.407752832468095905e-01
-4.407752832468095905e-01
-4.407752832468095905e-01
-4.407752832468095905e-01
-4.407752832468095905e-01
-4.407752832468095905e-01
-4.407752832468095905e-01
-4.407752832468095905e-01
-4.407752832468095905e-01
-4.407752832468095905e-01
-4.407752832468095905e-01
-4.407752832468095905e-01
-4.407752832468095905e-01
-4.407752832468095905e-01
-4.407752832468095905e-01
-4.407752832468095905e-01
-4.407752832468095905e-01
-4.407752832468095905e-01
-4.407752832468095905e-01
-4.407752832468095905e-01
-4.407752832468095905e-01
-4.407752832468095905e-01
-4.407752832468095905e-01
-4.407752832468095905e-01
-4.407752832468095905e-01
-4.407752832468095905e-01
-4.407752832468095905e-01
-4.407752832468095905e-01
-4.407752832468095905e-01
-4.407752832468095905e-01
-4.407752832468095905e-01
-4.407752832468095905e-01
-4.407752832468095905e-01
-4.407752832468095905e-01
-4.407752832468095905e-01
-4.407752832468095905e-01
-4.407752832468095905e-01
-4.407752832468095905e-01
-4.407752832468095905e-01
-4.407752832468095905e-01
-4.407752832468095905e-01
-4.407752832468095905e-01
-4.407752832468095905e-01
-4.407752832468095905e-01
-4.407752832468095905e-01
-4.407752832468095905e-01
-4.407752832468095905e-01
-4.407752832468095905e-01
-4.407752832468095905e-01
-4.407752832468095905e-01
-4.407752832468095905e-01
-4.407752832468095905e-01
-4.407752832468095905e-01
-4.407752832468095905e-01
-4.407752832468095905e-01
-4.407752832468095905e-01
-4.407752832468095905e-01
-4.407752832468095905e-01
-4.407752832468095905e-01
-4.407752832468095905e-01
-4.407752832468095905e-01
-4.407752832468095905e-01
-4.407752832468095905e-01
-4.407752832468095905e-01
-4.407752832468095905e-01
-4.407752832468095905e-01
-4.407752832468095905e-01
-4.407752832468095905e-01
-4.407752832468095905e-01
-4.407752832468095905e-01
-4.407752832468095905e-01
-4.407752832468095905e-01
-4.407752832468095905e-01
-4.407752832468095905e-01
-4.407752832468095905e-01
-4.407752832468095905e-01
-4.407752832468095905e-01
-4.407752832468095905e-01
-4.407752832468095905e-01
-4.407752832468095905e-01
-4.407752832468095905e-01
-4.407752832468095905e-01
-4.407752832468095905e-01
-4.407752832468095905e-01
-4.407752832468095905e-01
-4.407752832468095905e-01
-4.407752832468095905e-01
-4.407752841123737664e-01
-4.407752844179078644e-01
-4.407752844179078644e-01
-4.407752844179078644e-01
-4.407752844179078644e-01
-4.407752844179078644e-01
-4.407752844179078644e-01
-4.407752844179078644e-01
-4.407752844179078644e-01
-4.407752844179078644e-01
-4.407752844179078644e-01
-4.407752844179078644e-01
-4.407752844179078644e-01
-4.407752844179078644e-01
-4.407752844179078644e-01
-4.407752844179078644e-01
-4.407752844179078644e-01
-4.407752844179078644e-01
-4.407752844179078644e-01
-4.407752844179078644e-01
-4.407752844179078644e-01
-4.407752844179078644e-01
-4.407752844179078644e-01
-4.407752844179078644e-01
-4.407752844179078644e-01
-4.407752844179078644e-01
-4.407752844179078644e-01
-4.407752844179078644e-01
-4.407752844179078644e-01
-4.407752844179078644e-01
-4.407752844179078644e-01
-4.407752844179078644e-01
-4.407752844179078644e-01
-4.407752844179078644e-01
-4.407752844179078644e-01
-4.407752844179078644e-01
-4.407752844179078644e-01
-4.407752844179078644e-01
-4.407752844179078644e-01
-4.407752844179078644e-01
-4.407752844179078644e-01
-4.407752844179078644e-01
-4.407752844179078644e-01
-4.407752844179078644e-01
-4.407752844179078644e-01
-4.407752844179078644e-01
-4.407752844179078644e-01
-4.407752844179078644e-01
-4.407752844179078644e-01
-4.407752844235811596e-01
-4.407752844235811596e-01
-4.407752844235811596e-01
-4.407752844235811596e-01
-4.407752844235811596e-01
-4.407752844235811596e-01
-4.407752844235811596e-01
-4.407752844235811596e-01
-4.407752844235811596e-01
-4.407752844235811596e-01
-4.407752844235811596e-01
-4.407752844235811596e-01
-4.407752844235811596e-01
-4.407752844235811596e-01
-4.407752844235811596e-01
-4.407752844235811596e-01
-4.407752844235811596e-01
-4.407752861035308944e-01
-4.407752861035308944e-01
-4.407752861035308944e-01
-4.407752861035308944e-01
-4.407752861035308944e-01
-4.407752861035308944e-01
-4.407752861035308944e-01
-4.407752861035308944e-01
-4.407752861035308944e-01
-4.407752861035308944e-01
-4.407752861035308944e-01
-4.407752869674754770e-01
-4.407752869674754770e-01
-4.407752869674754770e-01
-4.407752869674754770e-01
-4.407752869674754770e-01
-4.407752869674754770e-01
-4.407752869674754770e-01
-4.407752869674754770e-01
-4.407752869674754770e-01
-4.407752869674754770e-01
-4.407752869674754770e-01
-4.407752869674754770e-01
-4.407752869674754770e-01
-4.407752869674754770e-01
-4.407752869674754770e-01
-4.407752869674754770e-01
-4.407752869674754770e-01
-4.407752869674754770e-01
-4.407752869674754770e-01
-4.407752869674754770e-01
-4.407752869674754770e-01
-4.407752869674754770e-01
-4.407752869674754770e-01
-4.407752869674754770e-01
-4.407752869674754770e-01
-4.407752869674754770e-01
-4.407752869674754770e-01
-4.407752869674754770e-01
-4.407752869674754770e-01
-4.407752869674754770e-01
-4.407752869674754770e-01
-4.407752869674754770e-01
-4.407752869674754770e-01
-4.407752869674754770e-01
-4.407752869674754770e-01
-4.407752869674754770e-01
-4.407752869674754770e-01
-4.407752869674754770e-01
-4.407752869674754770e-01
-4.407752869674754770e-01
-4.407752869674754770e-01
-4.407752869674754770e-01
-4.407752869674754770e-01
-4.407752869674754770e-01
-4.407752869674754770e-01
-4.407752869674754770e-01
-4.407752869674754770e-01
-4.407752869674754770e-01
-4.407752869674754770e-01
-4.407752869674754770e-01
-4.407752869674754770e-01
-4.407752869674754770e-01
-4.407752869674754770e-01
-4.407752869674754770e-01
-4.407752869674754770e-01
-4.407752869674754770e-01
-4.407752869674754770e-01
-4.407752869674754770e-01
-4.407752869674754770e-01
-4.407752869674754770e-01
-4.407752869674754770e-01
-4.407752869674754770e-01
-4.407752869674754770e-01
-4.407752869674754770e-01
-4.407752869674754770e-01
-4.407752869674754770e-01
-4.407752871056161981e-01
-4.407752871056161981e-01
-4.407752871056161981e-01
-4.407752871056161981e-01
-4.407752871056161981e-01
-4.407752871056161981e-01
-4.407752871056161981e-01
-4.407752871056161981e-01
-4.407752871056161981e-01
-4.407752871056161981e-01
-4.407752871056161981e-01
-4.407752871056161981e-01
-4.407752871056161981e-01
-4.407752871056161981e-01
-4.407752871056161981e-01
-4.407752871056161981e-01
-4.407752871056161981e-01
-4.407752871056161981e-01
-4.407752871056161981e-01
-4.407752871056161981e-01
-4.407752871056161981e-01
-4.407752871056161981e-01
-4.407752871056161981e-01
-4.407752871056161981e-01
-4.407752871056161981e-01
-4.407752871056161981e-01
-4.407752871056161981e-01
-4.407752871056161981e-01
-4.407752871056161981e-01
-4.407752871056161981e-01
-4.407752871056161981e-01
-4.407752871056161981e-01
-4.407752871056161981e-01
-4.407752871056161981e-01
-4.407752871056161981e-01
-4.407752871056161981e-01
-4.407752871978075637e-01
-4.407752871978075637e-01
-4.407752871978075637e-01
-4.407752871978075637e-01
-4.407752871978075637e-01
-4.407752871978075637e-01
-4.407752871978075637e-01
-4.407752871978075637e-01
-4.407752871978075637e-01
-4.407752871978075637e-01
-4.407752871978075637e-01
-4.407752871978075637e-01
-4.407752871978075637e-01
-4.407752871978075637e-01
-4.407752871978075637e-01
-4.407752871978075637e-01
-4.407752871978075637e-01
-4.407752871978075637e-01
-4.407752871978075637e-01
-4.407752871978075637e-01
-4.407752871978075637e-01
-4.407752871978075637e-01
-4.407752871978075637e-01
-4.407752871978075637e-01
-4.407752871978075637e-01
-4.407752871978075637e-01
-4.407752871978075637e-01
-4.407752871978075637e-01
-4.407752871978075637e-01
-4.407752871978075637e-01
-4.407752871978075637e-01
-4.407752871978075637e-01
-4.407752871978075637e-01
-4.407752871978075637e-01
-4.407752871978075637e-01
-4.407752871978075637e-01
-4.407752871978075637e-01
-4.407752871978075637e-01
-4.407752871978075637e-01
-4.407752872081253659e-01
-4.407752872081253659e-01
-4.407752872237429842e-01
-4.407752872237429842e-01
-4.407752872237429842e-01
-4.407752872237429842e-01
-4.407752872237429842e-01
-4.407752872237429842e-01
-4.407752872237429842e-01
-4.407752872237429842e-01
-4.407752872237429842e-01
-4.407752872512746278e-01
-4.407752872512746278e-01
-4.407752872512746278e-01
-4.407752872512746278e-01
-4.407752872512746278e-01
-4.407752872512746278e-01
-4.407752872512746278e-01
-4.407752872512746278e-01
-4.407752872512746278e-01
-4.407752872512746278e-01
-4.407752872512746278e-01
-4.407752872512746278e-01
-4.407752872512746278e-01
-4.407752872512746278e-01
-4.407752872512746278e-01
-4.407752872512746278e-01
-4.407752872512746278e-01
-4.407752872512746278e-01
-4.407752872512746278e-01
-4.407752872512746278e-01
-4.407752872512746278e-01
-4.407752872512746278e-01
-4.407752872512746278e-01
-4.407752872512746278e-01
-4.407752872512746278e-01
-4.407752872512746278e-01
-4.407752872512746278e-01
-4.407752872512746278e-01
-4.407752872512746278e-01
-4.407752872512746278e-01
-4.407752872512746278e-01
-4.407752872753688544e-01
-4.407752872753688544e-01
-4.407752872753688544e-01
-4.407752872753688544e-01
-4.407752872753688544e-01
-4.407752872753688544e-01
-4.407752872753688544e-01
-4.407752872753688544e-01
-4.407752872753688544e-01
-4.407752872753688544e-01
-4.407752872815842160e-01
-4.407752872815842160e-01
-4.407752872815842160e-01
-4.407752872815842160e-01
-4.407752872815842160e-01
-4.407752872815842160e-01
-4.407752872815842160e-01
-4.407752872815842160e-01
-4.407752872815842160e-01
-4.407752872815842160e-01
-4.407752872815842160e-01
-4.407752872815842160e-01
-4.407752872815842160e-01
-4.407752872815842160e-01
-4.407752872815842160e-01
-4.407752872815842160e-01
-4.407752872815842160e-01
-4.407752872815842160e-01
