4.692519240153126248e+01
3.071748247359496276e+01
3.071748247359496276e+01
3.071748247359496276e+01
3.071748247359496276e+01
3.071748247359496276e+01
3.071748247359496276e+01
3.071748247359496276e+01
3.071748247359496276e+01
3.071748247359496276e+01
3.071748247359496276e+01
3.071748247359496276e+01
3.071748247359496276e+01
3.071748247359496276e+01
3.071748247359496276e+01
3.071748247359496276e+01
3.071748247359496276e+01
3.071748247359496276e+01
3.071748247359496276e+01
3.071748247359496276e+01
3.071748247359496276e+01
3.071748247359496276e+01
3.071748247359496276e+01
3.071748247359496276e+01
3.071748247359496276e+01
3.071748247359496276e+01
3.071748247359496276e+01
3.071748247359496276e+01
3.071748247359496276e+01
3.071748247359496276e+01
3.071748247359496276e+01
3.071748247359496276e+01
3.071748247359496276e+01
3.071748247359496276e+01
3.071748247359496276e+01
3.071748247359496276e+01
3.071748247359496276e+01
3.071748247359496276e+01
3.071748247359496276e+01
3.071748247359496276e+01
3.071748247359496276e+01
3.071748247359496276e+01
3.071748247359496276e+01
3.071748247359496276e+01
3.071748247359496276e+01
3.071748247359496276e+01
3.071748247359496276e+01
3.071748247359496276e+01
3.071748247359496276e+01
3.071748247359496276e+01
3.071748247359496276e+01
3.071748247359496276e+01
3.071748247359496276e+01
3.071748247359496276e+01
3.071748247359496276e+01
3.071748247359496276e+01
3.071748247359496276e+01
3.071748247359496276e+01
3.071748247359496276e+01
3.071748247359496276e+01
3.071748247359496276e+01
3.071748247359496276e+01
3.071748247359496276e+01
3.071748247359496276e+01
3.071748247359496276e+01
3.071748247359496276e+01
3.071748247359496276e+01
3.071748247359496276e+01
3.071748247359496276e+01
3.071748247359496276e+01
3.071748247359496276e+01
3.071748247359496276e+01
3.071748247359496276e+01
3.071748247359496276e+01
3.071748247359496276e+01
3.071748247359496276e+01
3.071748247359496276e+01
3.071748247359496276e+01
3.071748247359496276e+01
3.071748247359496276e+01
3.071748247359496276e+01
3.071748247359496276e+01
3.071748247359496276e+01
3.071748247359496276e+01
3.071748247359496276e+01
3.071748247359496276e+01
3.071748247359496276e+01
3.071748247359496276e+01
3.071748247359496276e+01
3.071748247359496276e+01
3.071748247359496276e+01
3.071748247359496276e+01
3.071748247359496276e+01
3.071748247359496276e+01
3.071748247359496276e+01
3.071748247359496276e+01
3.071748247359496276e+01
3.071748247359496276e+01
3.071748247359496276e+01
3.071748247359496276e+01
3.071748247359496276e+01
3.071748247359496276e+01
3.071748247359496276e+01
3.071748247359496276e+01
3.071748247359496276e+01
3.071748247359496276e+01
3.071748247359496276e+01
3.071748247359496276e+01
3.071748247359496276e+01
3.071748247359496276e+01
3.071748247359496276e+01
3.071748247359496276e+01
3.071748247359496276e+01
3.071748247359496276e+01
3.071748247359496276e+01
3.071748247359496276e+01
3.071748247359496276e+01
3.071748247359496276e+01
3.071748247359496276e+01
