1.370546112347840904e+02
1.366406176839187765e+02
1.366406176839187765e+02
1.366406176839187765e+02
1.366406176839187765e+02
1.366406176839187765e+02
1.366406176839187765e+02
1.366064077539039090e+02
1.366064077539039090e+02
1.366064077539039090e+02
1.366064077539039090e+02
1.366064077539039090e+02
1.366064077539039090e+02
1.366064077539039090e+02
1.366064077539039090e+02
1.366064077539039090e+02
1.366064077539039090e+02
1.366064077539039090e+02
1.366064077539039090e+02
1.366064077539039090e+02
1.366064077539039090e+02
1.366064077539039090e+02
1.366064077539039090e+02
1.366064077539039090e+02
1.366064077539039090e+02
1.366064077539039090e+02
1.366064077539039090e+02
1.366064077539039090e+02
1.366064077539039090e+02
1.366064077539039090e+02
1.366064077539039090e+02
1.366064077539039090e+02
1.366064077539039090e+02
1.366064077539039090e+02
1.366064077539039090e+02
1.366064077539039090e+02
1.366064077539039090e+02
1.366064077539039090e+02
1.366064077539039090e+02
1.366064077539039090e+02
1.366064077539039090e+02
1.366064077539039090e+02
1.366064077539039090e+02
1.366064077539039090e+02
1.366064077539039090e+02
1.366064077539039090e+02
1.366064077539039090e+02
1.366064077539039090e+02
1.366064077539039090e+02
1.366064077539039090e+02
1.366064077539039090e+02
1.366064077539039090e+02
1.366064077539039090e+02
1.366064077539039090e+02
1.366064077539039090e+02
1.366064077539039090e+02
1.366064077539039090e+02
1.366064077539039090e+02
1.366064077539039090e+02
1.366064077539039090e+02
1.366064077539039090e+02
1.366064077539039090e+02
1.366064077539039090e+02
1.366064077539039090e+02
1.366064077539039090e+02
1.366064077539039090e+02
1.366064077539039090e+02
1.366064077539039090e+02
1.366064077539039090e+02
1.366064077539039090e+02
1.366064077539039090e+02
1.366064077539039090e+02
1.366064077539039090e+02
1.366064077539039090e+02
1.366064077539039090e+02
1.366064077539039090e+02
1.366064077539039090e+02
1.366064077539039090e+02
1.366064077539039090e+02
1.366064077539039090e+02
1.366064077539039090e+02
1.366064077539039090e+02
1.366064077539039090e+02
1.366064077539039090e+02
1.366064077539039090e+02
1.366064077539039090e+02
1.366064077539039090e+02
1.366064077539039090e+02
1.366064077539039090e+02
1.366064077539039090e+02
1.366064077539039090e+02
1.366064077539039090e+02
1.366064077539039090e+02
1.366064077539039090e+02
1.366064077539039090e+02
1.366064077539039090e+02
1.366064077539039090e+02
1.366064077539039090e+02
1.366064077539039090e+02
1.366064077539039090e+02
1.366064077539039090e+02
1.366064077539039090e+02
1.366064077539039090e+02
1.366064077539039090e+02
1.366064077539039090e+02
1.366064077539039090e+02
1.366064077539039090e+02
1.366064077539039090e+02
1.366064077539039090e+02
1.366064077539039090e+02
1.366064077539039090e+02
1.366064077539039090e+02
1.366064077539039090e+02
1.366064077539039090e+02
1.366064077539039090e+02
1.366064077539039090e+02
1.366064077539039090e+02
1.366064077539039090e+02
1.366064077539039090e+02
