4.132677514294517351e+01
4.132677514294517351e+01
4.132677514294517351e+01
3.047603419018109605e+01
3.047603419018109605e+01
3.047603419018109605e+01
3.047603419018109605e+01
3.047603419018109605e+01
3.047603419018109605e+01
3.047603419018109605e+01
3.047603419018109605e+01
3.047603419018109605e+01
3.047603419018109605e+01
3.047603419018109605e+01
3.047603419018109605e+01
3.047603419018109605e+01
3.047603419018109605e+01
3.047603419018109605e+01
3.047603419018109605e+01
3.047603419018109605e+01
3.047603419018109605e+01
3.047603419018109605e+01
3.047603419018109605e+01
3.047603419018109605e+01
3.047603419018109605e+01
3.047603419018109605e+01
3.047603419018109605e+01
3.047603419018109605e+01
3.047603419018109605e+01
3.047603419018109605e+01
3.047603419018109605e+01
3.047603419018109605e+01
3.047603419018109605e+01
3.047603419018109605e+01
3.047603419018109605e+01
3.047603419018109605e+01
3.047603419018109605e+01
3.047603419018109605e+01
3.047603419018109605e+01
3.047603419018109605e+01
3.047603419018109605e+01
3.047603419018109605e+01
3.047603419018109605e+01
3.047603419018109605e+01
3.047603419018109605e+01
3.047603419018109605e+01
3.047603419018109605e+01
3.047603419018109605e+01
3.047603419018109605e+01
3.047603419018109605e+01
3.047603419018109605e+01
3.047603419018109605e+01
3.047603419018109605e+01
3.047603419018109605e+01
3.047603419018109605e+01
3.047603419018109605e+01
3.047603419018109605e+01
3.047603419018109605e+01
3.047603419018109605e+01
3.047603419018109605e+01
3.047603419018109605e+01
3.047603419018109605e+01
3.047603419018109605e+01
3.047603419018109605e+01
3.047603419018109605e+01
3.047603419018109605e+01
3.047603419018109605e+01
3.047603419018109605e+01
3.047603419018109605e+01
3.047603419018109605e+01
3.047603419018109605e+01
3.047603419018109605e+01
3.047603419018109605e+01
3.047603419018109605e+01
3.047603419018109605e+01
3.047603419018109605e+01
3.047603419018109605e+01
3.047603419018109605e+01
3.047603419018109605e+01
3.047603419018109605e+01
3.047603419018109605e+01
3.047603419018109605e+01
3.047603419018109605e+01
3.047603419018109605e+01
3.047603419018109605e+01
3.047603419018109605e+01
3.047603419018109605e+01
3.047603419018109605e+01
3.047603419018109605e+01
3.047603419018109605e+01
3.047603419018109605e+01
3.047603419018109605e+01
3.047603419018109605e+01
3.047603419018109605e+01
3.047603419018109605e+01
3.047603419018109605e+01
3.047603419018109605e+01
3.047603419018109605e+01
3.047603419018109605e+01
3.047603419018109605e+01
3.047603419018109605e+01
3.047603419018109605e+01
3.047603419018109605e+01
3.047603419018109605e+01
3.047603419018109605e+01
3.047603419018109605e+01
3.047603419018109605e+01
3.047603419018109605e+01
3.047603419018109605e+01
3.047603419018109605e+01
3.047603419018109605e+01
3.047603419018109605e+01
3.047603419018109605e+01
3.047603419018109605e+01
3.047603419018109605e+01
3.047603419018109605e+01
3.047603419018109605e+01
3.047603419018109605e+01
3.047603419018109605e+01
