6.285919298400149273e+03
6.285919298400149273e+03
6.285919298400149273e+03
6.285919298400149273e+03
6.285919298400149273e+03
6.285919298400149273e+03
6.285919298400149273e+03
6.285919298400149273e+03
6.285919298400149273e+03
6.285919298400149273e+03
6.285919298400149273e+03
6.285919298400149273e+03
6.285919298400149273e+03
6.285919298400149273e+03
6.285919298400149273e+03
6.285919298400149273e+03
6.285919298400149273e+03
6.285919298400149273e+03
6.285919298400149273e+03
6.285919298400149273e+03
6.285919298400149273e+03
6.285919298400149273e+03
6.285919298400149273e+03
6.285919298400149273e+03
6.285919298400149273e+03
6.285919298400149273e+03
6.285919298400149273e+03
6.285919298400149273e+03
6.285919298400149273e+03
6.285919298400149273e+03
6.285919298400149273e+03
6.285919298400149273e+03
6.285919298400149273e+03
