5.827395079714777239e+03
5.827395079714777239e+03
5.827395079714777239e+03
5.827395079714777239e+03
5.827395079714777239e+03
5.827395079714777239e+03
5.827395079714777239e+03
5.827395079714777239e+03
5.827395079714777239e+03
5.827395079714777239e+03
5.827395079714777239e+03
5.827395079714777239e+03
5.827395079714777239e+03
5.827395079714777239e+03
5.827395079714777239e+03
5.827395079714777239e+03
5.827395079714777239e+03
5.827395079714777239e+03
5.827395079714777239e+03
5.827395079714777239e+03
5.827395079714777239e+03
5.827395079714777239e+03
5.827395079714777239e+03
5.827395079714777239e+03
5.827395079714777239e+03
5.827395079714777239e+03
5.827395079714777239e+03
5.228307456640319288e+03
5.228307456640319288e+03
5.228307456640319288e+03
5.213787197779816779e+03
5.210512320808660661e+03
5.210512320808660661e+03
5.210512320808660661e+03
5.210512320808660661e+03
5.210512320808660661e+03
5.210512320808660661e+03
5.200035592357440692e+03
5.200035592357440692e+03
5.200035592357440692e+03
5.200035592357440692e+03
5.188625043338092837e+03
5.188625043338092837e+03
5.188625043338092837e+03
5.188625043338092837e+03
5.188625043338092837e+03
5.178292549224565846e+03
5.178292549224565846e+03
5.178292549224565846e+03
5.178292549224565846e+03
5.178292549224565846e+03
5.170922932831655999e+03
5.170922932831655999e+03
5.165245709161704326e+03
5.165245709161704326e+03
