8.880000000000000000e+03
8.880000000000000000e+03
6.771617081666667218e+03
6.771617081666667218e+03
6.771617081666667218e+03
6.771617081666667218e+03
6.771617081666667218e+03
6.771617081666667218e+03
6.771617081666667218e+03
6.771617081666667218e+03
6.771617081666667218e+03
6.771617081666667218e+03
6.771617081666667218e+03
6.771617081666667218e+03
6.771617081666667218e+03
6.771617081666667218e+03
6.771617081666667218e+03
6.771617081666667218e+03
6.771617081666667218e+03
6.771617081666667218e+03
6.771617081666667218e+03
6.771617081666667218e+03
6.771617081666667218e+03
6.771617081666667218e+03
6.771617081666667218e+03
6.771617081666667218e+03
6.771617081666667218e+03
6.771617081666667218e+03
6.771617081666667218e+03
6.771617081666667218e+03
6.771617081666667218e+03
6.771617081666667218e+03
6.771617081666667218e+03
6.771617081666667218e+03
6.771617081666667218e+03
6.771617081666667218e+03
6.771617081666667218e+03
6.771617081666667218e+03
6.771617081666667218e+03
6.771617081666667218e+03
6.771617081666667218e+03
6.771617081666667218e+03
6.771617081666667218e+03
6.771617081666667218e+03
6.771617081666667218e+03
6.771617081666667218e+03
6.771617081666667218e+03
6.771617081666667218e+03
6.771617081666667218e+03
6.771617081666667218e+03
6.771617081666667218e+03
6.771617081666667218e+03
6.771617081666667218e+03
6.771617081666667218e+03
6.771617081666667218e+03
6.771617081666667218e+03
6.771617081666667218e+03
6.654480472000000191e+03
6.654480472000000191e+03
6.654480472000000191e+03
6.149446904000000359e+03
