6.242510513666666156e+03
6.242510513666666156e+03
6.242510513666666156e+03
6.242510513666666156e+03
6.242510513666666156e+03
6.242510513666666156e+03
6.242510513666666156e+03
6.242510513666666156e+03
6.242510513666666156e+03
6.242510513666666156e+03
6.242510513666666156e+03
6.242510513666666156e+03
6.242510513666666156e+03
6.242510513666666156e+03
6.242510513666666156e+03
6.242510513666666156e+03
6.242510513666666156e+03
6.242510513666666156e+03
6.242510513666666156e+03
6.233259007999999994e+03
6.233259007999999994e+03
5.875821217000000615e+03
5.875821217000000615e+03
5.875821217000000615e+03
5.875821217000000615e+03
5.875821217000000615e+03
5.875821217000000615e+03
5.875821217000000615e+03
5.875821217000000615e+03
5.875821217000000615e+03
5.875821217000000615e+03
5.875821217000000615e+03
5.875821217000000615e+03
5.875821217000000615e+03
5.875821217000000615e+03
5.875821217000000615e+03
5.875821217000000615e+03
5.875821217000000615e+03
5.875821217000000615e+03
5.875821217000000615e+03
5.875821217000000615e+03
5.875821217000000615e+03
5.875821217000000615e+03
5.854077632000000449e+03
5.750258005333333131e+03
5.370015929666666125e+03
5.370015929666666125e+03
5.370015929666666125e+03
5.370015929666666125e+03
5.370015929666666125e+03
5.370015929666666125e+03
5.370015929666666125e+03
5.370015929666666125e+03
5.370015929666666125e+03
5.370015929666666125e+03
5.183669255333333240e+03
5.183669255333333240e+03
5.173639932666666937e+03
5.173639932666666937e+03
5.173639932666666937e+03
5.173639932666666937e+03
5.173639932666666937e+03
5.173639932666666937e+03
5.173639932666666937e+03
5.172665545666666731e+03
5.172665545666666731e+03
5.172665545666666731e+03
5.172299015999999938e+03
5.172299015999999938e+03
5.172299015999999938e+03
5.170913677333332998e+03
5.170913677333332998e+03
5.170913677333332998e+03
5.170913677333332998e+03
5.170913677333332998e+03
5.170913677333332998e+03
5.160523907666666673e+03
5.155069048333333740e+03
5.155069048333333740e+03
5.155069048333333740e+03
5.155069048333333740e+03
5.155069048333333740e+03
5.155069048333333740e+03
5.155069048333333740e+03
5.155069048333333740e+03
5.155069048333333740e+03
5.155069048333333740e+03
5.151408003000000463e+03
5.151408003000000463e+03
5.151408003000000463e+03
5.151408003000000463e+03
5.151408003000000463e+03
5.151408003000000463e+03
5.151408003000000463e+03
5.151408003000000463e+03
5.147664405333332979e+03
5.147664405333332979e+03
5.147664405333332979e+03
5.147664405333332979e+03
5.147664405333332979e+03
5.147664405333332979e+03
5.147664405333332979e+03
5.147664405333332979e+03
5.147664405333332979e+03
5.147664405333332979e+03
5.147664405333332979e+03
5.147664405333332979e+03
5.147664405333332979e+03
5.147664405333332979e+03
5.147664405333332979e+03
5.147664405333332979e+03
5.147664405333332979e+03
5.147664405333332979e+03
5.147664405333332979e+03
5.147664405333332979e+03
5.147427498666666907e+03
5.147427498666666907e+03
5.147427498666666907e+03
5.147427498666666907e+03
5.147427498666666907e+03
5.147361995000000206e+03
5.147361995000000206e+03
5.147361995000000206e+03
5.147361995000000206e+03
5.147361995000000206e+03
5.147210662999999840e+03
5.142257925666666779e+03
5.142257925666666779e+03
5.142257925666666779e+03
5.142257925666666779e+03
5.142257925666666779e+03
5.142257925666666779e+03
5.142257925666666779e+03
5.142257925666666779e+03
5.142257925666666779e+03
5.142257925666666779e+03
5.135532360666667046e+03
5.135532360666667046e+03
5.135532360666667046e+03
5.135532360666667046e+03
5.135532360666667046e+03
5.135532360666667046e+03
5.135532360666667046e+03
5.135532360666667046e+03
5.135532360666667046e+03
5.135532360666667046e+03
5.135532360666667046e+03
5.135532360666667046e+03
5.135532360666667046e+03
5.135532360666667046e+03
5.135532360666667046e+03
5.135532360666667046e+03
5.135532360666667046e+03
5.135532360666667046e+03
5.135532360666667046e+03
5.135532360666667046e+03
5.135532360666667046e+03
5.135532360666667046e+03
5.135244951999999103e+03
5.135244951999999103e+03
5.135244951999999103e+03
5.135244951999999103e+03
5.135244951999999103e+03
5.135244951999999103e+03
5.135244951999999103e+03
5.135244951999999103e+03
5.135244951999999103e+03
5.135244951999999103e+03
5.135244951999999103e+03
5.135244951999999103e+03
5.135244951999999103e+03
5.135244951999999103e+03
5.135244951999999103e+03
5.135244951999999103e+03
5.135244951999999103e+03
5.135244951999999103e+03
5.135244951999999103e+03
5.135244951999999103e+03
5.135244951999999103e+03
5.135244951999999103e+03
5.135244951999999103e+03
5.135244951999999103e+03
5.135244951999999103e+03
5.135244951999999103e+03
5.135244951999999103e+03
5.135244951999999103e+03
5.134681301333333067e+03
5.134681301333333067e+03
5.134681301333333067e+03
5.134681301333333067e+03
5.134681301333333067e+03
5.134681301333333067e+03
5.134681301333333067e+03
5.134681301333333067e+03
5.134681301333333067e+03
5.134681301333333067e+03
5.134681301333333067e+03
5.134681301333333067e+03
5.134681301333333067e+03
5.134681301333333067e+03
5.134681301333333067e+03
5.134681301333333067e+03
5.134681301333333067e+03
5.134681301333333067e+03
5.134681301333333067e+03
5.134681301333333067e+03
5.134681301333333067e+03
5.134681301333333067e+03
5.134681301333333067e+03
5.134681301333333067e+03
5.134681301333333067e+03
5.134681301333333067e+03
5.134681301333333067e+03
5.134681301333333067e+03
5.134681301333333067e+03
5.134681301333333067e+03
5.134681301333333067e+03
5.134681301333333067e+03
5.134681301333333067e+03
5.134681301333333067e+03
5.134681301333333067e+03
5.134150418666666155e+03
5.134150418666666155e+03
5.134150418666666155e+03
5.134150418666666155e+03
5.134150418666666155e+03
5.133897260333333179e+03
5.133897260333333179e+03
5.133897260333333179e+03
5.133897260333333179e+03
5.133897260333333179e+03
5.133897260333333179e+03
5.133652287999999317e+03
5.133652287999999317e+03
5.133186893333333501e+03
5.133186893333333501e+03
5.133186893333333501e+03
5.133186893333333501e+03
5.133186893333333501e+03
5.133186893333333501e+03
5.133186893333333501e+03
5.133186893333333501e+03
5.133053911333333417e+03
5.133053911333333417e+03
5.133053911333333417e+03
5.133053911333333417e+03
5.133053911333333417e+03
5.131211202666666395e+03
5.131211202666666395e+03
5.130851624999999331e+03
5.130851624999999331e+03
5.130851624999999331e+03
5.130851624999999331e+03
5.130851624999999331e+03
5.130851624999999331e+03
5.130851624999999331e+03
5.130851624999999331e+03
5.130851624999999331e+03
5.130851624999999331e+03
5.130851624999999331e+03
5.130851624999999331e+03
5.130851624999999331e+03
5.130569788666666682e+03
5.130569788666666682e+03
5.130569788666666682e+03
5.130569788666666682e+03
5.130569788666666682e+03
5.130569788666666682e+03
5.130569788666666682e+03
5.130569788666666682e+03
5.130569788666666682e+03
5.130569788666666682e+03
5.130569788666666682e+03
5.130569788666666682e+03
5.130569788666666682e+03
5.130569788666666682e+03
5.130569788666666682e+03
5.130569788666666682e+03
5.130569788666666682e+03
5.130569788666666682e+03
5.130569788666666682e+03
5.130569788666666682e+03
5.130569788666666682e+03
5.130569788666666682e+03
5.130569788666666682e+03
5.130569788666666682e+03
5.130569788666666682e+03
5.130569788666666682e+03
5.130569788666666682e+03
5.130569788666666682e+03
5.130569788666666682e+03
5.130569788666666682e+03
5.130569788666666682e+03
5.130569788666666682e+03
5.130569788666666682e+03
5.130569788666666682e+03
5.130569788666666682e+03
5.130569788666666682e+03
5.130569788666666682e+03
5.130569788666666682e+03
5.130569788666666682e+03
5.130569788666666682e+03
5.130569788666666682e+03
5.130569788666666682e+03
5.130569788666666682e+03
5.130569788666666682e+03
5.130569788666666682e+03
5.130569788666666682e+03
5.130569788666666682e+03
5.130569788666666682e+03
5.129283386999999493e+03
5.129283386999999493e+03
5.129283386999999493e+03
5.129283386999999493e+03
5.129283386999999493e+03
5.129283386999999493e+03
5.129283386999999493e+03
5.129283386999999493e+03
5.129283386999999493e+03
5.129283386999999493e+03
5.129283386999999493e+03
5.129283386999999493e+03
5.129283386999999493e+03
5.129283386999999493e+03
5.129283386999999493e+03
5.129283386999999493e+03
5.129283386999999493e+03
5.129283386999999493e+03
5.129283386999999493e+03
5.129283386999999493e+03
5.129283386999999493e+03
5.129283386999999493e+03
5.129283386999999493e+03
5.129283386999999493e+03
5.129283386999999493e+03
5.129283386999999493e+03
5.129283386999999493e+03
5.129283386999999493e+03
5.129283386999999493e+03
5.129283386999999493e+03
5.129283386999999493e+03
5.129283386999999493e+03
5.129283386999999493e+03
5.129283386999999493e+03
5.129283386999999493e+03
5.129283386999999493e+03
5.129283386999999493e+03
5.129283386999999493e+03
5.129283386999999493e+03
5.129283386999999493e+03
5.129283386999999493e+03
5.129283386999999493e+03
5.129283386999999493e+03
5.129283386999999493e+03
5.129283386999999493e+03
5.129283386999999493e+03
5.129283386999999493e+03
5.129283386999999493e+03
5.129283386999999493e+03
5.129283386999999493e+03
5.129283386999999493e+03
5.129283386999999493e+03
5.129283386999999493e+03
5.129283386999999493e+03
5.129283386999999493e+03
5.129283386999999493e+03
5.129283386999999493e+03
5.129283386999999493e+03
5.129283386999999493e+03
5.129283386999999493e+03
5.129283386999999493e+03
5.129283386999999493e+03
5.129283386999999493e+03
5.129283386999999493e+03
5.129283386999999493e+03
5.129283386999999493e+03
5.129283386999999493e+03
5.129283386999999493e+03
5.129283386999999493e+03
5.129283386999999493e+03
5.129283386999999493e+03
5.129283386999999493e+03
5.129283386999999493e+03
5.129283386999999493e+03
5.129283386999999493e+03
5.129283386999999493e+03
5.129283386999999493e+03
5.129050648666666348e+03
5.129050648666666348e+03
5.129050648666666348e+03
5.129050648666666348e+03
5.129050648666666348e+03
5.129050648666666348e+03
5.129050648666666348e+03
5.129050648666666348e+03
5.129050648666666348e+03
5.129050648666666348e+03
5.129050648666666348e+03
5.129050648666666348e+03
5.129050648666666348e+03
5.129050648666666348e+03
5.129050648666666348e+03
5.129050648666666348e+03
5.129050648666666348e+03
5.129050648666666348e+03
5.129050648666666348e+03
5.129050648666666348e+03
5.129050648666666348e+03
5.129050648666666348e+03
5.129050648666666348e+03
5.129050648666666348e+03
5.129050648666666348e+03
5.129050648666666348e+03
5.129050648666666348e+03
5.129050648666666348e+03
5.129050648666666348e+03
5.129050648666666348e+03
5.129050648666666348e+03
5.129050648666666348e+03
5.129050648666666348e+03
5.129050648666666348e+03
5.129050648666666348e+03
5.129050648666666348e+03
5.129050648666666348e+03
5.129050648666666348e+03
5.129050648666666348e+03
5.129050648666666348e+03
5.129050648666666348e+03
5.129050648666666348e+03
5.129050648666666348e+03
5.129050648666666348e+03
5.129050648666666348e+03
5.129050648666666348e+03
5.129050648666666348e+03
5.129050648666666348e+03
5.129050648666666348e+03
5.129050648666666348e+03
5.129050648666666348e+03
5.129050648666666348e+03
5.129050648666666348e+03
5.129050648666666348e+03
5.129050648666666348e+03
5.129050648666666348e+03
5.129050648666666348e+03
5.129050648666666348e+03
5.129050648666666348e+03
5.128609698000000208e+03
5.128609698000000208e+03
5.128609698000000208e+03
5.128609698000000208e+03
5.128609698000000208e+03
5.128609698000000208e+03
5.128609698000000208e+03
5.128609698000000208e+03
5.128609698000000208e+03
5.128201435333333393e+03
5.128201435333333393e+03
5.128201435333333393e+03
5.128201435333333393e+03
5.128201435333333393e+03
5.128201435333333393e+03
5.128201435333333393e+03
5.128201435333333393e+03
5.128201435333333393e+03
5.128201435333333393e+03
5.128201435333333393e+03
5.128201435333333393e+03
5.128201435333333393e+03
5.128201435333333393e+03
5.128201435333333393e+03
5.128201435333333393e+03
5.128201435333333393e+03
5.128201435333333393e+03
5.128201435333333393e+03
5.128201435333333393e+03
5.128201435333333393e+03
5.128201435333333393e+03
5.128201435333333393e+03
5.128201435333333393e+03
5.128201435333333393e+03
5.128201435333333393e+03
5.128201435333333393e+03
5.128201435333333393e+03
5.128201435333333393e+03
5.128201435333333393e+03
5.128201435333333393e+03
5.128201435333333393e+03
5.128201435333333393e+03
5.128201435333333393e+03
5.128201435333333393e+03
5.128201435333333393e+03
5.128201435333333393e+03
5.128201435333333393e+03
5.128201435333333393e+03
5.128201435333333393e+03
5.128201435333333393e+03
5.128201435333333393e+03
5.128201435333333393e+03
5.128201435333333393e+03
5.128201435333333393e+03
5.128201435333333393e+03
5.128201435333333393e+03
5.128201435333333393e+03
5.128201435333333393e+03
5.128201435333333393e+03
5.128201435333333393e+03
5.128201435333333393e+03
5.128201435333333393e+03
5.128201435333333393e+03
5.128201435333333393e+03
5.128201435333333393e+03
5.128201435333333393e+03
5.128201435333333393e+03
5.128201435333333393e+03
5.128201435333333393e+03
5.128201435333333393e+03
5.128201435333333393e+03
5.128201435333333393e+03
5.128201435333333393e+03
5.128201435333333393e+03
5.128201435333333393e+03
5.128201435333333393e+03
5.128201435333333393e+03
5.128201435333333393e+03
5.128201435333333393e+03
5.128201435333333393e+03
5.128201435333333393e+03
5.128201435333333393e+03
5.128201435333333393e+03
5.128201435333333393e+03
5.128201435333333393e+03
5.128201435333333393e+03
5.128201435333333393e+03
5.128201435333333393e+03
5.128201435333333393e+03
5.128201435333333393e+03
5.128201435333333393e+03
5.128201435333333393e+03
5.128009557000000314e+03
5.128009557000000314e+03
5.128009557000000314e+03
5.128009557000000314e+03
5.128009557000000314e+03
5.128009557000000314e+03
5.128009557000000314e+03
5.128009557000000314e+03
5.128009557000000314e+03
5.128009557000000314e+03
5.128009557000000314e+03
5.128009557000000314e+03
5.128009557000000314e+03
5.128009557000000314e+03
5.128009557000000314e+03
5.128009557000000314e+03
5.128009557000000314e+03
5.128009557000000314e+03
5.128009557000000314e+03
5.128009557000000314e+03
5.128009557000000314e+03
5.128009557000000314e+03
5.128009557000000314e+03
5.128009557000000314e+03
5.128009557000000314e+03
5.128009557000000314e+03
5.128009557000000314e+03
5.128009557000000314e+03
5.128009557000000314e+03
5.128009557000000314e+03
5.128009557000000314e+03
5.128009557000000314e+03
5.128009557000000314e+03
5.128009557000000314e+03
5.128009557000000314e+03
5.128009557000000314e+03
5.128009557000000314e+03
5.128009557000000314e+03
5.128009557000000314e+03
5.128009557000000314e+03
5.128009557000000314e+03
5.128009557000000314e+03
5.128009557000000314e+03
5.128009557000000314e+03
5.128009557000000314e+03
5.128009557000000314e+03
5.128009557000000314e+03
5.128009557000000314e+03
5.128009557000000314e+03
5.128009557000000314e+03
5.128009557000000314e+03
5.128009557000000314e+03
5.128009557000000314e+03
5.128009557000000314e+03
5.128009557000000314e+03
5.128009557000000314e+03
5.128009557000000314e+03
5.128009557000000314e+03
5.128009557000000314e+03
5.128009557000000314e+03
5.128009557000000314e+03
5.128009557000000314e+03
5.128009557000000314e+03
5.128009557000000314e+03
5.128009557000000314e+03
5.128009557000000314e+03
5.128009557000000314e+03
5.128009557000000314e+03
5.128009557000000314e+03
5.128009557000000314e+03
5.128009557000000314e+03
5.128009557000000314e+03
5.128009557000000314e+03
5.128009557000000314e+03
5.128009557000000314e+03
5.128009557000000314e+03
5.128009557000000314e+03
5.128009557000000314e+03
5.128009557000000314e+03
5.128009557000000314e+03
5.128009557000000314e+03
5.128009557000000314e+03
5.128009557000000314e+03
5.128009557000000314e+03
5.128009557000000314e+03
5.128009557000000314e+03
5.128009557000000314e+03
5.128009557000000314e+03
5.128009557000000314e+03
5.128009557000000314e+03
5.128009557000000314e+03
5.128009557000000314e+03
5.128009557000000314e+03
5.128009557000000314e+03
5.128009557000000314e+03
5.128009557000000314e+03
5.128009557000000314e+03
5.128009557000000314e+03
5.128009557000000314e+03
5.128009557000000314e+03
5.128009557000000314e+03
5.128009557000000314e+03
5.128009557000000314e+03
5.128009557000000314e+03
5.128009557000000314e+03
5.128009557000000314e+03
5.128009557000000314e+03
