8.880000000000000000e+03
8.845957371333333867e+03
8.263299750000000131e+03
8.263299750000000131e+03
8.095927083333333030e+03
8.095927083333333030e+03
7.826311662000000069e+03
7.826311662000000069e+03
7.826311662000000069e+03
7.826311662000000069e+03
7.826311662000000069e+03
7.826311662000000069e+03
7.826311662000000069e+03
7.826311662000000069e+03
7.826311662000000069e+03
7.826311662000000069e+03
7.826311662000000069e+03
7.826311662000000069e+03
6.435978672666666171e+03
6.435978672666666171e+03
6.435978672666666171e+03
6.435978672666666171e+03
6.435978672666666171e+03
6.435978672666666171e+03
6.435978672666666171e+03
6.435978672666666171e+03
6.435978672666666171e+03
6.435978672666666171e+03
6.435978672666666171e+03
6.435978672666666171e+03
6.435978672666666171e+03
6.435978672666666171e+03
6.435978672666666171e+03
6.435978672666666171e+03
6.435978672666666171e+03
6.435978672666666171e+03
6.435978672666666171e+03
6.435978672666666171e+03
6.435978672666666171e+03
6.435978672666666171e+03
6.435978672666666171e+03
6.435978672666666171e+03
6.435978672666666171e+03
6.177608519000000342e+03
6.177608519000000342e+03
6.177608519000000342e+03
6.177608519000000342e+03
6.177608519000000342e+03
6.177608519000000342e+03
6.177608519000000342e+03
6.177608519000000342e+03
6.177608519000000342e+03
6.177608519000000342e+03
6.177608519000000342e+03
6.177608519000000342e+03
6.177608519000000342e+03
6.177608519000000342e+03
6.177608519000000342e+03
6.177608519000000342e+03
6.177608519000000342e+03
5.857678633999999875e+03
5.857678633999999875e+03
5.857678633999999875e+03
5.857678633999999875e+03
5.857678633999999875e+03
5.857678633999999875e+03
5.857678633999999875e+03
5.857678633999999875e+03
5.857678633999999875e+03
5.857678633999999875e+03
5.857678633999999875e+03
5.857678633999999875e+03
5.857678633999999875e+03
5.857678633999999875e+03
5.857678633999999875e+03
5.857678633999999875e+03
5.857678633999999875e+03
5.857678633999999875e+03
5.857678633999999875e+03
5.857678633999999875e+03
5.857678633999999875e+03
5.857678633999999875e+03
5.857678633999999875e+03
5.857678633999999875e+03
5.857678633999999875e+03
5.857678633999999875e+03
5.857678633999999875e+03
5.857678633999999875e+03
5.857678633999999875e+03
5.857678633999999875e+03
5.857678633999999875e+03
5.857678633999999875e+03
5.857678633999999875e+03
5.857678633999999875e+03
5.857678633999999875e+03
5.857678633999999875e+03
5.857678633999999875e+03
5.857678633999999875e+03
5.857678633999999875e+03
5.857678633999999875e+03
5.857678633999999875e+03
5.857678633999999875e+03
5.857678633999999875e+03
5.857678633999999875e+03
5.857678633999999875e+03
5.857678633999999875e+03
5.857678633999999875e+03
5.857678633999999875e+03
5.857678633999999875e+03
5.857678633999999875e+03
5.857678633999999875e+03
5.857678633999999875e+03
5.857678633999999875e+03
5.857678633999999875e+03
5.857678633999999875e+03
5.857678633999999875e+03
5.857678633999999875e+03
5.857678633999999875e+03
5.857678633999999875e+03
5.857678633999999875e+03
5.857678633999999875e+03
5.857678633999999875e+03
5.857678633999999875e+03
5.857678633999999875e+03
5.857678633999999875e+03
5.857678633999999875e+03
5.857678633999999875e+03
5.857678633999999875e+03
5.857678633999999875e+03
5.857678633999999875e+03
5.857678633999999875e+03
5.832380867333333299e+03
5.832380867333333299e+03
5.832380867333333299e+03
5.720562281000000439e+03
5.720562281000000439e+03
5.720562281000000439e+03
5.720562281000000439e+03
5.720562281000000439e+03
5.720562281000000439e+03
5.720562281000000439e+03
5.720562281000000439e+03
5.720562281000000439e+03
5.720562281000000439e+03
5.720562281000000439e+03
5.720562281000000439e+03
5.720562281000000439e+03
5.720562281000000439e+03
5.720562281000000439e+03
5.720562281000000439e+03
5.720562281000000439e+03
5.720562281000000439e+03
5.720562281000000439e+03
5.720562281000000439e+03
5.720562281000000439e+03
5.720562281000000439e+03
5.720562281000000439e+03
5.720562281000000439e+03
5.720562281000000439e+03
5.701436227333333591e+03
5.701436227333333591e+03
5.701436227333333591e+03
5.701436227333333591e+03
5.701436227333333591e+03
5.701436227333333591e+03
5.701436227333333591e+03
5.701436227333333591e+03
5.701436227333333591e+03
5.701436227333333591e+03
5.701436227333333591e+03
5.701436227333333591e+03
5.701436227333333591e+03
5.701436227333333591e+03
5.701436227333333591e+03
5.701436227333333591e+03
5.701436227333333591e+03
5.701436227333333591e+03
5.701436227333333591e+03
5.701436227333333591e+03
5.701436227333333591e+03
5.701436227333333591e+03
5.701436227333333591e+03
5.701436227333333591e+03
5.701436227333333591e+03
5.701436227333333591e+03
5.701436227333333591e+03
5.701436227333333591e+03
5.701436227333333591e+03
5.701436227333333591e+03
5.701436227333333591e+03
5.701436227333333591e+03
5.701436227333333591e+03
5.701436227333333591e+03
5.701436227333333591e+03
5.701436227333333591e+03
5.701436227333333591e+03
5.701436227333333591e+03
5.701436227333333591e+03
5.701436227333333591e+03
5.701436227333333591e+03
5.701436227333333591e+03
5.701436227333333591e+03
5.701436227333333591e+03
5.701436227333333591e+03
5.701436227333333591e+03
5.701436227333333591e+03
5.701436227333333591e+03
5.701436227333333591e+03
5.701436227333333591e+03
5.701436227333333591e+03
5.701436227333333591e+03
5.701436227333333591e+03
5.701436227333333591e+03
5.701436227333333591e+03
5.701436227333333591e+03
5.701436227333333591e+03
5.701436227333333591e+03
5.701436227333333591e+03
5.701436227333333591e+03
5.701436227333333591e+03
5.701436227333333591e+03
5.701436227333333591e+03
5.661533389999999599e+03
5.661533389999999599e+03
5.661533389999999599e+03
5.661533389999999599e+03
5.620187282333333314e+03
5.620187282333333314e+03
5.620187282333333314e+03
5.620187282333333314e+03
5.563393791666666402e+03
5.563393791666666402e+03
5.563393791666666402e+03
5.563393791666666402e+03
5.563393791666666402e+03
5.563393791666666402e+03
5.563393791666666402e+03
5.563393791666666402e+03
5.563393791666666402e+03
5.563393791666666402e+03
5.548423181000000113e+03
5.548423181000000113e+03
5.548423181000000113e+03
5.548423181000000113e+03
5.469491353999999774e+03
5.469491353999999774e+03
5.469491353999999774e+03
5.469491353999999774e+03
5.469491353999999774e+03
5.469491353999999774e+03
5.469491353999999774e+03
5.469491353999999774e+03
5.469491353999999774e+03
5.469491353999999774e+03
5.469491353999999774e+03
5.469491353999999774e+03
5.469491353999999774e+03
5.469491353999999774e+03
5.469491353999999774e+03
5.469491353999999774e+03
5.469491353999999774e+03
5.469491353999999774e+03
5.469491353999999774e+03
5.469491353999999774e+03
5.469491353999999774e+03
5.469491353999999774e+03
5.469491353999999774e+03
5.423445285333333231e+03
5.423445285333333231e+03
5.423445285333333231e+03
5.423445285333333231e+03
5.423445285333333231e+03
5.423445285333333231e+03
5.423445285333333231e+03
5.407264967999999499e+03
5.407264967999999499e+03
5.407264967999999499e+03
5.326631776666667065e+03
5.326631776666667065e+03
5.326631776666667065e+03
5.326631776666667065e+03
5.326631776666667065e+03
5.326631776666667065e+03
5.326631776666667065e+03
5.326631776666667065e+03
5.326631776666667065e+03
5.293749799333333613e+03
5.293749799333333613e+03
5.293749799333333613e+03
5.293749799333333613e+03
5.293749799333333613e+03
5.293749799333333613e+03
5.293749799333333613e+03
5.293749799333333613e+03
5.293749799333333613e+03
5.293749799333333613e+03
5.293749799333333613e+03
5.293749799333333613e+03
5.293749799333333613e+03
5.293749799333333613e+03
5.293749799333333613e+03
5.293749799333333613e+03
5.293749799333333613e+03
5.293749799333333613e+03
5.293749799333333613e+03
5.293749799333333613e+03
5.293749799333333613e+03
5.293749799333333613e+03
5.293749799333333613e+03
5.293749799333333613e+03
5.293749799333333613e+03
5.293749799333333613e+03
5.289840793666667196e+03
5.289840793666667196e+03
5.289840793666667196e+03
5.283777829666666548e+03
5.283777829666666548e+03
5.283777829666666548e+03
5.283777829666666548e+03
5.283777829666666548e+03
5.283777829666666548e+03
5.283777829666666548e+03
5.283777829666666548e+03
5.283777829666666548e+03
5.283777829666666548e+03
5.283777829666666548e+03
5.283777829666666548e+03
5.283777829666666548e+03
5.283777829666666548e+03
5.283777829666666548e+03
5.283777829666666548e+03
5.283777829666666548e+03
5.283777829666666548e+03
5.283777829666666548e+03
5.283777829666666548e+03
5.283777829666666548e+03
5.244195555666666223e+03
5.244195555666666223e+03
5.244195555666666223e+03
5.244195555666666223e+03
5.244195555666666223e+03
5.244195555666666223e+03
5.244195555666666223e+03
5.244195555666666223e+03
5.244195555666666223e+03
5.244195555666666223e+03
5.244195555666666223e+03
5.244195555666666223e+03
5.244195555666666223e+03
5.244195555666666223e+03
5.244195555666666223e+03
5.244195555666666223e+03
5.244195555666666223e+03
5.244195555666666223e+03
5.244195555666666223e+03
5.244195555666666223e+03
5.244195555666666223e+03
5.244195555666666223e+03
5.244195555666666223e+03
5.218510827666666955e+03
5.205247205333333113e+03
5.205247205333333113e+03
5.205247205333333113e+03
5.205247205333333113e+03
5.205247205333333113e+03
5.205247205333333113e+03
5.205247205333333113e+03
5.205247205333333113e+03
5.205247205333333113e+03
5.205247205333333113e+03
5.205247205333333113e+03
5.205247205333333113e+03
5.205247205333333113e+03
5.205247205333333113e+03
5.205247205333333113e+03
5.205247205333333113e+03
5.205247205333333113e+03
5.205247205333333113e+03
5.205247205333333113e+03
5.205247205333333113e+03
5.205247205333333113e+03
5.205247205333333113e+03
5.205247205333333113e+03
5.205247205333333113e+03
5.205247205333333113e+03
5.205247205333333113e+03
5.205247205333333113e+03
5.205247205333333113e+03
5.205247205333333113e+03
5.205247205333333113e+03
5.205247205333333113e+03
5.205247205333333113e+03
5.205247205333333113e+03
5.205247205333333113e+03
5.205247205333333113e+03
5.205247205333333113e+03
5.205247205333333113e+03
5.205247205333333113e+03
5.205247205333333113e+03
5.205247205333333113e+03
5.205247205333333113e+03
5.205247205333333113e+03
5.205247205333333113e+03
5.205247205333333113e+03
5.202493440000000192e+03
5.202493440000000192e+03
5.202493440000000192e+03
5.202493440000000192e+03
5.202493440000000192e+03
5.194011121999999887e+03
5.194011121999999887e+03
5.194011121999999887e+03
5.194011121999999887e+03
5.194011121999999887e+03
5.194011121999999887e+03
5.194011121999999887e+03
5.194011121999999887e+03
5.194011121999999887e+03
5.194011121999999887e+03
5.194011121999999887e+03
5.194011121999999887e+03
5.194011121999999887e+03
5.194011121999999887e+03
5.194011121999999887e+03
5.194011121999999887e+03
5.192728781333332336e+03
5.192728781333332336e+03
5.192728781333332336e+03
5.192728781333332336e+03
5.192728781333332336e+03
5.192728781333332336e+03
5.192728781333332336e+03
5.192728781333332336e+03
5.192728781333332336e+03
5.192728781333332336e+03
5.192728781333332336e+03
5.192728781333332336e+03
5.192728781333332336e+03
5.192728781333332336e+03
5.192728781333332336e+03
5.192728781333332336e+03
5.192728781333332336e+03
5.192728781333332336e+03
5.192728781333332336e+03
5.192728781333332336e+03
5.192728781333332336e+03
5.192728781333332336e+03
5.192728781333332336e+03
5.192728781333332336e+03
5.192728781333332336e+03
5.192728781333332336e+03
5.192728781333332336e+03
5.192728781333332336e+03
5.192728781333332336e+03
5.181922824000000219e+03
5.181922824000000219e+03
5.181922824000000219e+03
5.181922824000000219e+03
5.181922824000000219e+03
5.181922824000000219e+03
5.176419791666667152e+03
5.176419791666667152e+03
5.172332991999999649e+03
5.172332991999999649e+03
5.172332991999999649e+03
5.172332991999999649e+03
5.172332991999999649e+03
5.172332991999999649e+03
5.172332991999999649e+03
5.169792806000000382e+03
5.169792806000000382e+03
5.169792806000000382e+03
5.169792806000000382e+03
5.169792806000000382e+03
5.169792806000000382e+03
5.169792806000000382e+03
5.169058346666666694e+03
5.169058346666666694e+03
5.169058346666666694e+03
5.169058346666666694e+03
5.166318396333333112e+03
5.166318396333333112e+03
5.166318396333333112e+03
5.164642287666666562e+03
5.164642287666666562e+03
5.164642287666666562e+03
5.164642287666666562e+03
5.164642287666666562e+03
5.164642287666666562e+03
5.164642287666666562e+03
5.157128888000000188e+03
5.157128888000000188e+03
5.157128888000000188e+03
5.156624676999999792e+03
5.153826133999999911e+03
5.153826133999999911e+03
5.153826133999999911e+03
5.153826133999999911e+03
5.153826133999999911e+03
5.153826133999999911e+03
5.153826133999999911e+03
5.153826133999999911e+03
5.153826133999999911e+03
5.148101334333334307e+03
5.148101334333334307e+03
5.148101334333334307e+03
5.148101334333334307e+03
5.146585661333333519e+03
5.146585661333333519e+03
5.146585661333333519e+03
5.146585661333333519e+03
5.143145676999999523e+03
5.138274279333332743e+03
5.138274279333332743e+03
5.138274279333332743e+03
5.138274279333332743e+03
5.138274279333332743e+03
5.138274279333332743e+03
5.138274279333332743e+03
5.138274279333332743e+03
5.138274279333332743e+03
5.138274279333332743e+03
5.138274279333332743e+03
5.138274279333332743e+03
5.138274279333332743e+03
5.138274279333332743e+03
5.138274279333332743e+03
5.138274279333332743e+03
5.138274279333332743e+03
5.138274279333332743e+03
5.138274279333332743e+03
5.136797543666666570e+03
5.136797543666666570e+03
5.136797543666666570e+03
5.136797543666666570e+03
5.136797543666666570e+03
5.136797543666666570e+03
5.136797543666666570e+03
5.136797543666666570e+03
5.134188850999998976e+03
5.134188850999998976e+03
5.134188850999998976e+03
5.134188850999998976e+03
5.134188850999998976e+03
5.134188850999998976e+03
5.134188850999998976e+03
5.134188850999998976e+03
5.133415499666666619e+03
5.133415499666666619e+03
5.133415499666666619e+03
5.133415499666666619e+03
5.133415499666666619e+03
5.133415499666666619e+03
5.133415499666666619e+03
5.133415499666666619e+03
5.133415499666666619e+03
5.133415499666666619e+03
5.133415499666666619e+03
5.133415499666666619e+03
5.133415499666666619e+03
5.133415499666666619e+03
5.133415499666666619e+03
5.133415499666666619e+03
5.133415499666666619e+03
5.133415499666666619e+03
5.133415499666666619e+03
5.133415499666666619e+03
5.133415499666666619e+03
5.133415499666666619e+03
5.133415499666666619e+03
5.133415499666666619e+03
5.133415499666666619e+03
5.133415499666666619e+03
5.133415499666666619e+03
5.133415499666666619e+03
5.133415499666666619e+03
5.133415499666666619e+03
5.133415499666666619e+03
5.133415499666666619e+03
5.133415499666666619e+03
5.133415499666666619e+03
5.133415499666666619e+03
5.133415499666666619e+03
5.133415499666666619e+03
5.133415499666666619e+03
5.133053911333333417e+03
5.133053911333333417e+03
5.133053911333333417e+03
5.133053911333333417e+03
5.133053911333333417e+03
5.133053911333333417e+03
5.133053911333333417e+03
5.133053911333333417e+03
5.133053911333333417e+03
5.133053911333333417e+03
5.133053911333333417e+03
5.133053911333333417e+03
5.133053911333333417e+03
5.133053911333333417e+03
5.133053911333333417e+03
5.133053911333333417e+03
5.133053911333333417e+03
5.133053911333333417e+03
5.133053911333333417e+03
5.133053911333333417e+03
5.133053911333333417e+03
5.133053911333333417e+03
5.133053911333333417e+03
5.133053911333333417e+03
5.133053911333333417e+03
5.133053911333333417e+03
5.133053911333333417e+03
5.133053911333333417e+03
5.133053911333333417e+03
5.133053911333333417e+03
5.133053911333333417e+03
5.133053911333333417e+03
5.133053911333333417e+03
5.133053911333333417e+03
5.133053911333333417e+03
5.133053911333333417e+03
5.133053911333333417e+03
5.133053911333333417e+03
5.133053911333333417e+03
5.133053911333333417e+03
5.133053911333333417e+03
5.133053911333333417e+03
5.133053911333333417e+03
5.133053911333333417e+03
5.133053911333333417e+03
5.133053911333333417e+03
5.133053911333333417e+03
5.133053911333333417e+03
5.133053911333333417e+03
5.133053911333333417e+03
5.133053911333333417e+03
5.133053911333333417e+03
5.133053911333333417e+03
5.133053911333333417e+03
5.133053911333333417e+03
5.132020869333333394e+03
5.132020869333333394e+03
5.132020869333333394e+03
5.131746282000000065e+03
5.131746282000000065e+03
5.131746282000000065e+03
5.130818688333333739e+03
5.130818688333333739e+03
5.130818688333333739e+03
5.130818688333333739e+03
5.130818688333333739e+03
5.130818688333333739e+03
5.130818688333333739e+03
5.130818688333333739e+03
5.130818688333333739e+03
5.130818688333333739e+03
5.130818688333333739e+03
5.130818688333333739e+03
5.129690397333333749e+03
5.129690397333333749e+03
5.129690397333333749e+03
5.129690397333333749e+03
5.129690397333333749e+03
5.129690397333333749e+03
5.129690397333333749e+03
5.129690397333333749e+03
5.129690397333333749e+03
5.129690397333333749e+03
5.129690397333333749e+03
5.129690397333333749e+03
5.129690397333333749e+03
5.129690397333333749e+03
5.129690397333333749e+03
5.129690397333333749e+03
5.129690397333333749e+03
5.129690397333333749e+03
5.129690397333333749e+03
5.129690397333333749e+03
5.129690397333333749e+03
5.129690397333333749e+03
5.129690397333333749e+03
5.128635942333333332e+03
5.128635942333333332e+03
5.128635942333333332e+03
5.128635942333333332e+03
5.128635942333333332e+03
5.128635942333333332e+03
5.128635942333333332e+03
5.128635942333333332e+03
5.128635942333333332e+03
5.128635942333333332e+03
5.128635942333333332e+03
5.128635942333333332e+03
5.128635942333333332e+03
5.128635942333333332e+03
5.128635942333333332e+03
5.128635942333333332e+03
5.128635942333333332e+03
5.128635942333333332e+03
5.128635942333333332e+03
5.128635942333333332e+03
5.128635942333333332e+03
5.128635942333333332e+03
5.128635942333333332e+03
5.128635942333333332e+03
5.128635942333333332e+03
5.128635942333333332e+03
5.128635942333333332e+03
5.128635942333333332e+03
5.128635942333333332e+03
5.128635942333333332e+03
5.128635942333333332e+03
5.128635942333333332e+03
5.128635942333333332e+03
5.128635942333333332e+03
5.128635942333333332e+03
5.128635942333333332e+03
5.128609698000000208e+03
5.128609698000000208e+03
5.128609698000000208e+03
5.128609698000000208e+03
5.128609698000000208e+03
5.128609698000000208e+03
5.128609698000000208e+03
5.128609698000000208e+03
5.128609698000000208e+03
5.128609698000000208e+03
5.128609698000000208e+03
5.128609698000000208e+03
5.128609698000000208e+03
5.128609698000000208e+03
5.128609698000000208e+03
5.128609698000000208e+03
5.127344764999999825e+03
5.127344764999999825e+03
5.127344764999999825e+03
5.127344764999999825e+03
5.127344764999999825e+03
5.127344764999999825e+03
5.127344764999999825e+03
5.127344764999999825e+03
5.127344764999999825e+03
5.127344764999999825e+03
5.127344764999999825e+03
5.127344764999999825e+03
5.127344764999999825e+03
5.127344764999999825e+03
5.127344764999999825e+03
5.127344764999999825e+03
5.127344764999999825e+03
5.127344764999999825e+03
5.127344764999999825e+03
5.127344764999999825e+03
5.127344764999999825e+03
5.127344764999999825e+03
5.127344764999999825e+03
5.127344764999999825e+03
5.127344764999999825e+03
5.127344764999999825e+03
5.127344764999999825e+03
5.127344764999999825e+03
5.127344764999999825e+03
5.127344764999999825e+03
5.127344764999999825e+03
5.127344764999999825e+03
5.127344764999999825e+03
5.127344764999999825e+03
5.127344764999999825e+03
5.127344764999999825e+03
5.127344764999999825e+03
5.127344764999999825e+03
5.127344764999999825e+03
5.127344764999999825e+03
5.127344764999999825e+03
5.127344764999999825e+03
5.127344764999999825e+03
5.127344764999999825e+03
5.127344764999999825e+03
5.127344764999999825e+03
5.127344764999999825e+03
5.127344764999999825e+03
5.127344764999999825e+03
5.127344764999999825e+03
5.127344764999999825e+03
5.127344764999999825e+03
5.127344764999999825e+03
5.127344764999999825e+03
5.127344764999999825e+03
5.127344764999999825e+03
5.127344764999999825e+03
5.127344764999999825e+03
5.127344764999999825e+03
5.127344764999999825e+03
5.127344764999999825e+03
5.127344764999999825e+03
5.127344764999999825e+03
5.127344764999999825e+03
5.127344764999999825e+03
5.127344764999999825e+03
5.127344764999999825e+03
5.127344764999999825e+03
5.127344764999999825e+03
5.127344764999999825e+03
5.127344764999999825e+03
5.127344764999999825e+03
5.127344764999999825e+03
5.127344764999999825e+03
5.127344764999999825e+03
5.127344764999999825e+03
5.127344764999999825e+03
5.127344764999999825e+03
5.127344764999999825e+03
5.127344764999999825e+03
5.127344764999999825e+03
5.127344764999999825e+03
5.127344764999999825e+03
5.127344764999999825e+03
5.127344764999999825e+03
5.127344764999999825e+03
5.127344764999999825e+03
5.127344764999999825e+03
5.127344764999999825e+03
5.127344764999999825e+03
5.127344764999999825e+03
5.127344764999999825e+03
5.127344764999999825e+03
5.127344764999999825e+03
5.127344764999999825e+03
5.127344764999999825e+03
5.127344764999999825e+03
5.127344764999999825e+03
5.127344764999999825e+03
5.127344764999999825e+03
5.127344764999999825e+03
5.127344764999999825e+03
5.127344764999999825e+03
5.127344764999999825e+03
5.127344764999999825e+03
5.127344764999999825e+03
5.127344764999999825e+03
5.127344764999999825e+03
5.127344764999999825e+03
5.127344764999999825e+03
5.127344764999999825e+03
5.127344764999999825e+03
5.127344764999999825e+03
5.127344764999999825e+03
5.127344764999999825e+03
5.127344764999999825e+03
5.127344764999999825e+03
5.127344764999999825e+03
5.127344764999999825e+03
5.127344764999999825e+03
5.127344764999999825e+03
5.127344764999999825e+03
5.127344764999999825e+03
5.127344764999999825e+03
5.127344764999999825e+03
5.127344764999999825e+03
5.127344764999999825e+03
5.127344764999999825e+03
5.127344764999999825e+03
5.127344764999999825e+03
5.127344764999999825e+03
5.127344764999999825e+03
5.127344764999999825e+03
5.127344764999999825e+03
5.127344764999999825e+03
5.127344764999999825e+03
5.127344764999999825e+03
5.127344764999999825e+03
5.127344764999999825e+03
5.127344764999999825e+03
5.127344764999999825e+03
5.127344764999999825e+03
5.127344764999999825e+03
5.127344764999999825e+03
5.127344764999999825e+03
5.127344764999999825e+03
5.127344764999999825e+03
5.127344764999999825e+03
5.127344764999999825e+03
5.127344764999999825e+03
5.127344764999999825e+03
5.127344764999999825e+03
5.127344764999999825e+03
5.127344764999999825e+03
5.127344764999999825e+03
5.127344764999999825e+03
5.127344764999999825e+03
5.127344764999999825e+03
5.127344764999999825e+03
5.127344764999999825e+03
5.127344764999999825e+03
5.127344764999999825e+03
5.127344764999999825e+03
5.127344764999999825e+03
5.127344764999999825e+03
5.127344764999999825e+03
5.127344764999999825e+03
5.127344764999999825e+03
5.127344764999999825e+03
5.127344764999999825e+03
5.127344764999999825e+03
5.127344764999999825e+03
5.127344764999999825e+03
5.127344764999999825e+03
5.127344764999999825e+03
5.127344764999999825e+03
5.127344764999999825e+03
5.127344764999999825e+03
5.127344764999999825e+03
5.127344764999999825e+03
5.127344764999999825e+03
5.127344764999999825e+03
5.127344764999999825e+03
5.127344764999999825e+03
5.127344764999999825e+03
5.127344764999999825e+03
5.127344764999999825e+03
5.127344764999999825e+03
5.127344764999999825e+03
5.127344764999999825e+03
5.127344764999999825e+03
5.127344764999999825e+03
5.127344764999999825e+03
5.127344764999999825e+03
5.127344764999999825e+03
5.127344764999999825e+03
5.127344764999999825e+03
5.127344764999999825e+03
5.127344764999999825e+03
5.127344764999999825e+03
5.127344764999999825e+03
5.127344764999999825e+03
5.127344764999999825e+03
5.127344764999999825e+03
5.127344764999999825e+03
5.127344764999999825e+03
5.127344764999999825e+03
5.127344764999999825e+03
5.127344764999999825e+03
5.127344764999999825e+03
5.127344764999999825e+03
5.127344764999999825e+03
5.127344764999999825e+03
5.127344764999999825e+03
5.127344764999999825e+03
5.127344764999999825e+03
5.127344764999999825e+03
5.127344764999999825e+03
5.127344764999999825e+03
5.127344764999999825e+03
5.127344764999999825e+03
5.127344764999999825e+03
5.127344764999999825e+03
5.127344764999999825e+03
5.127344764999999825e+03
5.127344764999999825e+03
5.127344764999999825e+03
5.127344764999999825e+03
5.127344764999999825e+03
5.127344764999999825e+03
5.127344764999999825e+03
5.127344764999999825e+03
5.127344764999999825e+03
5.127344764999999825e+03
5.127344764999999825e+03
5.127344764999999825e+03
5.127344764999999825e+03
5.127344764999999825e+03
5.127344764999999825e+03
5.127344764999999825e+03
5.127344764999999825e+03
5.127344764999999825e+03
5.127344764999999825e+03
5.127344764999999825e+03
5.127344764999999825e+03
5.127344764999999825e+03
5.127344764999999825e+03
5.127344764999999825e+03
5.127344764999999825e+03
5.127344764999999825e+03
5.127344764999999825e+03
5.127344764999999825e+03
5.127344764999999825e+03
5.127344764999999825e+03
5.127344764999999825e+03
5.127344764999999825e+03
5.127344764999999825e+03
5.127344764999999825e+03
5.127344764999999825e+03
5.127344764999999825e+03
5.127344764999999825e+03
5.127344764999999825e+03
5.127344764999999825e+03
5.127344764999999825e+03
5.127344764999999825e+03
5.127344764999999825e+03
5.127344764999999825e+03
5.127344764999999825e+03
5.127344764999999825e+03
5.127344764999999825e+03
5.127344764999999825e+03
5.127344764999999825e+03
5.127344764999999825e+03
5.127344764999999825e+03
5.127344764999999825e+03
5.127344764999999825e+03
5.127344764999999825e+03
5.127344764999999825e+03
5.127344764999999825e+03
5.127344764999999825e+03
5.127344764999999825e+03
5.127344764999999825e+03
5.127344764999999825e+03
5.127344764999999825e+03
5.127344764999999825e+03
5.127344764999999825e+03
5.127344764999999825e+03
5.127344764999999825e+03
5.127344764999999825e+03
5.127344764999999825e+03
5.127344764999999825e+03
5.127344764999999825e+03
5.127344764999999825e+03
5.127344764999999825e+03
5.127344764999999825e+03
5.127344764999999825e+03
5.127344764999999825e+03
5.127344764999999825e+03
5.127344764999999825e+03
5.127344764999999825e+03
5.127344764999999825e+03
5.127344764999999825e+03
5.127344764999999825e+03
5.127344764999999825e+03
5.127344764999999825e+03
5.127344764999999825e+03
5.127344764999999825e+03
5.127344764999999825e+03
5.127344764999999825e+03
5.127344764999999825e+03
5.127344764999999825e+03
5.127344764999999825e+03
5.127344764999999825e+03
5.127344764999999825e+03
5.127344764999999825e+03
5.127344764999999825e+03
5.127344764999999825e+03
5.127344764999999825e+03
5.127344764999999825e+03
5.127344764999999825e+03
5.127344764999999825e+03
5.127344764999999825e+03
5.127344764999999825e+03
5.127344764999999825e+03
5.127344764999999825e+03
5.127344764999999825e+03
5.127344764999999825e+03
5.127344764999999825e+03
5.127344764999999825e+03
5.127344764999999825e+03
5.127344764999999825e+03
5.127344764999999825e+03
5.127344764999999825e+03
5.127344764999999825e+03
5.127344764999999825e+03
5.127344764999999825e+03
5.127344764999999825e+03
5.127344764999999825e+03
5.127344764999999825e+03
5.127344764999999825e+03
5.127344764999999825e+03
5.127344764999999825e+03
5.127344764999999825e+03
5.127344764999999825e+03
5.127344764999999825e+03
5.127344764999999825e+03
5.127344764999999825e+03
5.127344764999999825e+03
5.127344764999999825e+03
5.127344764999999825e+03
5.127344764999999825e+03
5.127344764999999825e+03
5.127344764999999825e+03
5.127344764999999825e+03
5.127344764999999825e+03
5.127344764999999825e+03
5.127344764999999825e+03
5.127344764999999825e+03
5.127344764999999825e+03
5.127344764999999825e+03
5.127344764999999825e+03
5.127344764999999825e+03
5.127344764999999825e+03
5.127344764999999825e+03
5.127344764999999825e+03
