7.208237621000000217e+03
7.208237621000000217e+03
7.107330466999999771e+03
7.107330466999999771e+03
7.107330466999999771e+03
7.107330466999999771e+03
6.543338496000000305e+03
6.543338496000000305e+03
6.543338496000000305e+03
6.543338496000000305e+03
6.543338496000000305e+03
6.543338496000000305e+03
6.543338496000000305e+03
6.543338496000000305e+03
6.424793088000000353e+03
6.424793088000000353e+03
6.424793088000000353e+03
6.337684823999999935e+03
6.337684823999999935e+03
6.337684823999999935e+03
6.337684823999999935e+03
6.337684823999999935e+03
6.337684823999999935e+03
6.337684823999999935e+03
6.337684823999999935e+03
5.977153535999999804e+03
5.977153535999999804e+03
5.977153535999999804e+03
5.977153535999999804e+03
5.977153535999999804e+03
5.977153535999999804e+03
5.977153535999999804e+03
5.977153535999999804e+03
5.977153535999999804e+03
5.977153535999999804e+03
5.977153535999999804e+03
5.977153535999999804e+03
5.977153535999999804e+03
5.884546875000000000e+03
5.884546875000000000e+03
5.426900916666666490e+03
5.426900916666666490e+03
5.426900916666666490e+03
5.426900916666666490e+03
5.426900916666666490e+03
5.426900916666666490e+03
5.426900916666666490e+03
5.391010376000000178e+03
5.391010376000000178e+03
5.391010376000000178e+03
5.391010376000000178e+03
5.391010376000000178e+03
5.391010376000000178e+03
5.391010376000000178e+03
5.391010376000000178e+03
5.371189250666666339e+03
5.371189250666666339e+03
5.371189250666666339e+03
5.340304836999999679e+03
5.340304836999999679e+03
5.340304836999999679e+03
5.340304836999999679e+03
5.340304836999999679e+03
5.340304836999999679e+03
5.340304836999999679e+03
5.340304836999999679e+03
5.340304836999999679e+03
5.340304836999999679e+03
5.340304836999999679e+03
5.340304836999999679e+03
5.340304836999999679e+03
5.340304836999999679e+03
5.340304836999999679e+03
5.340304836999999679e+03
5.340304836999999679e+03
5.340304836999999679e+03
5.340304836999999679e+03
5.340304836999999679e+03
5.340304836999999679e+03
5.340304836999999679e+03
5.340304836999999679e+03
5.340304836999999679e+03
5.340304836999999679e+03
5.340304836999999679e+03
5.340304836999999679e+03
5.340304836999999679e+03
5.340304836999999679e+03
5.340304836999999679e+03
