8.880000000000000000e+03
7.322503681000000142e+03
6.852221375999999509e+03
6.385890304000000469e+03
6.385890304000000469e+03
6.385890304000000469e+03
6.385890304000000469e+03
6.385890304000000469e+03
6.385890304000000469e+03
6.385890304000000469e+03
6.385890304000000469e+03
6.385890304000000469e+03
6.385890304000000469e+03
6.385890304000000469e+03
6.385890304000000469e+03
6.385890304000000469e+03
5.738374721000000136e+03
5.738374721000000136e+03
5.738374721000000136e+03
5.738374721000000136e+03
5.738374721000000136e+03
5.738374721000000136e+03
5.738374721000000136e+03
5.700435967999999775e+03
5.700435967999999775e+03
5.700435967999999775e+03
5.700435967999999775e+03
5.700435967999999775e+03
5.700435967999999775e+03
5.700435967999999775e+03
5.700435967999999775e+03
5.700435967999999775e+03
5.700435967999999775e+03
5.700435967999999775e+03
5.700435967999999775e+03
5.700435967999999775e+03
