2.618888316236028801e-02
2.618888316236028801e-02
2.618888316236028801e-02
2.618888316236028801e-02
2.618888316236028801e-02
2.618888316236028801e-02
2.618888316236028801e-02
2.618888316236028801e-02
2.618888316236028801e-02
2.618888316236028801e-02
2.618888316236028801e-02
2.618888316236028801e-02
2.618888316236028801e-02
2.618888316236028801e-02
2.076529397508883323e-02
2.076529397508883323e-02
2.076529397508883323e-02
2.076529397508883323e-02
2.076529397508883323e-02
2.076529397508883323e-02
2.076529397508883323e-02
2.076529397508883323e-02
9.907646266183614200e-03
9.907646266183614200e-03
9.907646266183614200e-03
1.030347951043622361e-03
2.741610431447912130e-04
2.741610431447912130e-04
2.741610431447912130e-04
2.741610431447912130e-04
2.525733978497794025e-04
2.525733978497794025e-04
2.525733978497794025e-04
2.525733978497794025e-04
2.525733978497794025e-04
2.511349591181181225e-04
2.511349591181181225e-04
2.511349591181181225e-04
2.511349591181181225e-04
2.511349591181181225e-04
2.511349591181181225e-04
2.511349591181181225e-04
2.511349591181181225e-04
2.511349591181181225e-04
2.511349591181181225e-04
2.511349591181181225e-04
2.511349591181181225e-04
2.493793020260976390e-04
2.493793020260976390e-04
2.493793020260976390e-04
2.493793020260976390e-04
2.493793020260976390e-04
2.493793020260976390e-04
2.493793020260976390e-04
2.493793020260976390e-04
2.493793020260976390e-04
2.493793020260976390e-04
2.493793020260976390e-04
2.493793020260976390e-04
2.493793020260976390e-04
2.493793020260976390e-04
2.493793020260976390e-04
2.493793020260976390e-04
2.493793020260976390e-04
2.493793020260976390e-04
2.493793020260976390e-04
2.493793020260976390e-04
2.493793020260976390e-04
2.493793020260976390e-04
2.493793020260976390e-04
2.493793020260976390e-04
2.493793020260976390e-04
2.493793020260976390e-04
2.493793020260976390e-04
2.438356308654971295e-04
2.371525107032181002e-04
2.371525107032181002e-04
2.371525107032181002e-04
2.371525107032181002e-04
2.371525107032181002e-04
2.351029781535178998e-04
2.351029781535178998e-04
2.351029781535178998e-04
2.351029781535178998e-04
2.351029781535178998e-04
2.351029781535178998e-04
2.351029781535178998e-04
2.351029781535178998e-04
2.351029781535178998e-04
2.351029781535178998e-04
2.351029781535178998e-04
2.351029781535178998e-04
2.351029781535178998e-04
2.351029781535178998e-04
2.351029781535178998e-04
2.351029781535178998e-04
2.351029781535178998e-04
2.351029781535178998e-04
2.351029781535178998e-04
2.351029781535178998e-04
2.351029781535178998e-04
2.351029781535178998e-04
2.351029781535178998e-04
2.351029781535178998e-04
2.351029781535178998e-04
2.351029781535178998e-04
2.351029781535178998e-04
2.351029781535178998e-04
2.351029781535178998e-04
2.351029781535178998e-04
2.351029781535178998e-04
2.351029781535178998e-04
2.351029781535178998e-04
2.351029781535178998e-04
2.351029781535178998e-04
2.351029781535178998e-04
2.351029781535178998e-04
2.351029781535178998e-04
2.351029781535178998e-04
2.351029781535178998e-04
2.351029781535178998e-04
2.351029781535178998e-04
2.351029781535178998e-04
2.351029781535178998e-04
2.351029781535178998e-04
2.351029781535178998e-04
2.351029781535178998e-04
2.351029781535178998e-04
2.351029781535178998e-04
2.351029781535178998e-04
2.351029781535178998e-04
2.351029781535178998e-04
