-1.168663542371238540e-01
-1.168663542371238540e-01
-1.168663542371238540e-01
-1.168663542371238540e-01
-1.168663542371238540e-01
-1.168663542371238540e-01
-1.168663542371238540e-01
-1.168663542371238540e-01
-1.168663542371238540e-01
-1.168663542371238540e-01
-1.168663542371238540e-01
-1.168663542371238540e-01
-1.168663542371238540e-01
-1.168663542371238540e-01
-1.168663542371238540e-01
-1.168663542371238540e-01
-1.168663542371238540e-01
-1.168663542371238540e-01
-1.168663542371238540e-01
-1.168663542371238540e-01
-1.168663542371238540e-01
-1.168663542371238540e-01
-1.168663542371238540e-01
-1.168663542371238540e-01
-1.168663542371238540e-01
-1.168663542371238540e-01
-1.168663542371238540e-01
-1.168663542371238540e-01
-1.420821287080500372e-01
-1.420821287080500372e-01
-1.420821287080500372e-01
-1.667486068171352143e-01
-1.667486068171352143e-01
-1.668419626812255585e-01
-1.668419626812255585e-01
-1.668419626812255585e-01
-1.668419626812255585e-01
-1.668419626812255585e-01
-1.668419626812255585e-01
-1.905027605418773973e-01
-1.905027605418773973e-01
-1.905027605418773973e-01
-1.914944891471906663e-01
-1.918233011163748281e-01
-1.918233011163748281e-01
-1.918233011163748281e-01
-1.918233011163748281e-01
-1.918233011163748281e-01
-1.918233011163748281e-01
-1.918233011163748281e-01
-1.918233011163748281e-01
-1.918233011163748281e-01
-1.918233011163748281e-01
-1.918233011163748281e-01
-1.918233011163748281e-01
-1.918233011163748281e-01
-1.918233011163748281e-01
-1.918233011163748281e-01
-1.918233011163748281e-01
-1.918233011163748281e-01
-1.918233011163748281e-01
-1.918233011163748281e-01
-1.918233011163748281e-01
-1.918233011163748281e-01
-1.918233011163748281e-01
-1.918233011163748281e-01
-1.918233011163748281e-01
-1.918233011163748281e-01
-1.918233011163748281e-01
-1.918233011163748281e-01
-1.918233011163748281e-01
-1.918233011163748281e-01
-1.918233011163748281e-01
-1.918233011163748281e-01
-1.918233011163748281e-01
-1.918233011163748281e-01
-1.918233011163748281e-01
-1.918233011163748281e-01
-1.918233011163748281e-01
-1.918233011163748281e-01
-1.918233011163748281e-01
-1.918233011163748281e-01
-1.918233011163748281e-01
-1.918233011163748281e-01
-1.918233011163748281e-01
-1.918233011163748281e-01
-1.918233011163748281e-01
-1.918233011163748281e-01
-1.918233011163748281e-01
-1.918233011163748281e-01
-1.918233011163748281e-01
-1.918233011163748281e-01
-1.918233011163748281e-01
-1.918233011163748281e-01
-1.918233011163748281e-01
-1.918233011163748281e-01
-1.918233011163748281e-01
-1.918233011163748281e-01
-1.918233011163748281e-01
-1.918233011163748281e-01
-1.918233011163748281e-01
-1.918233011163748281e-01
-1.918233011163748281e-01
-1.918233011163748281e-01
-1.918233011163748281e-01
-1.918233011163748281e-01
-1.918233011163748281e-01
-1.918233011163748281e-01
-1.918233011163748281e-01
-1.918233011163748281e-01
-1.918233011163748281e-01
-1.918233011163748281e-01
-1.918233011163748281e-01
-1.918233011163748281e-01
-1.918233011163748281e-01
-1.918233011163748281e-01
-1.918233011163748281e-01
-1.918233011163748281e-01
-1.918233011163748281e-01
-1.918233011163748281e-01
-1.918233011163748281e-01
-1.918233011163748281e-01
-1.918233011163748281e-01
-1.918233011163748281e-01
-1.918233011163748281e-01
-1.918233011163748281e-01
-1.918233011163748281e-01
-1.918684121223760419e-01
-1.918689864265705758e-01
-1.918689864265705758e-01
-1.918689864265705758e-01
-1.918689864265705758e-01
-1.918689864265705758e-01
-1.918689864265705758e-01
-1.918689864265705758e-01
-1.918689864265705758e-01
-1.918689864265705758e-01
-1.918689864265705758e-01
-1.918689864265705758e-01
-1.918689864265705758e-01
-1.918689864265705758e-01
-1.918689864265705758e-01
-1.918689864265705758e-01
-1.918689864265705758e-01
