-1.644924093012747057e-01
-1.644924093012747057e-01
-1.644924093012747057e-01
-1.644924093012747057e-01
-1.644924093012747057e-01
-1.644924093012747057e-01
-1.644924093012747057e-01
-1.644924093012747057e-01
-1.644924093012747057e-01
-1.644924093012747057e-01
-1.644924093012747057e-01
-1.644924093012747057e-01
-1.644924093012747057e-01
-1.644924093012747057e-01
-1.644924093012747057e-01
-1.644924093012747057e-01
-1.644924093012747057e-01
-1.644924093012747057e-01
-1.644924093012747057e-01
-1.644924093012747057e-01
-1.644924093012747057e-01
-1.644924093012747057e-01
-1.644924093012747057e-01
-1.644924093012747057e-01
-1.644924093012747057e-01
-1.644924093012747057e-01
-1.644924093012747057e-01
-1.644924093012747057e-01
-1.644924093012747057e-01
-1.644924093012747057e-01
-1.644924093012747057e-01
-1.644924093012747057e-01
-1.644924093012747057e-01
-1.644924093012747057e-01
-1.644924093012747057e-01
-1.644924093012747057e-01
-1.644924093012747057e-01
-1.644924093012747057e-01
-1.644924093012747057e-01
-1.644924093012747057e-01
-1.644924093012747057e-01
-1.644924093012747057e-01
-1.644924093012747057e-01
-1.644924093012747057e-01
-1.644924093012747057e-01
-1.644924093012747057e-01
-1.644924093012747057e-01
-1.644924093012747057e-01
-1.644924093012747057e-01
-1.644924093012747057e-01
-1.644924093012747057e-01
-1.644924093012747057e-01
-1.644924093012747057e-01
-1.644924093012747057e-01
-1.644924093012747057e-01
-1.644924093012747057e-01
-1.644924093012747057e-01
-1.644924093012747057e-01
-1.644924093012747057e-01
-1.644924093012747057e-01
-1.644924093012747057e-01
-1.644924093012747057e-01
-1.644924093012747057e-01
-1.644924093012747057e-01
-1.644924093012747057e-01
-1.644924093012747057e-01
-1.644924093012747057e-01
-1.644924093012747057e-01
-1.644924093012747057e-01
-1.644924093012747057e-01
-1.644924093012747057e-01
-1.644924093012747057e-01
-1.644924093012747057e-01
-1.644924093012747057e-01
-1.644924093012747057e-01
-1.644924093012747057e-01
-1.644924093012747057e-01
-1.644924093012747057e-01
-1.644924093012747057e-01
-1.644924093012747057e-01
-1.644924093012747057e-01
-1.644924093012747057e-01
-1.644924093012747057e-01
-1.644924093012747057e-01
-1.644924093012747057e-01
-1.644924093012747057e-01
-1.644924093012747057e-01
-1.644924093012747057e-01
-1.644924093012747057e-01
-1.644924093012747057e-01
-1.644924093012747057e-01
-1.644924093012747057e-01
-1.644924093012747057e-01
-1.644924093012747057e-01
-1.644924093012747057e-01
-1.644924093012747057e-01
-1.644924093012747057e-01
-1.644924093012747057e-01
-1.644924093012747057e-01
-1.644924093012747057e-01
-1.644924093012747057e-01
-1.644924093012747057e-01
-1.644924093012747057e-01
-1.644924093012747057e-01
-1.644924093012747057e-01
-1.644924093012747057e-01
-1.644924093012747057e-01
-1.644924093012747057e-01
-1.644924093012747057e-01
-1.644924093012747057e-01
-1.644924093012747057e-01
-1.644924093012747057e-01
-1.644924093012747057e-01
-1.644924093012747057e-01
-1.644924093012747057e-01
-1.644924093012747057e-01
-1.644924093012747057e-01
-1.644924093012747057e-01
-1.644924093012747057e-01
-1.644924093012747057e-01
-1.644924093012747057e-01
-1.707876571905074803e-01
-1.707876571905074803e-01
-1.707876571905074803e-01
-1.707876571905074803e-01
-1.707876571905074803e-01
-1.707876571905074803e-01
-1.707876571905074803e-01
-1.707876571905074803e-01
-1.707876571905074803e-01
-1.707876571905074803e-01
-1.707876571905074803e-01
-1.707876571905074803e-01
-1.707876571905074803e-01
-1.707876571905074803e-01
-1.707876571905074803e-01
-1.707876571905074803e-01
-1.707876571905074803e-01
-1.707876571905074803e-01
-1.707876571905074803e-01
-1.707876571905074803e-01
-1.707876571905074803e-01
-1.707876571905074803e-01
-1.707876571905074803e-01
