-1.138192381163622008e-01
-1.138192381163622008e-01
-1.138192381163622008e-01
-1.138192381163622008e-01
-1.138192381163622008e-01
-1.138192381163622008e-01
-1.138192381163622008e-01
-1.138192381163622008e-01
-1.138192381163622008e-01
-1.138192381163622008e-01
-1.138192381163622008e-01
-1.138192381163622008e-01
-1.138192381163622008e-01
-1.138192381163622008e-01
-1.138192381163622008e-01
-1.138192381163622008e-01
-1.138192381163622008e-01
-1.138192381163622008e-01
-1.138192381163622008e-01
-1.138192381163622008e-01
-1.138192381163622008e-01
-1.138192381163622008e-01
-1.138192381163622008e-01
-1.138192381163622008e-01
-1.138192381163622008e-01
-1.138192381163622008e-01
-1.138192381163622008e-01
-1.138192381163622008e-01
-1.138192381163622008e-01
-1.138192381163622008e-01
-1.138192381163622008e-01
-1.328585802063975974e-01
-1.328585802063975974e-01
-1.328585802063975974e-01
-1.328585802063975974e-01
-1.328585802063975974e-01
-1.328585802063975974e-01
-1.328585802063975974e-01
-1.392653757345208854e-01
-1.433428539891692388e-01
-1.433428539891692388e-01
-1.468738916807783845e-01
-1.493462185746468052e-01
-1.517569878349412094e-01
-1.517569878349412094e-01
-1.517569878349412094e-01
-1.603358123964545301e-01
-1.620721935229379185e-01
-1.693637539500817413e-01
-1.693637539500817413e-01
-1.693637539500817413e-01
-1.693637539500817413e-01
-1.842351229180151928e-01
-1.842351229180151928e-01
-1.904232199772996625e-01
-1.904232199772996625e-01
-1.904232199772996625e-01
-1.919214163087459291e-01
-1.919214163087459291e-01
-1.932952008681185774e-01
-1.932952008681185774e-01
-1.932952008681185774e-01
-1.934644211169218586e-01
-1.934713403633977757e-01
-1.934713403633977757e-01
-1.934713403633977757e-01
-1.934713403633977757e-01
-1.934713403633977757e-01
-1.934713403633977757e-01
-1.934713403633977757e-01
-1.934713403633977757e-01
-1.934713403633977757e-01
-1.934713403633977757e-01
-1.934713403633977757e-01
-1.934713403633977757e-01
-1.934713403633977757e-01
-1.934713403633977757e-01
-1.934788254279676267e-01
-1.934788254279676267e-01
-1.934788254279676267e-01
-1.934788254279676267e-01
-1.934788254279676267e-01
-1.934792781637640624e-01
-1.934796294288695928e-01
-1.934796939911020974e-01
-1.934796939911020974e-01
-1.934796939911020974e-01
-1.934802413674899801e-01
-1.934802849537560487e-01
-1.934802892223288218e-01
-1.934802892223288218e-01
-1.934802892223288218e-01
-1.934802892223288218e-01
-1.934802892223288218e-01
-1.934802892223288218e-01
-1.934802892223288218e-01
-1.934802892223288218e-01
-1.934802892223288218e-01
-1.934802892223288218e-01
-1.934802892223288218e-01
-1.934802892223288218e-01
-1.934802892223288218e-01
-1.934802892223288218e-01
-1.934802892223288218e-01
-1.934802892223288218e-01
-1.934802892223288218e-01
-1.934802892223288218e-01
-1.934802892223288218e-01
-1.934802892223288218e-01
-1.934802892223288218e-01
-1.934802892223288218e-01
-1.934802892223288218e-01
-1.934802892223288218e-01
-1.934802892223288218e-01
-1.934802892223288218e-01
-1.934802892223288218e-01
-1.934802892223288218e-01
-1.934802892223288218e-01
-1.934802892223288218e-01
-1.934802892223288218e-01
-1.934802892223288218e-01
-1.934802892223288218e-01
-1.934802892223288218e-01
-1.934802892223288218e-01
-1.934802892223288218e-01
-1.934802892223288218e-01
-1.934802892223288218e-01
-1.934854541891537216e-01
-1.934859670438775769e-01
-1.934860561506207000e-01
-1.934860561506207000e-01
-1.934860561506207000e-01
-1.934860561506207000e-01
-1.934860561506207000e-01
-1.934860561506207000e-01
-1.934860561506207000e-01
-1.934860561506207000e-01
-1.934860561506207000e-01
-1.934860561506207000e-01
-1.934860561506207000e-01
-1.934860561506207000e-01
-1.934860561506207000e-01
-1.934860561506207000e-01
-1.934860561506207000e-01
