3.880584551935910287e-02
3.650219278798086386e-02
3.650219278798086386e-02
3.650219278798086386e-02
3.650219278798086386e-02
3.650219278798086386e-02
3.001896701144142129e-02
3.001896701144142129e-02
3.001896701144142129e-02
3.001896701144142129e-02
3.001896701144142129e-02
3.001896701144142129e-02
3.001896701144142129e-02
3.001896701144142129e-02
3.001896701144142129e-02
3.001896701144142129e-02
3.001896701144142129e-02
2.708764838532832023e-02
2.708764838532832023e-02
2.690938394007147058e-02
2.667843344910419967e-02
2.659037429494603977e-02
2.658468048840832015e-02
2.658468048840832015e-02
2.658468048840832015e-02
2.094031613954424470e-02
2.094031613954424470e-02
1.545445408275541999e-02
1.545445408275541999e-02
1.534046235670482802e-02
1.534046235670482802e-02
1.515764666645602089e-02
1.515764666645602089e-02
1.515764666645602089e-02
1.515122104826319323e-02
1.514612729036629753e-02
1.514524559976476205e-02
1.514524559976476205e-02
1.514524559976476205e-02
1.514524559976476205e-02
1.514524559976476205e-02
1.514524559976476205e-02
1.514524559976476205e-02
1.514524559976476205e-02
1.514524559976476205e-02
1.514524559976476205e-02
1.514524559976476205e-02
1.514524559976476205e-02
1.514524559976476205e-02
1.514524559976476205e-02
1.514524559976476205e-02
1.514524559976476205e-02
1.514524559976476205e-02
1.514524559976476205e-02
1.514524559976476205e-02
1.514524559976476205e-02
1.514524559976476205e-02
1.514524559976476205e-02
1.514524559976476205e-02
1.514524559976476205e-02
1.514524559976476205e-02
1.514524559976476205e-02
1.514524559976476205e-02
1.514524559976476205e-02
1.514524559976476205e-02
1.514524559976476205e-02
1.514524559976476205e-02
1.514524559976476205e-02
1.514524559976476205e-02
1.514524559976476205e-02
1.514524559976476205e-02
1.514524559976476205e-02
1.514524559976476205e-02
1.514524559976476205e-02
1.514524559976476205e-02
1.514524559976476205e-02
1.514524559976476205e-02
1.514524559976476205e-02
1.514524559976476205e-02
1.514524559976476205e-02
1.514524559976476205e-02
1.514524559976476205e-02
1.514524559976476205e-02
1.514524559976476205e-02
1.514524559976476205e-02
1.514524559976476205e-02
1.514524559976476205e-02
1.514524559976476205e-02
1.514524559976476205e-02
1.514524559976476205e-02
1.514524559976476205e-02
1.514524559976476205e-02
1.514524559976476205e-02
1.514524559976476205e-02
1.514524559976476205e-02
1.514524559976476205e-02
1.514524559976476205e-02
1.514524559976476205e-02
1.514524559976476205e-02
1.514524559976476205e-02
1.514524559976476205e-02
1.514524559976476205e-02
1.514524559976476205e-02
1.514524559976476205e-02
1.514524559976476205e-02
1.514524559976476205e-02
1.514524559976476205e-02
1.514524559976476205e-02
1.514524559976476205e-02
1.514524559976476205e-02
1.514524559976476205e-02
1.514524559976476205e-02
1.514524559976476205e-02
1.514524559976476205e-02
1.514524559976476205e-02
1.514524559976476205e-02
1.514524559976476205e-02
1.514524559976476205e-02
1.514524559976476205e-02
1.514524559976476205e-02
1.514524559976476205e-02
1.514524559976476205e-02
1.514524559976476205e-02
1.514524559976476205e-02
1.514524559976476205e-02
1.514524559976476205e-02
1.514524559976476205e-02
1.514524559976476205e-02
1.514524559976476205e-02
1.514524559976476205e-02
1.514524559976476205e-02
1.514524559976476205e-02
